130
GU362426_Gymnodinium_catenatum                                     0.0000000 0.0453926 0.0657781 0.0704591 0.0687537 0.0772220 0.0753631 0.0692751 0.0735456 0.0648207 0.0678364 0.0685359 0.0719391 0.0710576 0.0693558 0.0684428 0.0684428 0.0662253 0.0667502 0.0660957 0.0659239 0.0660236 0.0684896 0.0667431 0.0667728 0.0675621 0.0659275 0.0659770 0.0650724 0.0667001 0.0650201 0.0650201 0.0659010 0.0658972 0.0658443 0.0658443 0.0652824 0.0734354 0.0673540 0.0671591 0.0663187 0.0663187 0.0658106 0.0664753 0.0664679 0.0654981 0.0655469 0.0663975 0.0663975 0.0672930 0.0629428 0.0627826 0.0677396 0.0635402 0.0661223 0.0644292 0.0741737 0.0767509 0.0740720 0.0694811 0.0694137 0.0749386 0.0731596 0.0766216 0.0759710 0.0748794 0.0741273 0.0730375 0.0733158 0.0768038 0.0740760 0.0738234 0.0714445 0.0696733 0.0695977 0.0696997 0.0696997 0.0723415 0.0706623 0.0704401 0.0695949 0.0707594 0.0680074 0.0705434 0.0707318 0.0635285 0.0697086 0.0695940 0.0665134 0.0688138 0.0679176 0.0656424 0.0669708 0.0679465 0.0603506 0.0595402 0.0595402 0.0669625 0.0678696 0.0662743 0.0690105 0.0663448 0.0679150 0.0661998 0.0679004 0.0679050 0.0678385 0.0671327 0.0663600 0.0654225 0.0670840 0.0611976 0.0661875 0.0661299 0.0663648 0.0644528 0.0637029 0.0662543 0.0619303 0.0653399 0.0652935 0.0662418 0.0652812 0.0639908 0.0645176 0.0627811 0.0627811 0.0632146 0.0636131 0.0636131 
EF492511                                                           0.0453926 0.0000000 0.0450297 0.0637696 0.0621089 0.0676209 0.0649983 0.0632450 0.0632574 0.0614034 0.0618224 0.0625662 0.0616941 0.0608457 0.0592029 0.0583309 0.0583309 0.0602483 0.0607858 0.0601325 0.0599799 0.0600681 0.0625251 0.0608282 0.0608545 0.0599499 0.0600309 0.0600748 0.0591998 0.0591153 0.0591064 0.0591064 0.0598903 0.0583331 0.0582871 0.0582871 0.0575837 0.0664779 0.0605807 0.0604101 0.0579787 0.0579787 0.0573119 0.0578775 0.0613865 0.0587934 0.0604937 0.0596617 0.0596617 0.0604500 0.0531213 0.0520634 0.0537090 0.0513076 0.0521485 0.0503691 0.0680296 0.0705372 0.0679383 0.0619281 0.0627216 0.0654954 0.0654170 0.0687714 0.0681194 0.0670845 0.0654797 0.0653116 0.0655531 0.0689308 0.0662999 0.0660794 0.0653879 0.0637781 0.0637104 0.0646527 0.0646527 0.0646192 0.0646209 0.0627960 0.0635998 0.0631050 0.0620675 0.0628862 0.0622247 0.0585903 0.0620746 0.0611562 0.0589945 0.0612112 0.0619662 0.0581125 0.0577927 0.0603718 0.0530076 0.0522188 0.0522188 0.0594322 0.0603057 0.0587486 0.0613820 0.0588089 0.0603448 0.0586833 0.0603318 0.0603361 0.0594630 0.0587544 0.0588222 0.0579224 0.0587219 0.0553302 0.0586733 0.0586233 0.0588261 0.0569958 0.0578645 0.0587302 0.0545712 0.0578515 0.0562066 0.0570050 0.0578013 0.0565077 0.0570520 0.0553737 0.0553737 0.0557473 0.0561816 0.0561816 
JF791031                                                           0.0657781 0.0450297 0.0000000 0.0417459 0.0401471 0.0403619 0.0387373 0.0379137 0.0371059 0.0354163 0.0347957 0.0356136 0.0355512 0.0347761 0.0332062 0.0323955 0.0323955 0.0332683 0.0338973 0.0332049 0.0331233 0.0331697 0.0355913 0.0339919 0.0340057 0.0331746 0.0332199 0.0332431 0.0324314 0.0323848 0.0323806 0.0323806 0.0328038 0.0316238 0.0315990 0.0315990 0.0313436 0.0441933 0.0402056 0.0400956 0.0393039 0.0393039 0.0391978 0.0378838 0.0393305 0.0385241 0.0384957 0.0376992 0.0376992 0.0381921 0.0321879 0.0336646 0.0375025 0.0336148 0.0359683 0.0340479 0.0448843 0.0472932 0.0448248 0.0407280 0.0430799 0.0440230 0.0448946 0.0471933 0.0465099 0.0455761 0.0456284 0.0454985 0.0456615 0.0473155 0.0463948 0.0455185 0.0448415 0.0408665 0.0408245 0.0417026 0.0417026 0.0392059 0.0424043 0.0407932 0.0399773 0.0401768 0.0416067 0.0408261 0.0393525 0.0384059 0.0400402 0.0376242 0.0362165 0.0391835 0.0383871 0.0377433 0.0375648 0.0392294 0.0328960 0.0321285 0.0321285 0.0375594 0.0383809 0.0360813 0.0393299 0.0368917 0.0368430 0.0368142 0.0383961 0.0383994 0.0360298 0.0368577 0.0369001 0.0376220 0.0360634 0.0368331 0.0352462 0.0336674 0.0369018 0.0352120 0.0368111 0.0368426 0.0336955 0.0360203 0.0359956 0.0356618 0.0359907 0.0346264 0.0352462 0.0336513 0.0336513 0.0338745 0.0328832 0.0328832 
AY160124.1_Symbiodinium_sp._G15                                    0.0704591 0.0637696 0.0417459 0.0000000 0.0014078 0.0396571 0.0388009 0.0356774 0.0371979 0.0332430 0.0342294 0.0334242 0.0356980 0.0349089 0.0333664 0.0325696 0.0325696 0.0327271 0.0333479 0.0326657 0.0310587 0.0326316 0.0334039 0.0318412 0.0318538 0.0325710 0.0310854 0.0311066 0.0303145 0.0317962 0.0302679 0.0302679 0.0306558 0.0310492 0.0310253 0.0310253 0.0299821 0.0402216 0.0363398 0.0362430 0.0354722 0.0354722 0.0345161 0.0348469 0.0354954 0.0347120 0.0346870 0.0339123 0.0339123 0.0343460 0.0308863 0.0338670 0.0361085 0.0315378 0.0346023 0.0327028 0.0433832 0.0457479 0.0433267 0.0408369 0.0439229 0.0456800 0.0449706 0.0464569 0.0457829 0.0448664 0.0433284 0.0455873 0.0457482 0.0456726 0.0456715 0.0439673 0.0432996 0.0401795 0.0401389 0.0401377 0.0401377 0.0417440 0.0409710 0.0408763 0.0377641 0.0402702 0.0401285 0.0393626 0.0394590 0.0331494 0.0385915 0.0385322 0.0356094 0.0385706 0.0385269 0.0355728 0.0354042 0.0377970 0.0308333 0.0315951 0.0315951 0.0361623 0.0369668 0.0354692 0.0378921 0.0370374 0.0369894 0.0354298 0.0369812 0.0369843 0.0361853 0.0354709 0.0362766 0.0346914 0.0362222 0.0354537 0.0354250 0.0338708 0.0355126 0.0338595 0.0354270 0.0354566 0.0331391 0.0346515 0.0346281 0.0351067 0.0346235 0.0332778 0.0338918 0.0323285 0.0323285 0.0317651 0.0315745 0.0315745 
HE653239_Symbiodinium_voratum                                      0.0687537 0.0621089 0.0401471 0.0014078 0.0000000 0.0380847 0.0372347 0.0341233 0.0356395 0.0317032 0.0326762 0.0318756 0.0341430 0.0333573 0.0318204 0.0310278 0.0310278 0.0311775 0.0318029 0.0311191 0.0295213 0.0310867 0.0318562 0.0303003 0.0303123 0.0310292 0.0295467 0.0295668 0.0287789 0.0302575 0.0287347 0.0287347 0.0291023 0.0295124 0.0294897 0.0294897 0.0284260 0.0386558 0.0347880 0.0346956 0.0339276 0.0339276 0.0329498 0.0332649 0.0339498 0.0331698 0.0331460 0.0323745 0.0323745 0.0327877 0.0293581 0.0323314 0.0345672 0.0300125 0.0330652 0.0311549 0.0418048 0.0441608 0.0417504 0.0392750 0.0423510 0.0440953 0.0433859 0.0448698 0.0441943 0.0432856 0.0417521 0.0440062 0.0441610 0.0440881 0.0440872 0.0423937 0.0417244 0.0386152 0.0385764 0.0385753 0.0385753 0.0401739 0.0394035 0.0393126 0.0362122 0.0387020 0.0385663 0.0378029 0.0378953 0.0316142 0.0370344 0.0369777 0.0340584 0.0370144 0.0369727 0.0340236 0.0338629 0.0362436 0.0293078 0.0300668 0.0300668 0.0346186 0.0354188 0.0339248 0.0363345 0.0354863 0.0354403 0.0338872 0.0354325 0.0354355 0.0346405 0.0339264 0.0347277 0.0331501 0.0346757 0.0339100 0.0338827 0.0323349 0.0339662 0.0323242 0.0338845 0.0339127 0.0316044 0.0331122 0.0330899 0.0335464 0.0330856 0.0317365 0.0323549 0.0307988 0.0307988 0.0302282 0.0300472 0.0300472 
AJ271758.1_Symbiodinium_sp.                                        0.0772220 0.0676209 0.0403619 0.0396571 0.0380847 0.0000000 0.0136425 0.0158483 0.0121706 0.0151214 0.0158885 0.0136778 0.0107353 0.0100064 0.0085627 0.0078366 0.0078366 0.0144384 0.0151066 0.0144119 0.0129212 0.0143972 0.0136699 0.0122019 0.0122064 0.0114631 0.0114783 0.0114857 0.0107494 0.0107344 0.0107333 0.0107333 0.0108678 0.0100165 0.0100090 0.0100090 0.0101730 0.0453113 0.0413537 0.0412415 0.0404557 0.0404557 0.0395669 0.0390836 0.0397044 0.0396820 0.0388767 0.0388622 0.0388622 0.0393657 0.0310898 0.0318160 0.0363539 0.0309879 0.0348371 0.0329266 0.0452741 0.0476650 0.0452146 0.0419119 0.0465963 0.0468043 0.0453066 0.0475883 0.0469107 0.0459823 0.0460347 0.0467084 0.0468748 0.0476874 0.0467954 0.0450719 0.0444007 0.0396672 0.0396270 0.0397067 0.0397067 0.0420420 0.0428327 0.0419527 0.0395862 0.0397573 0.0411988 0.0404259 0.0405259 0.0380305 0.0396479 0.0395864 0.0366412 0.0388389 0.0388062 0.0396478 0.0379694 0.0388454 0.0356537 0.0364287 0.0364287 0.0371930 0.0380060 0.0364956 0.0389440 0.0380792 0.0372506 0.0364549 0.0380209 0.0380241 0.0379885 0.0364975 0.0373116 0.0357105 0.0372552 0.0357070 0.0364498 0.0348808 0.0365408 0.0348690 0.0364519 0.0364827 0.0349236 0.0356691 0.0356448 0.0361414 0.0356400 0.0342874 0.0349025 0.0333239 0.0333239 0.0327639 0.0325633 0.0325633 
AJ271759.1_Symbiodinium_sp.                                        0.0753631 0.0649983 0.0387373 0.0388009 0.0372347 0.0136425 0.0000000 0.0136315 0.0099828 0.0129085 0.0136658 0.0114704 0.0085539 0.0078308 0.0063964 0.0056766 0.0056766 0.0122227 0.0128950 0.0122003 0.0107234 0.0121879 0.0114640 0.0100075 0.0100111 0.0092756 0.0092880 0.0092938 0.0085652 0.0085532 0.0085523 0.0085523 0.0086583 0.0078387 0.0078328 0.0078328 0.0079606 0.0444306 0.0404884 0.0403790 0.0395962 0.0395962 0.0386966 0.0382086 0.0388471 0.0388253 0.0380236 0.0380094 0.0380094 0.0385005 0.0302673 0.0309918 0.0355146 0.0301683 0.0340028 0.0320899 0.0443943 0.0467758 0.0443361 0.0410491 0.0457162 0.0459195 0.0444260 0.0467007 0.0460236 0.0451013 0.0451525 0.0458258 0.0459885 0.0467976 0.0459109 0.0441967 0.0435258 0.0388108 0.0387716 0.0388494 0.0388494 0.0411760 0.0419637 0.0410889 0.0371640 0.0388986 0.0403372 0.0395672 0.0396647 0.0371821 0.0387920 0.0387321 0.0357943 0.0379867 0.0387268 0.0380124 0.0371226 0.0379931 0.0340447 0.0348154 0.0348154 0.0363491 0.0371581 0.0356526 0.0380892 0.0356868 0.0364052 0.0356129 0.0371726 0.0371758 0.0371411 0.0356544 0.0364646 0.0348706 0.0364096 0.0348673 0.0356080 0.0340453 0.0356965 0.0340339 0.0356100 0.0356400 0.0340870 0.0348303 0.0348067 0.0352902 0.0348020 0.0334501 0.0340665 0.0324947 0.0324947 0.0319317 0.0317367 0.0317367 
AJ271754.1_Symbiodinium_sp.                                        0.0692751 0.0632450 0.0379137 0.0356774 0.0341233 0.0158483 0.0136315 0.0000000 0.0121610 0.0092747 0.0100172 0.0078459 0.0107269 0.0099986 0.0085561 0.0078305 0.0078305 0.0085831 0.0092658 0.0085674 0.0071127 0.0085587 0.0078415 0.0064007 0.0064030 0.0071094 0.0056866 0.0056902 0.0049710 0.0063918 0.0049636 0.0049636 0.0050248 0.0056804 0.0056761 0.0056761 0.0057683 0.0396977 0.0357960 0.0357002 0.0349255 0.0349255 0.0339581 0.0334392 0.0341803 0.0341613 0.0333706 0.0333582 0.0333582 0.0337872 0.0249316 0.0256535 0.0316686 0.0248505 0.0301669 0.0282263 0.0404431 0.0428035 0.0403903 0.0371450 0.0417755 0.0419599 0.0404717 0.0427351 0.0420540 0.0411512 0.0404193 0.0410979 0.0412423 0.0428231 0.0403686 0.0402642 0.0395894 0.0349160 0.0348810 0.0364925 0.0364925 0.0372586 0.0380393 0.0371805 0.0348455 0.0349942 0.0364323 0.0356684 0.0357555 0.0333090 0.0348993 0.0348458 0.0319161 0.0341037 0.0348410 0.0333511 0.0332560 0.0341093 0.0302041 0.0309681 0.0309681 0.0324892 0.0332877 0.0325502 0.0341951 0.0318211 0.0325389 0.0317555 0.0333004 0.0333033 0.0332724 0.0317922 0.0325917 0.0310165 0.0325428 0.0279429 0.0317513 0.0302044 0.0318296 0.0301944 0.0317530 0.0317794 0.0302413 0.0309810 0.0309601 0.0313884 0.0309561 0.0295952 0.0302232 0.0286690 0.0286690 0.0280874 0.0279168 0.0279168 
AJ271756.1_Symbiodinium_sp.                                        0.0735456 0.0632574 0.0371059 0.0371979 0.0356395 0.0121706 0.0099828 0.0121610 0.0000000 0.0114408 0.0121913 0.0100083 0.0071082 0.0063890 0.0049610 0.0042455 0.0042455 0.0107533 0.0114299 0.0107335 0.0092674 0.0107227 0.0100027 0.0085537 0.0085567 0.0078265 0.0078369 0.0078418 0.0071175 0.0071076 0.0071069 0.0071069 0.0071947 0.0063954 0.0063906 0.0063906 0.0064945 0.0427965 0.0388729 0.0387682 0.0379891 0.0379891 0.0370672 0.0365692 0.0372423 0.0372215 0.0364245 0.0364109 0.0364109 0.0368800 0.0287065 0.0294295 0.0339351 0.0286129 0.0324291 0.0305069 0.0427616 0.0451318 0.0427058 0.0394396 0.0440865 0.0442817 0.0427920 0.0450595 0.0443815 0.0434683 0.0435174 0.0441918 0.0443479 0.0451526 0.0442734 0.0425720 0.0419003 0.0372076 0.0371702 0.0372444 0.0372444 0.0395609 0.0403448 0.0394776 0.0355723 0.0365192 0.0387282 0.0379615 0.0380546 0.0355896 0.0371897 0.0371325 0.0342012 0.0363892 0.0371274 0.0364139 0.0355329 0.0363953 0.0324690 0.0332361 0.0332361 0.0347630 0.0355668 0.0340665 0.0364871 0.0340990 0.0348164 0.0340285 0.0355805 0.0355836 0.0355505 0.0340681 0.0348730 0.0332884 0.0348206 0.0332853 0.0340240 0.0324695 0.0341082 0.0309371 0.0340258 0.0340543 0.0325091 0.0332502 0.0332277 0.0336880 0.0332233 0.0318691 0.0324897 0.0309268 0.0309268 0.0303567 0.0301720 0.0301720 
AJ271764.1_Symbiodinium_sp.                                        0.0648207 0.0614034 0.0354163 0.0332430 0.0317032 0.0151214 0.0129085 0.0092747 0.0114408 0.0000000 0.0092977 0.0071296 0.0100075 0.0092805 0.0078398 0.0071157 0.0071157 0.0078646 0.0085495 0.0078501 0.0063987 0.0078422 0.0071256 0.0056872 0.0056892 0.0063958 0.0049737 0.0049769 0.0042591 0.0056792 0.0042527 0.0042527 0.0043052 0.0049682 0.0049645 0.0049645 0.0050451 0.0372198 0.0333529 0.0332643 0.0324965 0.0324965 0.0314977 0.0309648 0.0309748 0.0317385 0.0301776 0.0309447 0.0309447 0.0313403 0.0240889 0.0233025 0.0307908 0.0240109 0.0292970 0.0273573 0.0363994 0.0387299 0.0363523 0.0331608 0.0377375 0.0379021 0.0364249 0.0386685 0.0379860 0.0371059 0.0371470 0.0378266 0.0379580 0.0387472 0.0378954 0.0362400 0.0355636 0.0309493 0.0309187 0.0325033 0.0325033 0.0332607 0.0340315 0.0331918 0.0308875 0.0310177 0.0324500 0.0316949 0.0317714 0.0293699 0.0309349 0.0308879 0.0279770 0.0301517 0.0308837 0.0309269 0.0300979 0.0301566 0.0270558 0.0278114 0.0278114 0.0285663 0.0293512 0.0278686 0.0302318 0.0278947 0.0286095 0.0278377 0.0293622 0.0293649 0.0293378 0.0278696 0.0286554 0.0271046 0.0286128 0.0255842 0.0278342 0.0263086 0.0279020 0.0263000 0.0278356 0.0278584 0.0263406 0.0270740 0.0270559 0.0274274 0.0270526 0.0256877 0.0263249 0.0247939 0.0247939 0.0241958 0.0240500 0.0240500 
L13718.1_Symbiodinium_meandrinae                                   0.0678364 0.0618224 0.0347957 0.0342294 0.0326762 0.0158885 0.0136658 0.0100172 0.0121913 0.0092977 0.0000000 0.0078654 0.0107536 0.0100235 0.0085773 0.0078499 0.0078499 0.0014193 0.0035449 0.0028406 0.0028342 0.0028378 0.0078609 0.0064166 0.0064189 0.0071270 0.0057007 0.0057043 0.0049833 0.0064076 0.0049758 0.0049758 0.0050374 0.0056944 0.0056901 0.0056901 0.0057828 0.0398037 0.0358910 0.0357946 0.0350177 0.0350177 0.0340491 0.0327104 0.0342706 0.0342515 0.0334585 0.0334460 0.0334460 0.0338773 0.0265064 0.0272306 0.0332779 0.0264199 0.0317686 0.0298352 0.0421163 0.0444911 0.0420612 0.0387909 0.0434473 0.0436401 0.0421463 0.0444197 0.0437387 0.0428256 0.0428740 0.0435514 0.0437056 0.0445116 0.0428327 0.0419291 0.0412545 0.0365530 0.0365161 0.0381401 0.0381401 0.0389104 0.0396958 0.0388283 0.0364788 0.0366353 0.0380769 0.0373087 0.0374004 0.0349333 0.0365354 0.0364790 0.0335394 0.0341729 0.0364740 0.0342167 0.0348774 0.0357398 0.0302830 0.0295262 0.0295262 0.0341061 0.0349108 0.0334070 0.0358301 0.0334389 0.0341586 0.0333697 0.0349243 0.0349273 0.0348947 0.0334085 0.0342143 0.0326277 0.0341627 0.0310763 0.0333652 0.0318083 0.0334480 0.0317977 0.0333670 0.0333950 0.0318472 0.0325901 0.0325680 0.0330204 0.0325638 0.0312035 0.0318281 0.0302631 0.0302631 0.0296880 0.0295068 0.0295068 
KU188508.1_Symbiodinium_sp.                                        0.0685359 0.0625662 0.0356136 0.0334242 0.0318756 0.0136778 0.0114704 0.0078459 0.0100083 0.0071296 0.0078654 0.0000000 0.0085758 0.0078508 0.0064128 0.0056911 0.0056911 0.0064330 0.0071228 0.0064212 0.0049755 0.0064148 0.0056905 0.0042579 0.0042595 0.0049733 0.0035465 0.0035487 0.0028344 0.0042584 0.0028344 0.0028344 0.0028694 0.0035478 0.0035452 0.0035452 0.0036027 0.0389804 0.0350787 0.0349848 0.0342101 0.0342101 0.0332309 0.0327064 0.0334644 0.0334458 0.0326555 0.0326433 0.0326433 0.0330635 0.0242180 0.0249407 0.0309572 0.0241392 0.0294550 0.0275061 0.0389422 0.0412985 0.0388914 0.0364316 0.0410628 0.0412440 0.0397545 0.0420194 0.0413365 0.0404357 0.0404812 0.0411607 0.0413055 0.0421060 0.0412365 0.0395505 0.0388739 0.0342008 0.0341665 0.0357767 0.0357767 0.0365430 0.0373236 0.0364663 0.0341317 0.0342773 0.0357176 0.0349536 0.0350390 0.0325952 0.0341845 0.0341320 0.0311992 0.0333893 0.0341274 0.0334120 0.0325434 0.0333948 0.0294913 0.0302553 0.0302553 0.0317766 0.0325743 0.0310768 0.0334789 0.0311062 0.0318252 0.0310421 0.0325868 0.0325897 0.0325593 0.0310780 0.0318768 0.0303025 0.0318290 0.0287615 0.0310380 0.0294916 0.0311146 0.0294818 0.0310397 0.0310655 0.0295276 0.0302678 0.0302474 0.0306663 0.0302436 0.0288788 0.0295100 0.0279565 0.0279565 0.0273706 0.0272041 0.0272041 
AB055917.1_Symbiodinium_sp.                                        0.0719391 0.0616941 0.0355512 0.0356980 0.0341430 0.0107353 0.0085539 0.0107269 0.0071082 0.0100075 0.0107536 0.0085758 0.0000000 0.0049676 0.0035424 0.0028294 0.0028294 0.0093165 0.0099980 0.0092994 0.0078392 0.0092900 0.0085710 0.0071258 0.0071283 0.0064014 0.0064099 0.0064140 0.0056922 0.0056842 0.0056837 0.0056837 0.0057539 0.0049726 0.0049689 0.0049689 0.0043256 0.0412812 0.0373653 0.0372649 0.0364873 0.0364873 0.0347644 0.0342505 0.0357407 0.0357208 0.0349262 0.0349132 0.0349132 0.0353630 0.0272255 0.0279488 0.0324492 0.0271367 0.0309449 0.0290093 0.0412476 0.0436130 0.0411937 0.0379390 0.0425783 0.0403663 0.0388812 0.0411387 0.0404564 0.0395619 0.0411621 0.0418392 0.0419863 0.0436330 0.0419161 0.0410649 0.0403907 0.0357075 0.0356716 0.0357427 0.0357427 0.0372274 0.0364623 0.0379754 0.0356352 0.0357876 0.0372263 0.0364609 0.0365502 0.0340956 0.0356904 0.0356355 0.0327032 0.0348925 0.0356306 0.0349161 0.0340413 0.0348983 0.0309831 0.0317486 0.0317486 0.0332729 0.0340737 0.0325747 0.0349862 0.0326056 0.0333239 0.0325383 0.0340868 0.0340898 0.0340580 0.0325761 0.0333780 0.0317984 0.0333279 0.0317955 0.0325340 0.0309834 0.0326144 0.0309731 0.0325358 0.0325629 0.0310213 0.0317620 0.0317405 0.0321802 0.0317364 0.0303769 0.0310027 0.0294444 0.0294444 0.0288664 0.0286908 0.0286908 
AJ271757.1_Symbiodinium_sp.                                        0.0710576 0.0608457 0.0347761 0.0349089 0.0333573 0.0100064 0.0078308 0.0099986 0.0063890 0.0092805 0.0100235 0.0078508 0.0049676 0.0000000 0.0028302 0.0021193 0.0021193 0.0085886 0.0092717 0.0085727 0.0071171 0.0085641 0.0078464 0.0064048 0.0064071 0.0056827 0.0056902 0.0056938 0.0049741 0.0049672 0.0049667 0.0049667 0.0050280 0.0042566 0.0042534 0.0042534 0.0043225 0.0404782 0.0365704 0.0364723 0.0356964 0.0356964 0.0347403 0.0342265 0.0349507 0.0349312 0.0341388 0.0341261 0.0341261 0.0345652 0.0264551 0.0271779 0.0316707 0.0263690 0.0301690 0.0282284 0.0404454 0.0428059 0.0403926 0.0371473 0.0417778 0.0419622 0.0404741 0.0427375 0.0420563 0.0411535 0.0411997 0.0418774 0.0412446 0.0428255 0.0419545 0.0402665 0.0395917 0.0349182 0.0348832 0.0349526 0.0349526 0.0372609 0.0380416 0.0371827 0.0348477 0.0349964 0.0364345 0.0356706 0.0357578 0.0333112 0.0349016 0.0348480 0.0319183 0.0341059 0.0348432 0.0341290 0.0332582 0.0341115 0.0302062 0.0309702 0.0309702 0.0324914 0.0332898 0.0317930 0.0341973 0.0318232 0.0325411 0.0317576 0.0333026 0.0333055 0.0332746 0.0317944 0.0325939 0.0310186 0.0325450 0.0310157 0.0317534 0.0302065 0.0318318 0.0301965 0.0317551 0.0317816 0.0302434 0.0309831 0.0309622 0.0313906 0.0309582 0.0295973 0.0302253 0.0286711 0.0286711 0.0280894 0.0279188 0.0279188 
AB863030.1_Symbiodinium_sp.                                        0.0693558 0.0592029 0.0332062 0.0333664 0.0318204 0.0085627 0.0063964 0.0085561 0.0049610 0.0078398 0.0085773 0.0064128 0.0035424 0.0028302 0.0000000 0.0007046 0.0007046 0.0071453 0.0078323 0.0071321 0.0056843 0.0071250 0.0064092 0.0049733 0.0049750 0.0042550 0.0042606 0.0042633 0.0035471 0.0035421 0.0035418 0.0035418 0.0035854 0.0028331 0.0028309 0.0028309 0.0028768 0.0389124 0.0350178 0.0349241 0.0341508 0.0341508 0.0331724 0.0326484 0.0334064 0.0333879 0.0325990 0.0325868 0.0325868 0.0330056 0.0249431 0.0256653 0.0301468 0.0248620 0.0286489 0.0266971 0.0388810 0.0412334 0.0388303 0.0356010 0.0402176 0.0403946 0.0389084 0.0411676 0.0404849 0.0395895 0.0396338 0.0403133 0.0404547 0.0412521 0.0403873 0.0387094 0.0380329 0.0333754 0.0333421 0.0334082 0.0334082 0.0357094 0.0364875 0.0356348 0.0333082 0.0334499 0.0348879 0.0341263 0.0342094 0.0317768 0.0333596 0.0333086 0.0303817 0.0325676 0.0333040 0.0325897 0.0317264 0.0325730 0.0286842 0.0294456 0.0294456 0.0309621 0.0317564 0.0302629 0.0326548 0.0302915 0.0310093 0.0302292 0.0317685 0.0317713 0.0317418 0.0302641 0.0310595 0.0294914 0.0310130 0.0294887 0.0302253 0.0286844 0.0302996 0.0286749 0.0302269 0.0302519 0.0287194 0.0294578 0.0294379 0.0298446 0.0294343 0.0280697 0.0287022 0.0271548 0.0271548 0.0265658 0.0264047 0.0264047 
AB016579.1_Symbiodinium_sp.                                        0.0684428 0.0583309 0.0323955 0.0325696 0.0310278 0.0078366 0.0056766 0.0078305 0.0042455 0.0071157 0.0078499 0.0056911 0.0028294 0.0021193 0.0007046 0.0000000 0.0000010 0.0064204 0.0071089 0.0064087 0.0049658 0.0064022 0.0056879 0.0042560 0.0042575 0.0035401 0.0035448 0.0035471 0.0028331 0.0028292 0.0028289 0.0028289 0.0028637 0.0021214 0.0021198 0.0021198 0.0021541 0.0380988 0.0342143 0.0341231 0.0333518 0.0333518 0.0323626 0.0318339 0.0326087 0.0325906 0.0318042 0.0317924 0.0317924 0.0322003 0.0241691 0.0248904 0.0293622 0.0240906 0.0278676 0.0259118 0.0380681 0.0404143 0.0380186 0.0348004 0.0394058 0.0395787 0.0380949 0.0403499 0.0396669 0.0387763 0.0388196 0.0394993 0.0396375 0.0404326 0.0395716 0.0379004 0.0372237 0.0325785 0.0325460 0.0326104 0.0326104 0.0349060 0.0356820 0.0348332 0.0325130 0.0326509 0.0340877 0.0333279 0.0334089 0.0309855 0.0325631 0.0325134 0.0295905 0.0317737 0.0325089 0.0317952 0.0309364 0.0317789 0.0279019 0.0286614 0.0286614 0.0301741 0.0309657 0.0294752 0.0318585 0.0295029 0.0302200 0.0294423 0.0309774 0.0309802 0.0309515 0.0294762 0.0302688 0.0287058 0.0302236 0.0287032 0.0294385 0.0279020 0.0295108 0.0278929 0.0294401 0.0294644 0.0279361 0.0286731 0.0286539 0.0290491 0.0286503 0.0272850 0.0279194 0.0263767 0.0263767 0.0257844 0.0256283 0.0256283 
AB016572.1_Symbiodinium_sp.                                        0.0684428 0.0583309 0.0323955 0.0325696 0.0310278 0.0078366 0.0056766 0.0078305 0.0042455 0.0071157 0.0078499 0.0056911 0.0028294 0.0021193 0.0007046 0.0000010 0.0000000 0.0064204 0.0071089 0.0064087 0.0049658 0.0064022 0.0056879 0.0042560 0.0042575 0.0035401 0.0035448 0.0035471 0.0028331 0.0028292 0.0028289 0.0028289 0.0028637 0.0021214 0.0021198 0.0021198 0.0021541 0.0380988 0.0342143 0.0341231 0.0333518 0.0333518 0.0323626 0.0318339 0.0326087 0.0325906 0.0318042 0.0317924 0.0317924 0.0322003 0.0241691 0.0248904 0.0293622 0.0240906 0.0278676 0.0259118 0.0380681 0.0404143 0.0380186 0.0348004 0.0394058 0.0395787 0.0380949 0.0403499 0.0396669 0.0387763 0.0388196 0.0394993 0.0396375 0.0404326 0.0395716 0.0379004 0.0372237 0.0325785 0.0325460 0.0326104 0.0326104 0.0349060 0.0356820 0.0348332 0.0325130 0.0326509 0.0340877 0.0333279 0.0334089 0.0309855 0.0325631 0.0325134 0.0295905 0.0317737 0.0325089 0.0317952 0.0309364 0.0317789 0.0279019 0.0286614 0.0286614 0.0301741 0.0309657 0.0294752 0.0318585 0.0295029 0.0302200 0.0294423 0.0309774 0.0309802 0.0309515 0.0294762 0.0302688 0.0287058 0.0302236 0.0287032 0.0294385 0.0279020 0.0295108 0.0278929 0.0294401 0.0294644 0.0279361 0.0286731 0.0286539 0.0290491 0.0286503 0.0272850 0.0279194 0.0263767 0.0263767 0.0257844 0.0256283 0.0256283 
L13717.1_Symbiodinium_corculorum                                   0.0662253 0.0602483 0.0332683 0.0327271 0.0311775 0.0144384 0.0122227 0.0085831 0.0107533 0.0078646 0.0014193 0.0064330 0.0093165 0.0085886 0.0071453 0.0064204 0.0064204 0.0000000 0.0021262 0.0014198 0.0014166 0.0014184 0.0064294 0.0049889 0.0049907 0.0056996 0.0042740 0.0042767 0.0035582 0.0049820 0.0035529 0.0035529 0.0035969 0.0042693 0.0042661 0.0042661 0.0043355 0.0375111 0.0343806 0.0342885 0.0335133 0.0335133 0.0325218 0.0311755 0.0327665 0.0327483 0.0319578 0.0319459 0.0319459 0.0323578 0.0250236 0.0257481 0.0317856 0.0249420 0.0302784 0.0283317 0.0405944 0.0429639 0.0405412 0.0372831 0.0419311 0.0421168 0.0406232 0.0428950 0.0422116 0.0413049 0.0413515 0.0420314 0.0421798 0.0429837 0.0413118 0.0404141 0.0397371 0.0350459 0.0350107 0.0366286 0.0366286 0.0373975 0.0381812 0.0373188 0.0349749 0.0351247 0.0365679 0.0358011 0.0358889 0.0334326 0.0350292 0.0349752 0.0320350 0.0326733 0.0349704 0.0327152 0.0333793 0.0342361 0.0287938 0.0280383 0.0280383 0.0326096 0.0334111 0.0319088 0.0343225 0.0319392 0.0326596 0.0318731 0.0334240 0.0334269 0.0333957 0.0319102 0.0327128 0.0311315 0.0326635 0.0295842 0.0318689 0.0303161 0.0319478 0.0303061 0.0318706 0.0318973 0.0303533 0.0310957 0.0310746 0.0315062 0.0310706 0.0297052 0.0303351 0.0287749 0.0287749 0.0281918 0.0280199 0.0280199 
AB055918.1_Symbiodinium_sp.                                        0.0667502 0.0607858 0.0338973 0.0333479 0.0318029 0.0151066 0.0128950 0.0092658 0.0114299 0.0085495 0.0035449 0.0071228 0.0099980 0.0092717 0.0078323 0.0071089 0.0071089 0.0021262 0.0000000 0.0021223 0.0021175 0.0021202 0.0071188 0.0056818 0.0056838 0.0063897 0.0049690 0.0049721 0.0042550 0.0056738 0.0042487 0.0042487 0.0043010 0.0049635 0.0049598 0.0049598 0.0050402 0.0388905 0.0349982 0.0349047 0.0341319 0.0341319 0.0331537 0.0318159 0.0333879 0.0333694 0.0325810 0.0325689 0.0325689 0.0329871 0.0256661 0.0263877 0.0324060 0.0255827 0.0309037 0.0289702 0.0411921 0.0435542 0.0411384 0.0378883 0.0425213 0.0427090 0.0412213 0.0434846 0.0428049 0.0418993 0.0419464 0.0426226 0.0427727 0.0435742 0.0427011 0.0410098 0.0403364 0.0356596 0.0356238 0.0372378 0.0372378 0.0380043 0.0387855 0.0379245 0.0355875 0.0357395 0.0371764 0.0364120 0.0365011 0.0340500 0.0356425 0.0355878 0.0326593 0.0348458 0.0355830 0.0333357 0.0339958 0.0348516 0.0294245 0.0286713 0.0286713 0.0332285 0.0340282 0.0325311 0.0349392 0.0325620 0.0332793 0.0324949 0.0340412 0.0340442 0.0340126 0.0325325 0.0333333 0.0317560 0.0332833 0.0302130 0.0324906 0.0309421 0.0325708 0.0309319 0.0324923 0.0325194 0.0309799 0.0317196 0.0316982 0.0321367 0.0316941 0.0295781 0.0309614 0.0294052 0.0294052 0.0288277 0.0286526 0.0286526 
X62650.1_S.pilosum                                                 0.0660957 0.0601325 0.0332049 0.0326657 0.0311191 0.0144119 0.0122003 0.0085674 0.0107335 0.0078501 0.0028406 0.0064212 0.0092994 0.0085727 0.0071321 0.0064087 0.0064087 0.0014198 0.0021223 0.0000000 0.0014140 0.0014158 0.0064176 0.0049798 0.0049816 0.0056892 0.0042662 0.0042689 0.0035517 0.0049729 0.0035464 0.0035464 0.0035902 0.0042615 0.0042583 0.0042583 0.0043275 0.0382127 0.0343159 0.0342241 0.0334504 0.0334504 0.0324597 0.0311157 0.0327050 0.0326868 0.0318979 0.0318861 0.0318861 0.0322964 0.0249770 0.0257002 0.0317264 0.0248957 0.0302220 0.0282784 0.0405177 0.0428826 0.0404648 0.0372131 0.0418523 0.0420373 0.0405465 0.0428140 0.0421318 0.0412270 0.0412734 0.0419522 0.0421001 0.0429023 0.0420296 0.0403382 0.0396623 0.0349801 0.0349450 0.0365596 0.0365596 0.0373271 0.0381093 0.0372487 0.0349094 0.0350586 0.0364992 0.0357339 0.0358213 0.0333700 0.0349634 0.0349097 0.0319748 0.0341662 0.0349049 0.0326538 0.0333169 0.0341719 0.0287401 0.0279860 0.0279860 0.0325486 0.0333486 0.0318491 0.0342580 0.0318794 0.0325985 0.0318135 0.0333614 0.0333643 0.0333333 0.0318505 0.0326515 0.0310732 0.0326024 0.0295289 0.0318094 0.0302595 0.0318880 0.0302495 0.0318110 0.0318376 0.0302966 0.0310376 0.0310166 0.0314465 0.0310127 0.0296495 0.0302784 0.0287213 0.0287213 0.0281389 0.0279677 0.0279677 
AB016723.1_Symbiodinium_sp.                                        0.0659239 0.0599799 0.0331233 0.0310587 0.0295213 0.0129212 0.0107234 0.0071127 0.0092674 0.0063987 0.0028342 0.0049755 0.0078392 0.0071171 0.0056843 0.0049658 0.0049658 0.0014166 0.0021175 0.0014140 0.0000000 0.0014126 0.0049728 0.0035437 0.0035449 0.0042509 0.0028335 0.0028353 0.0021231 0.0035387 0.0021199 0.0021199 0.0021460 0.0028304 0.0028282 0.0028282 0.0028740 0.0381192 0.0342325 0.0341411 0.0333694 0.0333694 0.0323800 0.0310389 0.0326259 0.0326078 0.0318209 0.0318091 0.0318091 0.0322174 0.0234167 0.0241377 0.0301332 0.0233407 0.0286361 0.0266850 0.0388632 0.0412144 0.0388126 0.0355849 0.0401993 0.0403761 0.0388906 0.0411487 0.0404663 0.0395714 0.0396157 0.0402949 0.0404361 0.0412332 0.0403688 0.0386917 0.0380155 0.0333603 0.0333270 0.0349296 0.0349296 0.0356932 0.0364708 0.0356186 0.0332932 0.0334347 0.0348721 0.0341108 0.0341939 0.0317624 0.0333445 0.0332935 0.0303679 0.0325529 0.0332889 0.0310477 0.0317121 0.0325582 0.0271604 0.0279190 0.0279190 0.0309481 0.0317421 0.0302493 0.0326399 0.0302778 0.0309953 0.0302156 0.0317542 0.0317570 0.0317275 0.0302505 0.0310454 0.0294781 0.0309990 0.0279433 0.0302117 0.0286715 0.0302859 0.0286621 0.0302132 0.0302383 0.0287065 0.0294445 0.0294247 0.0298310 0.0294210 0.0280570 0.0286893 0.0271426 0.0271426 0.0265538 0.0263928 0.0263928 
AB016724.1_Symbiodinium_sp.                                        0.0660236 0.0600681 0.0331697 0.0326316 0.0310867 0.0143972 0.0121879 0.0085587 0.0107227 0.0078422 0.0028378 0.0064148 0.0092900 0.0085641 0.0071250 0.0064022 0.0064022 0.0014184 0.0021202 0.0014158 0.0014126 0.0000000 0.0064112 0.0049748 0.0049766 0.0056835 0.0042619 0.0042646 0.0035482 0.0049679 0.0035429 0.0035429 0.0035866 0.0042572 0.0042540 0.0042540 0.0043231 0.0381725 0.0342799 0.0341884 0.0334155 0.0334155 0.0324253 0.0310826 0.0326709 0.0326528 0.0318647 0.0318529 0.0318529 0.0322623 0.0249512 0.0256736 0.0316935 0.0248700 0.0301907 0.0282488 0.0404752 0.0428375 0.0404223 0.0371743 0.0418085 0.0419931 0.0405039 0.0427690 0.0420874 0.0411838 0.0412301 0.0419082 0.0420558 0.0428572 0.0419854 0.0402960 0.0396207 0.0349436 0.0349086 0.0365214 0.0365214 0.0372881 0.0380694 0.0372098 0.0348730 0.0350219 0.0364611 0.0356966 0.0357839 0.0333353 0.0349269 0.0348733 0.0319414 0.0341306 0.0348685 0.0326198 0.0332822 0.0341362 0.0287104 0.0279570 0.0279570 0.0325148 0.0333139 0.0318160 0.0342222 0.0318462 0.0325646 0.0317805 0.0333267 0.0333296 0.0332986 0.0318173 0.0326175 0.0310409 0.0325685 0.0294983 0.0317763 0.0302282 0.0318548 0.0302182 0.0317780 0.0318045 0.0302651 0.0310054 0.0309845 0.0314135 0.0309805 0.0296186 0.0302470 0.0286916 0.0286916 0.0281096 0.0279387 0.0279387 
KU188515.1_Symbiodinium_sp.                                        0.0684896 0.0625251 0.0355913 0.0334039 0.0318562 0.0136699 0.0114640 0.0078415 0.0100027 0.0071256 0.0078609 0.0056905 0.0085710 0.0078464 0.0064092 0.0056879 0.0056879 0.0064294 0.0071188 0.0064176 0.0049728 0.0064112 0.0000000 0.0042556 0.0042571 0.0049705 0.0035445 0.0035467 0.0028328 0.0042560 0.0028328 0.0028328 0.0028678 0.0035459 0.0035432 0.0035432 0.0028780 0.0389562 0.0350572 0.0349634 0.0341892 0.0341892 0.0324263 0.0318969 0.0334440 0.0334254 0.0326356 0.0326235 0.0326235 0.0330431 0.0242036 0.0249259 0.0309385 0.0241249 0.0294373 0.0274894 0.0397017 0.0420605 0.0396499 0.0364093 0.0410374 0.0412183 0.0397298 0.0419932 0.0413107 0.0404107 0.0404560 0.0411352 0.0412798 0.0420797 0.0412108 0.0395261 0.0388499 0.0341799 0.0341456 0.0357548 0.0357548 0.0365205 0.0373006 0.0364440 0.0341109 0.0342564 0.0356957 0.0349322 0.0350175 0.0325754 0.0341636 0.0341112 0.0311802 0.0333690 0.0341065 0.0333916 0.0325236 0.0333745 0.0294735 0.0302370 0.0302370 0.0317573 0.0325545 0.0310580 0.0334584 0.0310874 0.0318059 0.0310233 0.0325670 0.0325699 0.0325396 0.0310592 0.0318575 0.0302842 0.0318097 0.0287442 0.0310193 0.0294738 0.0310957 0.0294641 0.0310209 0.0310467 0.0295098 0.0302496 0.0302292 0.0306475 0.0302253 0.0288614 0.0294922 0.0279398 0.0279398 0.0273541 0.0271878 0.0271878 
KU188511.1_Symbiodinium_sp.                                        0.0667431 0.0608282 0.0339919 0.0318412 0.0303003 0.0122019 0.0100075 0.0064007 0.0085537 0.0056872 0.0064166 0.0042579 0.0071258 0.0064048 0.0049733 0.0042560 0.0042560 0.0049889 0.0056818 0.0049798 0.0035437 0.0049748 0.0042556 0.0000000 0.0028314 0.0035420 0.0021217 0.0021231 0.0014131 0.0028307 0.0014131 0.0014131 0.0014305 0.0021225 0.0021210 0.0021210 0.0021552 0.0373658 0.0334831 0.0333938 0.0326229 0.0326229 0.0316221 0.0310879 0.0318795 0.0318619 0.0310762 0.0310647 0.0310647 0.0314634 0.0226818 0.0234030 0.0293940 0.0226083 0.0278978 0.0259401 0.0381097 0.0404585 0.0380601 0.0348382 0.0394486 0.0396219 0.0381366 0.0403940 0.0397104 0.0388186 0.0388620 0.0395424 0.0396808 0.0404768 0.0396148 0.0379417 0.0372643 0.0326139 0.0325814 0.0341811 0.0341811 0.0349440 0.0357209 0.0348711 0.0325484 0.0326866 0.0341248 0.0333642 0.0326820 0.0310191 0.0325985 0.0325487 0.0296228 0.0318082 0.0325443 0.0318298 0.0309700 0.0318134 0.0279321 0.0286924 0.0286924 0.0302068 0.0309993 0.0295072 0.0318933 0.0295350 0.0302528 0.0294742 0.0310110 0.0310138 0.0309851 0.0295083 0.0303017 0.0287369 0.0302564 0.0272040 0.0294705 0.0279323 0.0295428 0.0279231 0.0294720 0.0294964 0.0279664 0.0287042 0.0286849 0.0290810 0.0286813 0.0273147 0.0279497 0.0264053 0.0264053 0.0258125 0.0256561 0.0256561 
KU188514.1_Symbiodinium_sp.                                        0.0667728 0.0608545 0.0340057 0.0318538 0.0303123 0.0122064 0.0100111 0.0064030 0.0085567 0.0056892 0.0064189 0.0042595 0.0071283 0.0064071 0.0049750 0.0042575 0.0042575 0.0049907 0.0056838 0.0049816 0.0035449 0.0049766 0.0042571 0.0028314 0.0000000 0.0035433 0.0021225 0.0021238 0.0014136 0.0028317 0.0014136 0.0014136 0.0014310 0.0021233 0.0021217 0.0021217 0.0021552 0.0373809 0.0334964 0.0334071 0.0326358 0.0326358 0.0316348 0.0311005 0.0318921 0.0318745 0.0310885 0.0310770 0.0310770 0.0314760 0.0226906 0.0234120 0.0294055 0.0226169 0.0279086 0.0259503 0.0381251 0.0404749 0.0380754 0.0348521 0.0394646 0.0396380 0.0381520 0.0404104 0.0397265 0.0388343 0.0388777 0.0395584 0.0396970 0.0404933 0.0396309 0.0379569 0.0372793 0.0326269 0.0325943 0.0341948 0.0341948 0.0349580 0.0357352 0.0348851 0.0325613 0.0326996 0.0341384 0.0333774 0.0334587 0.0310314 0.0326115 0.0325616 0.0296345 0.0318208 0.0325572 0.0318424 0.0309822 0.0318260 0.0279430 0.0287036 0.0287036 0.0302187 0.0310115 0.0295188 0.0319059 0.0295466 0.0302647 0.0294858 0.0310233 0.0310261 0.0309973 0.0295199 0.0303137 0.0287482 0.0302683 0.0272147 0.0294820 0.0279432 0.0295545 0.0279340 0.0294836 0.0295080 0.0279773 0.0287155 0.0286961 0.0290925 0.0286926 0.0273254 0.0279606 0.0264155 0.0264155 0.0258226 0.0256660 0.0256660 
AF238256.1_Symbiodinium_sp._Type_A                                 0.0675621 0.0599499 0.0331746 0.0325710 0.0310292 0.0114631 0.0092756 0.0071094 0.0078265 0.0063958 0.0071270 0.0049733 0.0064014 0.0056827 0.0042550 0.0035401 0.0035401 0.0056996 0.0063897 0.0056892 0.0042509 0.0056835 0.0049705 0.0035420 0.0035433 0.0000000 0.0028322 0.0028340 0.0021221 0.0021191 0.0021189 0.0021189 0.0021450 0.0014124 0.0014114 0.0014114 0.0014340 0.0381007 0.0342159 0.0341247 0.0333533 0.0333533 0.0323641 0.0318353 0.0326101 0.0325921 0.0318056 0.0317938 0.0317938 0.0322017 0.0234056 0.0241263 0.0301189 0.0233297 0.0286224 0.0266722 0.0388443 0.0411944 0.0387937 0.0355677 0.0401798 0.0403564 0.0388717 0.0411287 0.0404466 0.0395522 0.0395964 0.0402753 0.0404164 0.0412131 0.0403491 0.0386730 0.0379971 0.0333442 0.0333109 0.0349128 0.0349128 0.0356759 0.0364532 0.0356014 0.0332771 0.0334185 0.0348553 0.0340944 0.0341773 0.0317472 0.0333284 0.0332775 0.0303533 0.0325372 0.0332729 0.0325593 0.0316969 0.0325426 0.0286576 0.0294183 0.0294183 0.0309333 0.0317269 0.0302348 0.0326242 0.0302633 0.0309804 0.0302011 0.0317389 0.0317418 0.0317123 0.0302360 0.0310305 0.0294640 0.0309841 0.0279300 0.0301972 0.0286578 0.0302714 0.0286484 0.0301988 0.0302238 0.0286928 0.0294304 0.0294106 0.0298166 0.0294070 0.0280435 0.0286756 0.0271297 0.0271297 0.0265411 0.0263803 0.0263803 
KU188513.1_Symbiodinium_sp.                                        0.0659275 0.0600309 0.0332199 0.0310854 0.0295467 0.0114783 0.0092880 0.0056866 0.0078369 0.0049737 0.0057007 0.0035465 0.0064099 0.0056902 0.0042606 0.0035448 0.0035448 0.0042740 0.0049690 0.0042662 0.0028335 0.0042619 0.0035445 0.0021217 0.0021225 0.0028322 0.0000000 0.0014146 0.0007056 0.0021219 0.0007056 0.0007056 0.0007149 0.0014143 0.0014132 0.0014132 0.0014361 0.0366008 0.0327229 0.0326358 0.0318659 0.0318659 0.0308538 0.0303145 0.0311228 0.0311056 0.0303214 0.0303102 0.0303102 0.0306991 0.0219392 0.0226604 0.0286452 0.0218681 0.0271503 0.0251864 0.0373444 0.0396902 0.0372958 0.0340805 0.0386859 0.0388557 0.0373707 0.0396270 0.0389423 0.0380538 0.0380963 0.0387778 0.0389134 0.0397082 0.0388488 0.0371799 0.0365015 0.0318571 0.0318254 0.0334218 0.0334218 0.0341839 0.0349598 0.0341127 0.0317931 0.0319280 0.0333667 0.0326069 0.0326861 0.0302658 0.0318421 0.0317935 0.0288679 0.0310533 0.0317891 0.0310744 0.0302179 0.0310584 0.0271837 0.0279430 0.0279430 0.0294557 0.0302465 0.0287554 0.0311363 0.0287824 0.0295005 0.0287233 0.0302579 0.0302606 0.0302326 0.0287564 0.0295481 0.0279863 0.0295039 0.0264558 0.0287196 0.0271838 0.0287901 0.0271749 0.0287211 0.0287448 0.0272170 0.0279545 0.0279357 0.0283213 0.0279322 0.0265633 0.0272008 0.0256591 0.0256591 0.0250626 0.0249107 0.0249107 
KU188510.1_Symbiodinium_sp.                                        0.0659770 0.0600748 0.0332431 0.0311066 0.0295668 0.0114857 0.0092938 0.0056902 0.0078418 0.0049769 0.0057043 0.0035487 0.0064140 0.0056938 0.0042633 0.0035471 0.0035471 0.0042767 0.0049721 0.0042689 0.0028353 0.0042646 0.0035467 0.0021231 0.0021238 0.0028340 0.0014146 0.0000000 0.0007066 0.0021233 0.0007066 0.0007066 0.0007153 0.0014152 0.0014141 0.0014141 0.0014361 0.0366261 0.0327454 0.0326581 0.0318876 0.0318876 0.0308752 0.0303356 0.0311441 0.0311268 0.0303421 0.0303308 0.0303308 0.0307203 0.0219538 0.0226755 0.0286645 0.0218826 0.0271685 0.0252035 0.0373703 0.0397178 0.0373216 0.0341038 0.0387126 0.0388827 0.0373966 0.0396545 0.0389694 0.0380801 0.0381227 0.0388046 0.0389405 0.0397358 0.0388757 0.0372055 0.0365266 0.0318789 0.0318471 0.0334447 0.0334447 0.0342074 0.0349838 0.0341360 0.0318148 0.0319498 0.0333895 0.0326292 0.0327085 0.0302864 0.0318638 0.0318151 0.0288875 0.0310745 0.0318108 0.0310955 0.0302384 0.0310795 0.0272020 0.0279619 0.0279619 0.0294756 0.0302670 0.0287748 0.0311575 0.0288019 0.0295205 0.0287427 0.0302784 0.0302811 0.0302530 0.0287759 0.0295682 0.0280052 0.0295239 0.0264735 0.0287391 0.0272021 0.0288096 0.0271932 0.0287405 0.0287643 0.0272354 0.0279733 0.0279545 0.0283406 0.0279511 0.0265813 0.0272191 0.0256763 0.0256763 0.0250794 0.0249274 0.0249274 
KU188509.1_Symbiodinium_sp.                                        0.0650724 0.0591998 0.0324314 0.0303145 0.0287789 0.0107494 0.0085652 0.0049710 0.0071175 0.0042591 0.0049833 0.0028344 0.0056922 0.0049741 0.0035471 0.0028331 0.0028331 0.0035582 0.0042550 0.0035517 0.0021231 0.0035482 0.0028328 0.0014131 0.0014136 0.0021221 0.0007056 0.0007066 0.0000000 0.0014132 0.0000010 0.0000010 0.0000010 0.0007060 0.0007056 0.0007056 0.0007177 0.0358173 0.0319468 0.0318619 0.0310933 0.0310933 0.0300704 0.0295260 0.0303511 0.0303343 0.0295520 0.0295411 0.0295411 0.0299198 0.0211867 0.0219075 0.0278828 0.0211181 0.0263900 0.0244210 0.0365603 0.0389017 0.0365128 0.0333060 0.0379037 0.0380698 0.0365860 0.0388398 0.0381544 0.0372698 0.0373113 0.0379936 0.0381262 0.0389192 0.0380630 0.0363995 0.0357204 0.0310848 0.0310539 0.0326460 0.0326460 0.0334068 0.0341812 0.0333374 0.0310225 0.0311538 0.0325922 0.0318337 0.0319109 0.0294979 0.0310702 0.0310228 0.0280992 0.0302834 0.0310186 0.0303039 0.0294513 0.0302883 0.0264226 0.0271804 0.0271804 0.0286905 0.0294791 0.0279899 0.0303642 0.0280161 0.0287340 0.0279586 0.0294902 0.0294928 0.0294655 0.0279909 0.0287804 0.0272224 0.0287374 0.0256951 0.0279551 0.0264226 0.0280236 0.0264140 0.0279565 0.0279796 0.0264548 0.0271915 0.0271732 0.0275480 0.0271699 0.0257994 0.0264391 0.0249011 0.0249011 0.0243009 0.0241538 0.0241538 
