130
GU362426_Gymnodinium_catenatum                                     0.0000000 0.0453753 0.0657421 0.0704163 0.0687127 0.0771692 0.0753125 0.0692317 0.0734978 0.0647834 0.0677932 0.0684934 0.0718934 0.0710123 0.0693124 0.0684006 0.0684006 0.0661845 0.0667097 0.0660546 0.0658840 0.0659827 0.0684471 0.0667019 0.0667322 0.0675204 0.0658866 0.0659370 0.0650335 0.0666596 0.0649813 0.0649813 0.0658610 0.0658577 0.0658049 0.0658049 0.0652438 0.0733892 0.0673147 0.0671208 0.0662809 0.0662809 0.0657737 0.0664375 0.0664291 0.0654610 0.0655097 0.0663593 0.0663593 0.0672537 0.0629090 0.0627499 0.0677018 0.0635067 0.0660851 0.0643940 0.0741273 0.0767028 0.0740267 0.0694432 0.0693757 0.0748919 0.0731153 0.0765727 0.0759221 0.0748334 0.0740813 0.0729951 0.0732708 0.0767546 0.0740294 0.0737775 0.0714028 0.0696342 0.0695592 0.0696609 0.0696609 0.0722965 0.0706202 0.0703988 0.0695552 0.0707164 0.0679684 0.0705029 0.0706887 0.0634958 0.0696673 0.0695552 0.0664765 0.0687739 0.0678795 0.0656056 0.0669346 0.0679089 0.0603194 0.0595095 0.0595095 0.0669259 0.0678320 0.0662382 0.0689705 0.0663076 0.0678774 0.0661630 0.0678617 0.0678669 0.0678010 0.0670950 0.0663220 0.0653861 0.0670459 0.0611661 0.0661508 0.0660938 0.0663273 0.0644188 0.0636686 0.0662173 0.0618993 0.0653049 0.0652580 0.0662048 0.0652466 0.0639561 0.0644825 0.0627483 0.0627483 0.0631816 0.0635796 0.0635796 
EF492511                                                           0.0453753 0.0000000 0.0450143 0.0637394 0.0620802 0.0675853 0.0649653 0.0632141 0.0632265 0.0613751 0.0617917 0.0625360 0.0616650 0.0608168 0.0591754 0.0583043 0.0583043 0.0602196 0.0607573 0.0601035 0.0599519 0.0600392 0.0624949 0.0607999 0.0608258 0.0599215 0.0600028 0.0600466 0.0591724 0.0590879 0.0590793 0.0590793 0.0598623 0.0583063 0.0582604 0.0582604 0.0575578 0.0664457 0.0605540 0.0603842 0.0579542 0.0579542 0.0572882 0.0578532 0.0613584 0.0587684 0.0604670 0.0596359 0.0596359 0.0604234 0.0531005 0.0520445 0.0536886 0.0512888 0.0521285 0.0503506 0.0679965 0.0705028 0.0679062 0.0619020 0.0626940 0.0654642 0.0653867 0.0687375 0.0680854 0.0670529 0.0654496 0.0652829 0.0655222 0.0688965 0.0662676 0.0660487 0.0653587 0.0637497 0.0636826 0.0646233 0.0646233 0.0645883 0.0645912 0.0627680 0.0635722 0.0630747 0.0620402 0.0628590 0.0621958 0.0585663 0.0620466 0.0611308 0.0589700 0.0611843 0.0619399 0.0580881 0.0577704 0.0603468 0.0529875 0.0521991 0.0521991 0.0594080 0.0602807 0.0587248 0.0613551 0.0587842 0.0603198 0.0586589 0.0603059 0.0603107 0.0594386 0.0587301 0.0587968 0.0578982 0.0586968 0.0553091 0.0586489 0.0585995 0.0588011 0.0569737 0.0578412 0.0587056 0.0545508 0.0578285 0.0561842 0.0569814 0.0577786 0.0564849 0.0570289 0.0553524 0.0553524 0.0557260 0.0561598 0.0561598 
JF791031                                                           0.0657421 0.0450143 0.0000000 0.0417327 0.0401348 0.0403482 0.0387246 0.0379014 0.0370944 0.0354063 0.0347852 0.0356029 0.0355408 0.0347658 0.0331968 0.0323866 0.0323866 0.0332589 0.0338879 0.0331953 0.0331142 0.0331602 0.0355806 0.0339822 0.0339958 0.0331650 0.0332104 0.0332336 0.0324224 0.0323756 0.0323716 0.0323716 0.0327945 0.0316151 0.0315903 0.0315903 0.0313352 0.0441791 0.0401938 0.0400843 0.0392928 0.0392928 0.0391870 0.0378740 0.0393189 0.0385134 0.0384849 0.0376890 0.0376890 0.0381816 0.0321804 0.0336568 0.0374932 0.0336072 0.0359593 0.0340400 0.0448700 0.0472780 0.0448112 0.0407173 0.0430677 0.0440097 0.0448802 0.0471782 0.0464949 0.0455625 0.0456147 0.0454861 0.0456476 0.0473000 0.0463801 0.0455044 0.0448279 0.0408550 0.0408134 0.0416905 0.0416905 0.0391950 0.0423925 0.0407812 0.0399665 0.0401642 0.0415949 0.0408150 0.0393407 0.0383958 0.0400286 0.0376148 0.0362074 0.0391729 0.0383773 0.0377334 0.0375556 0.0392188 0.0328887 0.0321214 0.0321214 0.0375501 0.0383711 0.0360725 0.0393190 0.0368821 0.0368339 0.0368048 0.0383858 0.0383894 0.0360209 0.0368484 0.0368901 0.0376122 0.0360539 0.0368238 0.0352376 0.0336596 0.0368921 0.0352040 0.0368021 0.0368331 0.0336880 0.0360118 0.0359869 0.0356533 0.0359823 0.0346181 0.0352376 0.0336438 0.0336438 0.0338670 0.0328759 0.0328759 
AY160124.1_Symbiodinium_sp._G15                                    0.0704163 0.0637394 0.0417327 0.0000000 0.0014078 0.0396439 0.0387885 0.0356664 0.0371868 0.0332340 0.0342190 0.0334146 0.0356878 0.0348989 0.0333572 0.0325608 0.0325608 0.0327177 0.0333386 0.0326562 0.0310502 0.0326222 0.0333942 0.0318325 0.0318450 0.0325618 0.0310769 0.0310981 0.0303064 0.0317875 0.0302599 0.0302599 0.0306475 0.0310409 0.0310170 0.0310170 0.0299745 0.0402100 0.0363303 0.0362338 0.0354633 0.0354633 0.0345080 0.0348385 0.0354861 0.0347034 0.0346784 0.0339042 0.0339042 0.0343375 0.0308791 0.0338589 0.0360997 0.0315307 0.0345937 0.0326953 0.0433693 0.0457331 0.0433133 0.0408256 0.0439098 0.0456654 0.0449555 0.0464415 0.0457675 0.0448524 0.0433154 0.0455739 0.0457334 0.0456582 0.0456564 0.0439539 0.0432866 0.0401682 0.0401280 0.0401266 0.0401266 0.0417310 0.0409590 0.0408641 0.0377540 0.0402575 0.0401172 0.0393520 0.0394472 0.0331413 0.0385805 0.0385224 0.0356005 0.0385598 0.0385169 0.0355637 0.0353957 0.0377869 0.0308265 0.0315881 0.0315881 0.0361535 0.0369575 0.0354606 0.0378817 0.0370278 0.0369801 0.0354209 0.0369714 0.0369748 0.0361762 0.0354621 0.0362670 0.0346826 0.0362126 0.0354447 0.0354161 0.0338627 0.0355034 0.0338519 0.0354184 0.0354476 0.0331316 0.0346434 0.0346198 0.0350978 0.0346156 0.0332699 0.0338836 0.0323213 0.0323213 0.0317584 0.0315676 0.0315676 
HE653239_Symbiodinium_voratum                                      0.0687127 0.0620802 0.0401348 0.0014078 0.0000000 0.0380725 0.0372232 0.0341131 0.0356292 0.0316949 0.0326666 0.0318667 0.0341337 0.0333482 0.0318120 0.0310199 0.0310199 0.0311690 0.0317943 0.0311104 0.0295136 0.0310781 0.0318473 0.0302924 0.0303042 0.0310208 0.0295389 0.0295590 0.0287715 0.0302496 0.0287274 0.0287274 0.0290947 0.0295048 0.0294821 0.0294821 0.0284191 0.0386450 0.0347793 0.0346873 0.0339195 0.0339195 0.0329423 0.0332573 0.0339412 0.0331620 0.0331381 0.0323670 0.0323670 0.0327801 0.0293516 0.0323240 0.0345592 0.0300060 0.0330574 0.0311481 0.0417918 0.0441469 0.0417380 0.0392646 0.0423389 0.0440817 0.0433718 0.0448554 0.0441799 0.0432726 0.0417400 0.0439937 0.0441471 0.0440747 0.0440731 0.0423812 0.0417124 0.0386048 0.0385663 0.0385649 0.0385649 0.0401618 0.0393924 0.0393014 0.0362029 0.0386903 0.0385559 0.0377932 0.0378843 0.0316069 0.0370242 0.0369687 0.0340503 0.0370044 0.0369634 0.0340153 0.0338551 0.0362343 0.0293017 0.0300605 0.0300605 0.0346105 0.0354103 0.0339170 0.0363250 0.0354774 0.0354319 0.0338790 0.0354234 0.0354268 0.0346322 0.0339183 0.0347188 0.0331421 0.0346669 0.0339018 0.0338745 0.0323275 0.0339577 0.0323172 0.0338767 0.0339045 0.0315976 0.0331048 0.0330823 0.0335383 0.0330783 0.0317293 0.0323475 0.0307923 0.0307923 0.0302222 0.0300410 0.0300410 
AJ271758.1_Symbiodinium_sp.                                        0.0771692 0.0675853 0.0403482 0.0396439 0.0380725 0.0000000 0.0136409 0.0158463 0.0121695 0.0151197 0.0158865 0.0136764 0.0107345 0.0100057 0.0085622 0.0078361 0.0078361 0.0144369 0.0151050 0.0144103 0.0129200 0.0143956 0.0136684 0.0122008 0.0122053 0.0114620 0.0114773 0.0114847 0.0107485 0.0107335 0.0107324 0.0107324 0.0108669 0.0100157 0.0100082 0.0100082 0.0101722 0.0452948 0.0413399 0.0412281 0.0404426 0.0404426 0.0395546 0.0390719 0.0396910 0.0396693 0.0388642 0.0388500 0.0388500 0.0393532 0.0310816 0.0318072 0.0363438 0.0309800 0.0348272 0.0329179 0.0452571 0.0476470 0.0451982 0.0418980 0.0465796 0.0467867 0.0452889 0.0475698 0.0468923 0.0459654 0.0460176 0.0466920 0.0468569 0.0476690 0.0467773 0.0450557 0.0443849 0.0396546 0.0396146 0.0396938 0.0396938 0.0420267 0.0428179 0.0419380 0.0395735 0.0397432 0.0411850 0.0404129 0.0405115 0.0380185 0.0396344 0.0395742 0.0366301 0.0388261 0.0387939 0.0396357 0.0379583 0.0388330 0.0356436 0.0364183 0.0364183 0.0371820 0.0379943 0.0364849 0.0389312 0.0380672 0.0372394 0.0364437 0.0380088 0.0380123 0.0379770 0.0364865 0.0372997 0.0356996 0.0372434 0.0356963 0.0364387 0.0348706 0.0365293 0.0348593 0.0364411 0.0364715 0.0349135 0.0356588 0.0356343 0.0361303 0.0356299 0.0342775 0.0348923 0.0333147 0.0333147 0.0327552 0.0325544 0.0325544 
AJ271759.1_Symbiodinium_sp.                                        0.0753125 0.0649653 0.0387246 0.0387885 0.0372232 0.0136409 0.0000000 0.0136300 0.0099820 0.0129073 0.0136643 0.0114694 0.0085534 0.0078303 0.0063961 0.0056764 0.0056764 0.0122216 0.0128939 0.0121991 0.0107226 0.0121868 0.0114630 0.0100068 0.0100103 0.0092749 0.0092873 0.0092931 0.0085646 0.0085526 0.0085518 0.0085518 0.0086577 0.0078382 0.0078323 0.0078323 0.0079601 0.0444151 0.0404754 0.0403664 0.0395839 0.0395839 0.0386851 0.0381977 0.0388345 0.0388134 0.0380119 0.0379980 0.0379980 0.0384887 0.0302596 0.0309835 0.0355051 0.0301610 0.0339936 0.0320818 0.0443782 0.0467586 0.0443206 0.0410361 0.0457005 0.0459029 0.0444093 0.0466831 0.0460061 0.0450853 0.0451364 0.0458104 0.0459716 0.0467801 0.0458938 0.0441813 0.0435110 0.0387990 0.0387600 0.0388372 0.0388372 0.0411616 0.0419496 0.0410750 0.0371531 0.0388853 0.0403243 0.0395549 0.0396511 0.0371708 0.0387793 0.0387206 0.0357839 0.0379747 0.0387150 0.0380014 0.0371122 0.0379814 0.0340355 0.0348060 0.0348060 0.0363387 0.0371472 0.0356425 0.0380772 0.0356762 0.0363947 0.0356024 0.0371612 0.0371647 0.0371303 0.0356440 0.0364534 0.0348604 0.0363985 0.0348572 0.0355976 0.0340358 0.0356858 0.0340249 0.0355999 0.0356294 0.0340776 0.0348207 0.0347969 0.0352798 0.0347926 0.0334407 0.0340569 0.0324861 0.0324861 0.0319236 0.0317285 0.0317285 
AJ271754.1_Symbiodinium_sp.                                        0.0692317 0.0632141 0.0379014 0.0356664 0.0341131 0.0158463 0.0136300 0.0000000 0.0121599 0.0092740 0.0100164 0.0078454 0.0107261 0.0099979 0.0085555 0.0078301 0.0078301 0.0085826 0.0092653 0.0085668 0.0071123 0.0085581 0.0078410 0.0064004 0.0064027 0.0071090 0.0056864 0.0056899 0.0049708 0.0063915 0.0049633 0.0049633 0.0050246 0.0056801 0.0056759 0.0056759 0.0057681 0.0396844 0.0357850 0.0356895 0.0349151 0.0349151 0.0339484 0.0334301 0.0341697 0.0341513 0.0333607 0.0333486 0.0333486 0.0337773 0.0249260 0.0256474 0.0316606 0.0248452 0.0301592 0.0282196 0.0404290 0.0427885 0.0403768 0.0371338 0.0417617 0.0419453 0.0404571 0.0427197 0.0420387 0.0411372 0.0404054 0.0410846 0.0412277 0.0428078 0.0403548 0.0402508 0.0395764 0.0349058 0.0348711 0.0364814 0.0364814 0.0372461 0.0380271 0.0371684 0.0348353 0.0349828 0.0364211 0.0356578 0.0357439 0.0332994 0.0348884 0.0348360 0.0319073 0.0340934 0.0348310 0.0333422 0.0332472 0.0340993 0.0301964 0.0309601 0.0309601 0.0324805 0.0332784 0.0325414 0.0341849 0.0318121 0.0325300 0.0317466 0.0332907 0.0332939 0.0332632 0.0317835 0.0325822 0.0310079 0.0325334 0.0279362 0.0317425 0.0301964 0.0318205 0.0301868 0.0317445 0.0317705 0.0302334 0.0309729 0.0309518 0.0313797 0.0309482 0.0295874 0.0302151 0.0286619 0.0286619 0.0280808 0.0279099 0.0279099 
AJ271756.1_Symbiodinium_sp.                                        0.0734978 0.0632265 0.0370944 0.0371868 0.0356292 0.0121695 0.0099820 0.0121599 0.0000000 0.0114399 0.0121903 0.0100076 0.0071079 0.0063887 0.0049608 0.0042454 0.0042454 0.0107525 0.0114291 0.0107327 0.0092669 0.0107218 0.0100020 0.0085532 0.0085562 0.0078260 0.0078364 0.0078414 0.0071172 0.0071072 0.0071065 0.0071065 0.0071944 0.0063951 0.0063903 0.0063903 0.0064942 0.0427823 0.0388611 0.0387569 0.0379781 0.0379781 0.0370569 0.0365594 0.0372309 0.0372107 0.0364139 0.0364007 0.0364007 0.0368695 0.0286997 0.0294222 0.0339266 0.0286064 0.0324209 0.0304997 0.0427470 0.0451161 0.0426917 0.0394279 0.0440721 0.0442665 0.0427768 0.0450435 0.0443655 0.0434538 0.0435027 0.0441777 0.0443325 0.0451366 0.0442578 0.0425580 0.0418868 0.0371969 0.0371598 0.0372334 0.0372334 0.0395478 0.0403321 0.0394650 0.0355626 0.0365074 0.0387165 0.0379505 0.0380424 0.0355795 0.0371782 0.0371222 0.0341919 0.0363785 0.0371168 0.0364040 0.0355236 0.0363848 0.0324609 0.0332277 0.0332277 0.0347537 0.0355570 0.0340575 0.0364763 0.0340895 0.0348070 0.0340192 0.0355703 0.0355737 0.0355408 0.0340588 0.0348629 0.0332793 0.0348106 0.0332764 0.0340147 0.0324610 0.0340986 0.0309296 0.0340168 0.0340449 0.0325008 0.0332416 0.0332190 0.0336787 0.0332150 0.0318609 0.0324811 0.0309192 0.0309192 0.0303497 0.0301647 0.0301647 
AJ271764.1_Symbiodinium_sp.                                        0.0647834 0.0613751 0.0354063 0.0332340 0.0316949 0.0151197 0.0129073 0.0092740 0.0114399 0.0000000 0.0092971 0.0071292 0.0100069 0.0092799 0.0078393 0.0071153 0.0071153 0.0078641 0.0085490 0.0078496 0.0063984 0.0078417 0.0071252 0.0056870 0.0056890 0.0063955 0.0049735 0.0049767 0.0042589 0.0056790 0.0042526 0.0042526 0.0043050 0.0049681 0.0049644 0.0049644 0.0050450 0.0372087 0.0333439 0.0332557 0.0324881 0.0324881 0.0314900 0.0309576 0.0309669 0.0317305 0.0301703 0.0309370 0.0309370 0.0313324 0.0240843 0.0232982 0.0307840 0.0240066 0.0292904 0.0273517 0.0363889 0.0387185 0.0363422 0.0331526 0.0377272 0.0378911 0.0364139 0.0386568 0.0379743 0.0370955 0.0371365 0.0378165 0.0379469 0.0387356 0.0378840 0.0362300 0.0355540 0.0309421 0.0309116 0.0324952 0.0324952 0.0332515 0.0340226 0.0331830 0.0308803 0.0310094 0.0324419 0.0316873 0.0317629 0.0293631 0.0309270 0.0308810 0.0279709 0.0301444 0.0308766 0.0309200 0.0300911 0.0301495 0.0270504 0.0278058 0.0278058 0.0285602 0.0293447 0.0278627 0.0302245 0.0278884 0.0286033 0.0278315 0.0293554 0.0293582 0.0293314 0.0278635 0.0286487 0.0270986 0.0286061 0.0255791 0.0278280 0.0263031 0.0278956 0.0262949 0.0278297 0.0278522 0.0263352 0.0270685 0.0270502 0.0274213 0.0270472 0.0256823 0.0263194 0.0247892 0.0247892 0.0241914 0.0240455 0.0240455 
L13718.1_Symbiodinium_meandrinae                                   0.0677932 0.0617917 0.0347852 0.0342190 0.0326666 0.0158865 0.0136643 0.0100164 0.0121903 0.0092971 0.0000000 0.0078649 0.0107528 0.0100227 0.0085768 0.0078495 0.0078495 0.0014192 0.0035448 0.0028405 0.0028341 0.0028377 0.0078604 0.0064163 0.0064186 0.0071266 0.0057004 0.0057040 0.0049831 0.0064073 0.0049756 0.0049756 0.0050371 0.0056942 0.0056899 0.0056899 0.0057826 0.0397903 0.0358799 0.0357839 0.0350074 0.0350074 0.0340395 0.0327017 0.0342599 0.0342414 0.0334486 0.0334364 0.0334364 0.0338674 0.0265003 0.0272240 0.0332693 0.0264141 0.0317603 0.0298280 0.0421015 0.0444752 0.0420469 0.0387790 0.0434328 0.0436248 0.0421309 0.0444034 0.0437225 0.0428108 0.0428591 0.0435371 0.0436899 0.0444954 0.0428175 0.0419149 0.0412408 0.0365422 0.0365056 0.0381283 0.0381283 0.0388971 0.0396829 0.0388155 0.0364679 0.0366232 0.0380651 0.0372975 0.0373880 0.0349230 0.0365238 0.0364686 0.0335299 0.0341630 0.0364633 0.0342073 0.0348680 0.0357292 0.0302753 0.0295188 0.0295188 0.0340967 0.0349009 0.0333979 0.0358192 0.0334293 0.0341491 0.0333602 0.0349139 0.0349172 0.0348849 0.0333991 0.0342041 0.0326184 0.0341526 0.0310682 0.0333558 0.0317997 0.0334382 0.0317895 0.0333579 0.0333855 0.0318388 0.0325815 0.0325592 0.0330110 0.0325553 0.0311952 0.0318195 0.0302555 0.0302555 0.0296808 0.0294994 0.0294994 
KU188508.1_Symbiodinium_sp.                                        0.0684934 0.0625360 0.0356029 0.0334146 0.0318667 0.0136764 0.0114694 0.0078454 0.0100076 0.0071292 0.0078649 0.0000000 0.0085753 0.0078504 0.0064125 0.0056909 0.0056909 0.0064328 0.0071225 0.0064209 0.0049754 0.0064144 0.0056903 0.0042578 0.0042593 0.0049731 0.0035464 0.0035486 0.0028344 0.0042582 0.0028344 0.0028344 0.0028693 0.0035478 0.0035451 0.0035451 0.0036026 0.0389679 0.0350685 0.0349749 0.0342006 0.0342006 0.0332220 0.0326981 0.0334546 0.0334366 0.0326464 0.0326345 0.0326345 0.0330544 0.0242129 0.0249353 0.0309498 0.0241344 0.0294479 0.0275000 0.0389294 0.0412848 0.0388791 0.0364212 0.0410499 0.0412304 0.0397408 0.0420050 0.0413221 0.0404227 0.0404680 0.0411481 0.0412917 0.0420915 0.0412224 0.0395380 0.0388619 0.0341914 0.0341574 0.0357665 0.0357665 0.0365313 0.0373123 0.0364552 0.0341223 0.0342667 0.0357073 0.0349438 0.0350282 0.0325864 0.0341744 0.0341230 0.0311911 0.0333798 0.0341181 0.0334033 0.0325353 0.0333856 0.0294843 0.0302480 0.0302480 0.0317685 0.0325658 0.0310690 0.0334694 0.0310980 0.0318170 0.0310339 0.0325778 0.0325809 0.0325509 0.0310700 0.0318680 0.0302946 0.0318203 0.0287546 0.0310299 0.0294843 0.0311062 0.0294749 0.0310319 0.0310573 0.0295205 0.0302605 0.0302398 0.0306582 0.0302363 0.0288717 0.0295026 0.0279501 0.0279501 0.0273645 0.0271979 0.0271979 
AB055917.1_Symbiodinium_sp.                                        0.0718934 0.0616650 0.0355408 0.0356878 0.0341337 0.0107345 0.0085534 0.0107261 0.0071079 0.0100069 0.0107528 0.0085753 0.0000000 0.0049675 0.0035424 0.0028294 0.0028294 0.0093160 0.0099974 0.0092988 0.0078388 0.0092894 0.0085705 0.0071255 0.0071280 0.0064011 0.0064097 0.0064137 0.0056920 0.0056840 0.0056835 0.0056835 0.0057537 0.0049725 0.0049687 0.0049687 0.0043255 0.0412681 0.0373545 0.0372545 0.0364772 0.0364772 0.0347553 0.0342420 0.0357303 0.0357110 0.0349166 0.0349039 0.0349039 0.0353534 0.0272194 0.0279423 0.0324415 0.0271310 0.0309376 0.0290029 0.0412341 0.0435985 0.0411807 0.0379283 0.0425651 0.0403540 0.0388688 0.0411256 0.0404434 0.0395501 0.0411496 0.0418273 0.0419731 0.0436182 0.0419027 0.0410520 0.0403783 0.0356977 0.0356621 0.0357327 0.0357327 0.0372163 0.0364521 0.0379638 0.0356255 0.0357766 0.0372156 0.0364508 0.0365389 0.0340864 0.0356799 0.0356262 0.0326948 0.0348827 0.0356210 0.0349072 0.0340329 0.0348887 0.0309758 0.0317411 0.0317411 0.0332645 0.0340648 0.0325665 0.0349764 0.0325971 0.0333154 0.0325299 0.0340775 0.0340807 0.0340493 0.0325677 0.0333689 0.0317902 0.0333188 0.0317874 0.0325256 0.0309758 0.0326057 0.0309659 0.0325277 0.0325544 0.0310138 0.0317543 0.0317326 0.0321718 0.0317289 0.0303694 0.0309950 0.0294377 0.0294377 0.0288601 0.0286843 0.0286843 
AJ271757.1_Symbiodinium_sp.                                        0.0710123 0.0608168 0.0347658 0.0348989 0.0333482 0.0100057 0.0078303 0.0099979 0.0063887 0.0092799 0.0100227 0.0078504 0.0049675 0.0000000 0.0028302 0.0021192 0.0021192 0.0085881 0.0092712 0.0085722 0.0071168 0.0085636 0.0078460 0.0064045 0.0064068 0.0056824 0.0056900 0.0056936 0.0049739 0.0049670 0.0049665 0.0049665 0.0050278 0.0042565 0.0042533 0.0042533 0.0043223 0.0404654 0.0365598 0.0364621 0.0356865 0.0356865 0.0347310 0.0342179 0.0349405 0.0349216 0.0341293 0.0341170 0.0341170 0.0345558 0.0264492 0.0271715 0.0316633 0.0263634 0.0301618 0.0282221 0.0404321 0.0427916 0.0403798 0.0371367 0.0417648 0.0419484 0.0404602 0.0427228 0.0420418 0.0411402 0.0411863 0.0418646 0.0412308 0.0428109 0.0419403 0.0402538 0.0395794 0.0349087 0.0348739 0.0349428 0.0349428 0.0372490 0.0380301 0.0371713 0.0348381 0.0349856 0.0364240 0.0356607 0.0357467 0.0333022 0.0348912 0.0348388 0.0319100 0.0340962 0.0348338 0.0341202 0.0332500 0.0341021 0.0301990 0.0309628 0.0309628 0.0324832 0.0332812 0.0317851 0.0341877 0.0318148 0.0325327 0.0317493 0.0332935 0.0332966 0.0332660 0.0317862 0.0325849 0.0310105 0.0325361 0.0310078 0.0317452 0.0301990 0.0318232 0.0301894 0.0317471 0.0317732 0.0302360 0.0309756 0.0309545 0.0313824 0.0309509 0.0295900 0.0302177 0.0286644 0.0286644 0.0280833 0.0279124 0.0279124 
AB863030.1_Symbiodinium_sp.                                        0.0693124 0.0591754 0.0331968 0.0333572 0.0318120 0.0085622 0.0063961 0.0085555 0.0049608 0.0078393 0.0085768 0.0064125 0.0035424 0.0028302 0.0000000 0.0007046 0.0007046 0.0071449 0.0078320 0.0071318 0.0056841 0.0071246 0.0064089 0.0049731 0.0049749 0.0042548 0.0042605 0.0042631 0.0035470 0.0035420 0.0035417 0.0035417 0.0035853 0.0028330 0.0028309 0.0028309 0.0028767 0.0389005 0.0350080 0.0349147 0.0341417 0.0341417 0.0331639 0.0326405 0.0333970 0.0333791 0.0325903 0.0325785 0.0325785 0.0329970 0.0249378 0.0256596 0.0301400 0.0248570 0.0286424 0.0266915 0.0388686 0.0412201 0.0388184 0.0355912 0.0402055 0.0403817 0.0388955 0.0411539 0.0404713 0.0395772 0.0396214 0.0403014 0.0404416 0.0412385 0.0403740 0.0386976 0.0380216 0.0333667 0.0333335 0.0333992 0.0333992 0.0356985 0.0364768 0.0356243 0.0332994 0.0334399 0.0348782 0.0341171 0.0341992 0.0317685 0.0333501 0.0333001 0.0303742 0.0325587 0.0332953 0.0325816 0.0317188 0.0325643 0.0286777 0.0294389 0.0294389 0.0309546 0.0317485 0.0302557 0.0326459 0.0302838 0.0310017 0.0302216 0.0317602 0.0317632 0.0317340 0.0302566 0.0310513 0.0294840 0.0310048 0.0294815 0.0302177 0.0286776 0.0302918 0.0286685 0.0302196 0.0302443 0.0287127 0.0294509 0.0294309 0.0298371 0.0294275 0.0280630 0.0286954 0.0271488 0.0271488 0.0265602 0.0263989 0.0263989 
AB016579.1_Symbiodinium_sp.                                        0.0684006 0.0583043 0.0323866 0.0325608 0.0310199 0.0078361 0.0056764 0.0078301 0.0042454 0.0071153 0.0078495 0.0056909 0.0028294 0.0021192 0.0007046 0.0000000 0.0000010 0.0064202 0.0071086 0.0064084 0.0049657 0.0064019 0.0056877 0.0042559 0.0042574 0.0035400 0.0035447 0.0035470 0.0028331 0.0028291 0.0028288 0.0028288 0.0028637 0.0021214 0.0021198 0.0021198 0.0021541 0.0380874 0.0342050 0.0341141 0.0333431 0.0333431 0.0323546 0.0318264 0.0325997 0.0325822 0.0317960 0.0317845 0.0317845 0.0321921 0.0241641 0.0248850 0.0293558 0.0240859 0.0278614 0.0259065 0.0380562 0.0404015 0.0380072 0.0347910 0.0393942 0.0395664 0.0380825 0.0403368 0.0396539 0.0387645 0.0388076 0.0394880 0.0396249 0.0404195 0.0395589 0.0378891 0.0372129 0.0325701 0.0325379 0.0326018 0.0326018 0.0348955 0.0356719 0.0348232 0.0325046 0.0326415 0.0340784 0.0333192 0.0333992 0.0309777 0.0325540 0.0325054 0.0295834 0.0317653 0.0325007 0.0317876 0.0309293 0.0317707 0.0278958 0.0286550 0.0286550 0.0301670 0.0309582 0.0294683 0.0318501 0.0294956 0.0302128 0.0294351 0.0309695 0.0309725 0.0309440 0.0294691 0.0302610 0.0286988 0.0302158 0.0286964 0.0294314 0.0278956 0.0295033 0.0278868 0.0294332 0.0294571 0.0279298 0.0286667 0.0286472 0.0290420 0.0286440 0.0272787 0.0279129 0.0263711 0.0263711 0.0257792 0.0256229 0.0256229 
AB016572.1_Symbiodinium_sp.                                        0.0684006 0.0583043 0.0323866 0.0325608 0.0310199 0.0078361 0.0056764 0.0078301 0.0042454 0.0071153 0.0078495 0.0056909 0.0028294 0.0021192 0.0007046 0.0000010 0.0000000 0.0064202 0.0071086 0.0064084 0.0049657 0.0064019 0.0056877 0.0042559 0.0042574 0.0035400 0.0035447 0.0035470 0.0028331 0.0028291 0.0028288 0.0028288 0.0028637 0.0021214 0.0021198 0.0021198 0.0021541 0.0380874 0.0342050 0.0341141 0.0333431 0.0333431 0.0323546 0.0318264 0.0325997 0.0325822 0.0317960 0.0317845 0.0317845 0.0321921 0.0241641 0.0248850 0.0293558 0.0240859 0.0278614 0.0259065 0.0380562 0.0404015 0.0380072 0.0347910 0.0393942 0.0395664 0.0380825 0.0403368 0.0396539 0.0387645 0.0388076 0.0394880 0.0396249 0.0404195 0.0395589 0.0378891 0.0372129 0.0325701 0.0325379 0.0326018 0.0326018 0.0348955 0.0356719 0.0348232 0.0325046 0.0326415 0.0340784 0.0333192 0.0333992 0.0309777 0.0325540 0.0325054 0.0295834 0.0317653 0.0325007 0.0317876 0.0309293 0.0317707 0.0278958 0.0286550 0.0286550 0.0301670 0.0309582 0.0294683 0.0318501 0.0294956 0.0302128 0.0294351 0.0309695 0.0309725 0.0309440 0.0294691 0.0302610 0.0286988 0.0302158 0.0286964 0.0294314 0.0278956 0.0295033 0.0278868 0.0294332 0.0294571 0.0279298 0.0286667 0.0286472 0.0290420 0.0286440 0.0272787 0.0279129 0.0263711 0.0263711 0.0257792 0.0256229 0.0256229 
L13717.1_Symbiodinium_corculorum                                   0.0661845 0.0602196 0.0332589 0.0327177 0.0311690 0.0144369 0.0122216 0.0085826 0.0107525 0.0078641 0.0014192 0.0064328 0.0093160 0.0085881 0.0071449 0.0064202 0.0064202 0.0000000 0.0021262 0.0014198 0.0014166 0.0014184 0.0064291 0.0049888 0.0049906 0.0056994 0.0042739 0.0042766 0.0035581 0.0049818 0.0035528 0.0035528 0.0035968 0.0042692 0.0042660 0.0042660 0.0043354 0.0374992 0.0343707 0.0342789 0.0335040 0.0335040 0.0325131 0.0311679 0.0327570 0.0327393 0.0319490 0.0319374 0.0319374 0.0323490 0.0250184 0.0257424 0.0317780 0.0249370 0.0302711 0.0283254 0.0405809 0.0429494 0.0405282 0.0372723 0.0419178 0.0421028 0.0406092 0.0428801 0.0421969 0.0412915 0.0413379 0.0420184 0.0421656 0.0429688 0.0412979 0.0404012 0.0397247 0.0350362 0.0350012 0.0366179 0.0366179 0.0373855 0.0381695 0.0373073 0.0349652 0.0351138 0.0365572 0.0357910 0.0358777 0.0334235 0.0350187 0.0349659 0.0320266 0.0326645 0.0349608 0.0327068 0.0333709 0.0342265 0.0287871 0.0280318 0.0280318 0.0326012 0.0334023 0.0319007 0.0343127 0.0319307 0.0326511 0.0318647 0.0334147 0.0334179 0.0333870 0.0319018 0.0327037 0.0311232 0.0326545 0.0295770 0.0318605 0.0303085 0.0319391 0.0302989 0.0318625 0.0318888 0.0303458 0.0310881 0.0310668 0.0314978 0.0310631 0.0296978 0.0303274 0.0287682 0.0287682 0.0281855 0.0280134 0.0280134 
AB055918.1_Symbiodinium_sp.                                        0.0667097 0.0607573 0.0338879 0.0333386 0.0317943 0.0151050 0.0128939 0.0092653 0.0114291 0.0085490 0.0035448 0.0071225 0.0099974 0.0092712 0.0078320 0.0071086 0.0071086 0.0021262 0.0000000 0.0021223 0.0021175 0.0021202 0.0071185 0.0056816 0.0056836 0.0063895 0.0049689 0.0049720 0.0042549 0.0056737 0.0042486 0.0042486 0.0043009 0.0049634 0.0049597 0.0049597 0.0050401 0.0388784 0.0349883 0.0348952 0.0341226 0.0341226 0.0331451 0.0318083 0.0333784 0.0333604 0.0325721 0.0325604 0.0325604 0.0329783 0.0256608 0.0263820 0.0323984 0.0255777 0.0308964 0.0289639 0.0411786 0.0435398 0.0411254 0.0378775 0.0425081 0.0426951 0.0412072 0.0434698 0.0427902 0.0418859 0.0419329 0.0426097 0.0427585 0.0435594 0.0426867 0.0409970 0.0403241 0.0356499 0.0356144 0.0372272 0.0372272 0.0379923 0.0387739 0.0379130 0.0355778 0.0357286 0.0371657 0.0364020 0.0364899 0.0340409 0.0356321 0.0355785 0.0326510 0.0348360 0.0355734 0.0333273 0.0339875 0.0348420 0.0294177 0.0286648 0.0286648 0.0332201 0.0340194 0.0325230 0.0349295 0.0325535 0.0332709 0.0324865 0.0340320 0.0340352 0.0340038 0.0325242 0.0333242 0.0317477 0.0332743 0.0302058 0.0324822 0.0309345 0.0325621 0.0309247 0.0324842 0.0325109 0.0309724 0.0317120 0.0316904 0.0321283 0.0316866 0.0295709 0.0309537 0.0293985 0.0293985 0.0288214 0.0286461 0.0286461 
X62650.1_S.pilosum                                                 0.0660546 0.0601035 0.0331953 0.0326562 0.0311104 0.0144103 0.0121991 0.0085668 0.0107327 0.0078496 0.0028405 0.0064209 0.0092988 0.0085722 0.0071318 0.0064084 0.0064084 0.0014198 0.0021223 0.0000000 0.0014140 0.0014158 0.0064173 0.0049796 0.0049814 0.0056889 0.0042661 0.0042687 0.0035516 0.0049727 0.0035463 0.0035463 0.0035901 0.0042614 0.0042582 0.0042582 0.0043274 0.0382003 0.0343057 0.0342143 0.0334409 0.0334409 0.0324509 0.0311079 0.0326953 0.0326777 0.0318889 0.0318774 0.0318774 0.0322874 0.0249716 0.0256943 0.0317186 0.0248906 0.0302145 0.0282719 0.0405040 0.0428679 0.0404516 0.0372022 0.0418388 0.0420231 0.0405322 0.0427989 0.0421168 0.0412133 0.0412596 0.0419390 0.0420856 0.0428873 0.0420149 0.0403251 0.0396496 0.0349702 0.0349353 0.0365488 0.0365488 0.0373149 0.0380974 0.0372370 0.0348994 0.0350475 0.0364883 0.0357236 0.0358099 0.0333607 0.0349527 0.0349001 0.0319662 0.0341562 0.0348951 0.0326453 0.0333083 0.0341621 0.0287332 0.0279793 0.0279793 0.0325401 0.0333396 0.0318408 0.0342480 0.0318707 0.0325898 0.0318049 0.0333519 0.0333551 0.0333243 0.0318419 0.0326422 0.0310648 0.0325932 0.0295216 0.0318008 0.0302518 0.0318791 0.0302422 0.0318028 0.0318289 0.0302890 0.0310298 0.0310086 0.0314380 0.0310050 0.0296419 0.0302706 0.0287144 0.0287144 0.0281325 0.0279610 0.0279610 
AB016723.1_Symbiodinium_sp.                                        0.0658840 0.0599519 0.0331142 0.0310502 0.0295136 0.0129200 0.0107226 0.0071123 0.0092669 0.0063984 0.0028341 0.0049754 0.0078388 0.0071168 0.0056841 0.0049657 0.0049657 0.0014166 0.0021175 0.0014140 0.0000000 0.0014126 0.0049726 0.0035436 0.0035449 0.0042508 0.0028334 0.0028352 0.0021230 0.0035387 0.0021199 0.0021199 0.0021459 0.0028303 0.0028282 0.0028282 0.0028740 0.0381074 0.0342228 0.0341319 0.0333604 0.0333604 0.0323716 0.0310315 0.0326166 0.0325991 0.0318124 0.0318009 0.0318009 0.0322089 0.0234121 0.0241327 0.0301264 0.0233364 0.0286295 0.0266794 0.0388507 0.0412011 0.0388006 0.0355750 0.0401871 0.0403632 0.0388776 0.0411350 0.0404526 0.0395590 0.0396032 0.0402830 0.0404230 0.0412195 0.0403554 0.0386799 0.0380042 0.0333515 0.0333184 0.0349200 0.0349200 0.0356822 0.0364602 0.0356080 0.0332843 0.0334247 0.0348623 0.0341016 0.0341836 0.0317541 0.0333350 0.0332850 0.0303604 0.0325440 0.0332802 0.0310401 0.0317045 0.0325496 0.0271544 0.0279128 0.0279128 0.0309406 0.0317341 0.0302420 0.0326310 0.0302701 0.0309876 0.0302080 0.0317458 0.0317488 0.0317196 0.0302429 0.0310372 0.0294707 0.0309908 0.0279369 0.0302041 0.0286647 0.0302781 0.0286556 0.0302060 0.0302306 0.0286998 0.0294377 0.0294176 0.0298235 0.0294143 0.0280503 0.0286824 0.0271366 0.0271366 0.0265482 0.0263871 0.0263871 
AB016724.1_Symbiodinium_sp.                                        0.0659827 0.0600392 0.0331602 0.0326222 0.0310781 0.0143956 0.0121868 0.0085581 0.0107218 0.0078417 0.0028377 0.0064144 0.0092894 0.0085636 0.0071246 0.0064019 0.0064019 0.0014184 0.0021202 0.0014158 0.0014126 0.0000000 0.0064108 0.0049746 0.0049764 0.0056832 0.0042618 0.0042645 0.0035481 0.0049677 0.0035428 0.0035428 0.0035865 0.0042571 0.0042539 0.0042539 0.0043230 0.0381602 0.0342699 0.0341787 0.0334061 0.0334061 0.0324166 0.0310748 0.0326612 0.0326436 0.0318558 0.0318442 0.0318442 0.0322534 0.0249458 0.0256678 0.0316858 0.0248650 0.0301832 0.0282423 0.0404615 0.0428229 0.0404092 0.0371634 0.0417951 0.0419790 0.0404896 0.0427540 0.0420725 0.0411702 0.0412163 0.0418951 0.0420414 0.0428422 0.0419708 0.0402829 0.0396081 0.0349338 0.0348989 0.0365106 0.0365106 0.0372759 0.0380576 0.0371981 0.0348631 0.0350108 0.0364502 0.0356863 0.0357725 0.0333260 0.0349163 0.0348638 0.0319329 0.0341207 0.0348588 0.0326113 0.0332737 0.0341265 0.0287035 0.0279504 0.0279504 0.0325063 0.0333049 0.0318077 0.0342122 0.0318375 0.0325560 0.0317719 0.0333173 0.0333205 0.0332897 0.0318088 0.0326082 0.0310326 0.0325593 0.0294910 0.0317678 0.0302205 0.0318459 0.0302109 0.0317698 0.0317958 0.0302575 0.0309976 0.0309765 0.0314050 0.0309729 0.0296111 0.0302392 0.0286847 0.0286847 0.0281032 0.0279321 0.0279321 
KU188515.1_Symbiodinium_sp.                                        0.0684471 0.0624949 0.0355806 0.0333942 0.0318473 0.0136684 0.0114630 0.0078410 0.0100020 0.0071252 0.0078604 0.0056903 0.0085705 0.0078460 0.0064089 0.0056877 0.0056877 0.0064291 0.0071185 0.0064173 0.0049726 0.0064108 0.0000000 0.0042554 0.0042569 0.0049703 0.0035444 0.0035466 0.0028328 0.0042558 0.0028328 0.0028328 0.0028677 0.0035458 0.0035431 0.0035431 0.0028779 0.0389437 0.0350469 0.0349535 0.0341796 0.0341796 0.0324176 0.0318888 0.0334341 0.0334161 0.0326265 0.0326146 0.0326146 0.0330340 0.0241985 0.0249204 0.0309311 0.0241201 0.0294302 0.0274833 0.0396885 0.0420463 0.0396372 0.0363988 0.0410245 0.0412047 0.0397161 0.0419788 0.0412963 0.0403976 0.0404428 0.0411225 0.0412659 0.0420652 0.0411967 0.0395136 0.0388378 0.0341705 0.0341365 0.0357445 0.0357445 0.0365088 0.0372893 0.0364328 0.0341014 0.0342457 0.0356854 0.0349224 0.0350066 0.0325665 0.0341535 0.0341021 0.0311721 0.0333595 0.0340972 0.0333829 0.0325155 0.0333652 0.0294665 0.0302297 0.0302297 0.0317492 0.0325460 0.0310501 0.0334489 0.0310791 0.0317976 0.0310151 0.0325580 0.0325611 0.0325311 0.0310511 0.0318486 0.0302762 0.0318009 0.0287372 0.0310111 0.0294665 0.0310873 0.0294571 0.0310130 0.0310384 0.0295026 0.0302422 0.0302216 0.0306394 0.0302181 0.0288542 0.0294847 0.0279333 0.0279333 0.0273480 0.0271816 0.0271816 
KU188511.1_Symbiodinium_sp.                                        0.0667019 0.0607999 0.0339822 0.0318325 0.0302924 0.0122008 0.0100068 0.0064004 0.0085532 0.0056870 0.0064163 0.0042578 0.0071255 0.0064045 0.0049731 0.0042559 0.0042559 0.0049888 0.0056816 0.0049796 0.0035436 0.0049746 0.0042554 0.0000000 0.0028314 0.0035420 0.0021217 0.0021230 0.0014131 0.0028307 0.0014131 0.0014131 0.0014305 0.0021225 0.0021209 0.0021209 0.0021552 0.0373544 0.0334738 0.0333849 0.0326143 0.0326143 0.0316141 0.0310805 0.0318706 0.0318535 0.0310680 0.0310568 0.0310568 0.0314553 0.0226774 0.0233983 0.0293875 0.0226041 0.0278915 0.0259348 0.0380977 0.0404456 0.0380486 0.0348287 0.0394369 0.0396095 0.0381240 0.0403807 0.0396972 0.0388067 0.0388499 0.0395309 0.0396682 0.0404636 0.0396020 0.0379302 0.0372533 0.0326055 0.0325732 0.0341718 0.0341718 0.0349335 0.0357107 0.0348610 0.0325399 0.0326770 0.0341154 0.0333554 0.0326725 0.0310112 0.0325894 0.0325406 0.0296156 0.0317997 0.0325359 0.0318220 0.0309628 0.0318051 0.0279259 0.0286860 0.0286860 0.0301996 0.0309917 0.0295002 0.0318847 0.0295276 0.0302455 0.0294670 0.0310030 0.0310060 0.0309775 0.0295011 0.0302938 0.0287299 0.0302486 0.0271979 0.0294632 0.0279258 0.0295353 0.0279170 0.0294650 0.0294890 0.0279600 0.0286977 0.0286782 0.0290738 0.0286749 0.0273084 0.0279431 0.0263996 0.0263996 0.0258072 0.0256506 0.0256506 
KU188514.1_Symbiodinium_sp.                                        0.0667322 0.0608258 0.0339958 0.0318450 0.0303042 0.0122053 0.0100103 0.0064027 0.0085562 0.0056890 0.0064186 0.0042593 0.0071280 0.0064068 0.0049749 0.0042574 0.0042574 0.0049906 0.0056836 0.0049814 0.0035449 0.0049764 0.0042569 0.0028314 0.0000000 0.0035432 0.0021224 0.0021238 0.0014136 0.0028316 0.0014136 0.0014136 0.0014310 0.0021233 0.0021217 0.0021217 0.0021552 0.0373694 0.0334870 0.0333981 0.0326271 0.0326271 0.0316267 0.0310929 0.0318831 0.0318660 0.0310802 0.0310690 0.0310690 0.0314677 0.0226861 0.0234072 0.0293989 0.0226127 0.0279023 0.0259448 0.0381129 0.0404619 0.0380638 0.0348425 0.0394526 0.0396254 0.0381393 0.0403970 0.0397132 0.0388222 0.0388655 0.0395467 0.0396841 0.0404799 0.0396178 0.0379453 0.0372682 0.0326183 0.0325860 0.0341853 0.0341853 0.0349473 0.0357248 0.0348747 0.0325526 0.0326898 0.0341289 0.0333685 0.0334487 0.0310233 0.0326022 0.0325533 0.0296271 0.0318122 0.0325487 0.0318345 0.0309748 0.0318176 0.0279367 0.0286971 0.0286971 0.0302114 0.0310038 0.0295117 0.0318973 0.0295391 0.0302573 0.0294784 0.0310151 0.0310181 0.0309896 0.0295125 0.0303057 0.0287410 0.0302603 0.0272084 0.0294747 0.0279366 0.0295468 0.0279278 0.0294765 0.0295005 0.0279708 0.0287088 0.0286893 0.0290852 0.0286860 0.0273189 0.0279539 0.0264097 0.0264097 0.0258172 0.0256604 0.0256604 
AF238256.1_Symbiodinium_sp._Type_A                                 0.0675204 0.0599215 0.0331650 0.0325618 0.0310208 0.0114620 0.0092749 0.0071090 0.0078260 0.0063955 0.0071266 0.0049731 0.0064011 0.0056824 0.0042548 0.0035400 0.0035400 0.0056994 0.0063895 0.0056889 0.0042508 0.0056832 0.0049703 0.0035420 0.0035432 0.0000000 0.0028321 0.0028339 0.0021220 0.0021191 0.0021189 0.0021189 0.0021449 0.0014124 0.0014114 0.0014114 0.0014340 0.0380887 0.0342061 0.0341152 0.0333442 0.0333442 0.0323556 0.0318274 0.0326007 0.0325832 0.0317969 0.0317854 0.0317854 0.0321931 0.0234008 0.0241211 0.0301119 0.0233252 0.0286157 0.0266664 0.0388316 0.0411808 0.0387816 0.0355577 0.0401674 0.0403433 0.0388585 0.0411148 0.0404327 0.0395396 0.0395837 0.0402632 0.0404031 0.0411992 0.0403356 0.0386610 0.0379855 0.0333352 0.0333022 0.0349029 0.0349029 0.0356647 0.0364423 0.0355907 0.0332681 0.0334084 0.0348453 0.0340850 0.0341669 0.0317387 0.0333187 0.0332688 0.0303456 0.0325282 0.0332640 0.0325510 0.0316891 0.0325337 0.0286510 0.0294114 0.0294114 0.0309256 0.0317187 0.0302273 0.0326151 0.0302554 0.0309726 0.0301933 0.0317304 0.0317334 0.0317042 0.0302283 0.0310221 0.0294564 0.0309758 0.0279234 0.0301895 0.0286508 0.0302634 0.0286418 0.0301913 0.0302160 0.0286859 0.0294234 0.0294034 0.0298089 0.0294001 0.0280367 0.0286686 0.0271236 0.0271236 0.0265354 0.0263744 0.0263744 
KU188513.1_Symbiodinium_sp.                                        0.0658866 0.0600028 0.0332104 0.0310769 0.0295389 0.0114773 0.0092873 0.0056864 0.0078364 0.0049735 0.0057004 0.0035464 0.0064097 0.0056900 0.0042605 0.0035447 0.0035447 0.0042739 0.0049689 0.0042661 0.0028334 0.0042618 0.0035444 0.0021217 0.0021224 0.0028321 0.0000000 0.0014146 0.0007056 0.0021219 0.0007056 0.0007056 0.0007149 0.0014143 0.0014132 0.0014132 0.0014361 0.0365896 0.0327138 0.0326271 0.0318574 0.0318574 0.0308460 0.0303072 0.0311141 0.0310975 0.0303134 0.0303025 0.0303025 0.0306911 0.0219350 0.0226558 0.0286388 0.0218641 0.0271442 0.0251812 0.0373326 0.0396775 0.0372845 0.0340712 0.0386743 0.0388435 0.0373584 0.0396139 0.0389293 0.0380421 0.0380844 0.0387665 0.0389009 0.0396951 0.0388361 0.0371686 0.0364907 0.0318488 0.0318173 0.0334126 0.0334126 0.0341735 0.0349497 0.0341027 0.0317848 0.0319185 0.0333575 0.0325982 0.0326765 0.0302580 0.0318331 0.0317855 0.0288608 0.0310450 0.0317809 0.0310668 0.0302108 0.0310502 0.0271777 0.0279367 0.0279367 0.0294486 0.0302390 0.0287485 0.0311279 0.0287752 0.0294933 0.0287161 0.0302500 0.0302529 0.0302251 0.0287493 0.0295404 0.0279794 0.0294963 0.0264497 0.0287125 0.0271775 0.0287827 0.0271689 0.0287143 0.0287376 0.0272108 0.0279481 0.0279291 0.0283142 0.0279260 0.0265571 0.0271943 0.0256536 0.0256536 0.0250574 0.0249054 0.0249054 
KU188510.1_Symbiodinium_sp.                                        0.0659370 0.0600466 0.0332336 0.0310981 0.0295590 0.0114847 0.0092931 0.0056899 0.0078414 0.0049767 0.0057040 0.0035486 0.0064137 0.0056936 0.0042631 0.0035470 0.0035470 0.0042766 0.0049720 0.0042687 0.0028352 0.0042645 0.0035466 0.0021230 0.0021238 0.0028339 0.0014146 0.0000000 0.0007066 0.0021232 0.0007066 0.0007066 0.0007153 0.0014152 0.0014141 0.0014141 0.0014361 0.0366149 0.0327363 0.0326494 0.0318792 0.0318792 0.0308673 0.0303283 0.0311353 0.0311187 0.0303340 0.0303231 0.0303231 0.0307122 0.0219496 0.0226708 0.0286581 0.0218786 0.0271624 0.0251983 0.0373584 0.0397051 0.0373102 0.0340945 0.0387010 0.0388704 0.0373843 0.0396414 0.0389564 0.0380684 0.0381108 0.0387933 0.0389279 0.0397227 0.0388630 0.0371942 0.0365158 0.0318706 0.0318390 0.0334355 0.0334355 0.0341969 0.0349737 0.0341260 0.0318064 0.0319404 0.0333803 0.0326205 0.0326988 0.0302786 0.0318548 0.0318071 0.0288804 0.0310661 0.0318026 0.0310879 0.0302313 0.0310714 0.0271960 0.0279556 0.0279556 0.0294685 0.0302595 0.0287680 0.0311491 0.0287947 0.0295133 0.0287355 0.0302705 0.0302735 0.0302456 0.0287688 0.0295604 0.0279982 0.0295163 0.0264675 0.0287319 0.0271958 0.0288022 0.0271872 0.0287337 0.0287571 0.0272291 0.0279669 0.0279479 0.0283336 0.0279448 0.0265750 0.0272126 0.0256708 0.0256708 0.0250742 0.0249220 0.0249220 
KU188509.1_Symbiodinium_sp.                                        0.0650335 0.0591724 0.0324224 0.0303064 0.0287715 0.0107485 0.0085646 0.0049708 0.0071172 0.0042589 0.0049831 0.0028344 0.0056920 0.0049739 0.0035470 0.0028331 0.0028331 0.0035581 0.0042549 0.0035516 0.0021230 0.0035481 0.0028328 0.0014131 0.0014136 0.0021220 0.0007056 0.0007066 0.0000000 0.0014132 0.0000010 0.0000010 0.0000010 0.0007060 0.0007056 0.0007056 0.0007177 0.0358066 0.0319381 0.0318535 0.0310853 0.0310853 0.0300629 0.0295191 0.0303428 0.0303266 0.0295444 0.0295338 0.0295338 0.0299122 0.0211828 0.0219032 0.0278767 0.0211144 0.0263843 0.0244161 0.0365490 0.0388895 0.0365019 0.0332972 0.0378926 0.0380580 0.0365742 0.0388272 0.0381420 0.0372586 0.0372999 0.0379827 0.0381142 0.0389067 0.0380508 0.0363887 0.0357100 0.0310769 0.0310462 0.0326372 0.0326372 0.0333969 0.0341716 0.0333278 0.0310145 0.0311448 0.0325834 0.0318254 0.0319017 0.0294905 0.0310616 0.0310152 0.0280925 0.0302754 0.0310108 0.0302967 0.0294446 0.0302806 0.0264168 0.0271745 0.0271745 0.0286838 0.0294720 0.0279834 0.0303562 0.0280093 0.0287272 0.0279519 0.0294827 0.0294856 0.0294585 0.0279842 0.0287730 0.0272158 0.0287301 0.0256894 0.0279484 0.0264166 0.0280166 0.0264083 0.0279501 0.0279728 0.0264490 0.0271855 0.0271670 0.0275413 0.0271640 0.0257936 0.0264330 0.0248958 0.0248958 0.0242960 0.0241488 0.0241488 
