130
GU362426_Gymnodinium_catenatum                                     0.0000000 0.0454156 0.0658326 0.0705198 0.0688112 0.0773073 0.0754417 0.0693457 0.0736228 0.0648792 0.0679037 0.0686034 0.0720117 0.0711299 0.0694249 0.0685105 0.0685105 0.0662918 0.0668134 0.0661598 0.0659868 0.0660867 0.0685584 0.0668062 0.0668383 0.0676292 0.0659923 0.0660406 0.0651355 0.0667646 0.0650825 0.0650825 0.0659678 0.0659608 0.0659071 0.0659071 0.0653385 0.0735059 0.0674164 0.0672180 0.0663769 0.0663769 0.0658633 0.0665310 0.0665251 0.0655561 0.0656036 0.0664567 0.0664567 0.0673586 0.0629972 0.0628353 0.0678048 0.0635948 0.0661888 0.0644930 0.0742418 0.0768227 0.0741449 0.0695392 0.0694714 0.0750069 0.0732271 0.0767005 0.0760444 0.0749503 0.0742003 0.0730951 0.0733814 0.0768766 0.0741531 0.0738994 0.0715060 0.0697396 0.0696619 0.0697594 0.0697594 0.0724171 0.0707282 0.0705097 0.0696617 0.0708218 0.0680694 0.0706072 0.0707974 0.0635796 0.0697747 0.0696550 0.0665725 0.0688796 0.0679813 0.0657078 0.0670288 0.0680061 0.0604042 0.0595934 0.0595934 0.0670223 0.0679321 0.0663338 0.0690768 0.0664040 0.0679762 0.0662590 0.0679628 0.0679698 0.0678994 0.0671934 0.0664147 0.0654812 0.0671461 0.0612486 0.0662457 0.0661891 0.0664267 0.0645055 0.0637596 0.0663122 0.0619800 0.0653956 0.0653521 0.0663050 0.0653362 0.0640467 0.0645730 0.0628345 0.0628345 0.0632662 0.0636670 0.0636670 
EF492511                                                           0.0454156 0.0000000 0.0450498 0.0638125 0.0621494 0.0676721 0.0650420 0.0632886 0.0633005 0.0614394 0.0618634 0.0626079 0.0617338 0.0608852 0.0592403 0.0583673 0.0583673 0.0602890 0.0608235 0.0601711 0.0600175 0.0601059 0.0625680 0.0608666 0.0608949 0.0599904 0.0600709 0.0601137 0.0592377 0.0591537 0.0591431 0.0591431 0.0599313 0.0583700 0.0583234 0.0583234 0.0576160 0.0665230 0.0606192 0.0604465 0.0580144 0.0580144 0.0573436 0.0579115 0.0614257 0.0588294 0.0605327 0.0596986 0.0596986 0.0604913 0.0531516 0.0520897 0.0537392 0.0513341 0.0521799 0.0503987 0.0680696 0.0705797 0.0679827 0.0619620 0.0627564 0.0655350 0.0654566 0.0688200 0.0681633 0.0671267 0.0655224 0.0653428 0.0655910 0.0689739 0.0663476 0.0661263 0.0654230 0.0638201 0.0637505 0.0646928 0.0646928 0.0646660 0.0646591 0.0628381 0.0636401 0.0631416 0.0621085 0.0629234 0.0622629 0.0586232 0.0621130 0.0611909 0.0590278 0.0612504 0.0620043 0.0581521 0.0578219 0.0604060 0.0530384 0.0522495 0.0522495 0.0594668 0.0603424 0.0587830 0.0614207 0.0588431 0.0603803 0.0587175 0.0603683 0.0603748 0.0594980 0.0587876 0.0588525 0.0579563 0.0587579 0.0553597 0.0587067 0.0586576 0.0588625 0.0570250 0.0578976 0.0587633 0.0545976 0.0578829 0.0562402 0.0570420 0.0578321 0.0565395 0.0570833 0.0554038 0.0554038 0.0557756 0.0562119 0.0562119 
JF791031                                                           0.0658326 0.0450498 0.0000000 0.0417703 0.0401695 0.0403873 0.0387588 0.0379373 0.0371267 0.0354328 0.0348130 0.0356332 0.0355695 0.0347943 0.0332230 0.0324116 0.0324116 0.0332853 0.0339129 0.0332208 0.0331387 0.0331851 0.0356116 0.0340094 0.0340242 0.0331929 0.0332381 0.0332606 0.0324483 0.0324018 0.0323967 0.0323967 0.0328224 0.0316399 0.0316148 0.0316148 0.0313575 0.0442158 0.0402254 0.0401142 0.0393221 0.0393221 0.0392137 0.0379004 0.0393486 0.0385422 0.0385137 0.0377159 0.0377159 0.0382114 0.0322003 0.0336784 0.0375181 0.0336274 0.0359845 0.0340628 0.0449031 0.0473138 0.0448463 0.0407433 0.0430979 0.0440412 0.0449139 0.0472176 0.0465310 0.0455962 0.0456518 0.0455149 0.0456822 0.0473386 0.0464188 0.0455427 0.0448607 0.0408864 0.0408433 0.0417215 0.0417215 0.0392273 0.0424231 0.0408158 0.0399961 0.0401932 0.0416266 0.0408433 0.0393700 0.0384223 0.0400580 0.0376393 0.0362304 0.0392029 0.0384031 0.0377620 0.0375792 0.0392454 0.0329089 0.0321413 0.0321413 0.0375747 0.0383976 0.0360963 0.0393479 0.0369065 0.0368586 0.0368291 0.0384126 0.0384173 0.0360450 0.0368719 0.0369125 0.0376371 0.0360792 0.0368494 0.0352593 0.0336806 0.0369182 0.0352238 0.0368256 0.0368568 0.0337068 0.0360336 0.0360104 0.0356778 0.0360037 0.0346397 0.0352593 0.0336636 0.0336636 0.0338855 0.0328953 0.0328953 
AY160124.1_Symbiodinium_sp._G15                                    0.0705198 0.0638125 0.0417703 0.0000000 0.0014078 0.0396839 0.0388238 0.0356997 0.0372201 0.0332586 0.0342477 0.0334427 0.0357180 0.0349285 0.0333844 0.0325869 0.0325869 0.0327450 0.0333645 0.0326826 0.0310744 0.0326480 0.0334230 0.0318576 0.0318712 0.0325889 0.0311024 0.0311230 0.0303303 0.0318128 0.0302831 0.0302831 0.0306731 0.0310649 0.0310407 0.0310407 0.0299945 0.0402402 0.0363559 0.0362580 0.0354869 0.0354869 0.0345275 0.0348596 0.0355100 0.0347265 0.0347014 0.0339256 0.0339256 0.0343616 0.0308979 0.0338806 0.0361248 0.0315496 0.0346191 0.0327183 0.0434018 0.0457683 0.0433478 0.0408558 0.0439449 0.0457027 0.0449921 0.0464834 0.0458061 0.0448886 0.0433507 0.0456073 0.0457726 0.0456971 0.0456975 0.0439923 0.0433198 0.0402004 0.0401588 0.0401558 0.0401558 0.0417700 0.0409898 0.0409001 0.0377818 0.0402878 0.0401491 0.0393806 0.0394778 0.0331619 0.0386101 0.0385488 0.0356243 0.0385909 0.0385454 0.0355918 0.0354178 0.0378138 0.0308466 0.0316087 0.0316087 0.0361784 0.0369843 0.0354850 0.0379108 0.0370535 0.0370062 0.0354455 0.0369984 0.0370029 0.0362001 0.0354859 0.0362916 0.0347068 0.0362392 0.0354693 0.0354403 0.0338860 0.0355296 0.0338721 0.0354422 0.0354716 0.0331523 0.0346655 0.0346436 0.0351242 0.0346373 0.0332918 0.0339057 0.0323414 0.0323414 0.0317758 0.0315873 0.0315873 
HE653239_Symbiodinium_voratum                                      0.0688112 0.0621494 0.0401695 0.0014078 0.0000000 0.0381095 0.0372558 0.0341437 0.0356599 0.0317173 0.0326928 0.0318924 0.0341613 0.0333752 0.0318368 0.0310436 0.0310436 0.0311938 0.0318180 0.0311344 0.0295355 0.0311016 0.0318736 0.0303152 0.0303281 0.0310454 0.0295621 0.0295816 0.0287932 0.0302726 0.0287483 0.0287483 0.0291180 0.0295266 0.0295036 0.0295036 0.0284370 0.0386727 0.0348026 0.0347091 0.0339409 0.0339409 0.0329598 0.0332762 0.0339629 0.0331829 0.0331590 0.0323864 0.0323864 0.0328018 0.0293685 0.0323436 0.0345820 0.0300229 0.0330805 0.0311689 0.0418216 0.0441794 0.0417697 0.0392922 0.0423713 0.0441162 0.0434056 0.0448943 0.0442156 0.0433060 0.0417726 0.0440245 0.0441835 0.0441107 0.0441113 0.0424167 0.0417429 0.0386344 0.0385945 0.0385917 0.0385917 0.0401979 0.0394206 0.0393346 0.0362282 0.0387181 0.0385851 0.0378194 0.0379124 0.0316254 0.0370514 0.0369928 0.0340719 0.0370330 0.0369895 0.0340410 0.0338751 0.0362588 0.0293197 0.0300791 0.0300791 0.0346332 0.0354347 0.0339392 0.0363516 0.0355008 0.0354556 0.0339013 0.0354481 0.0354524 0.0346539 0.0339399 0.0347412 0.0331640 0.0346911 0.0339242 0.0338964 0.0323486 0.0339816 0.0323354 0.0338982 0.0339262 0.0316163 0.0331248 0.0331038 0.0335623 0.0330979 0.0317490 0.0323674 0.0308104 0.0308104 0.0302377 0.0300586 0.0300586 
AJ271758.1_Symbiodinium_sp.                                        0.0773073 0.0676721 0.0403873 0.0396839 0.0381095 0.0000000 0.0136458 0.0158537 0.0121736 0.0151248 0.0158924 0.0136815 0.0107376 0.0100085 0.0085643 0.0078380 0.0078380 0.0144422 0.0151099 0.0144152 0.0129241 0.0144004 0.0136738 0.0122048 0.0122096 0.0114661 0.0114813 0.0114885 0.0107519 0.0107369 0.0107356 0.0107356 0.0108709 0.0100188 0.0100111 0.0100111 0.0101748 0.0453365 0.0413760 0.0412625 0.0404763 0.0404763 0.0395837 0.0391009 0.0397230 0.0397024 0.0388952 0.0388811 0.0388811 0.0393874 0.0311033 0.0318314 0.0363711 0.0310013 0.0348547 0.0329428 0.0452965 0.0476895 0.0452397 0.0419325 0.0466207 0.0468290 0.0453299 0.0476169 0.0469359 0.0460064 0.0460622 0.0467302 0.0469012 0.0477143 0.0468235 0.0450989 0.0444227 0.0396871 0.0396457 0.0397254 0.0397254 0.0420696 0.0428552 0.0419785 0.0396074 0.0397738 0.0412212 0.0404457 0.0405464 0.0380492 0.0396681 0.0396046 0.0366577 0.0388595 0.0388245 0.0396689 0.0379880 0.0388638 0.0356697 0.0364450 0.0364450 0.0372106 0.0380250 0.0365130 0.0389643 0.0380968 0.0372686 0.0364720 0.0380397 0.0380443 0.0380066 0.0365140 0.0373282 0.0357273 0.0372738 0.0357254 0.0364666 0.0348974 0.0365593 0.0348830 0.0364686 0.0364992 0.0349394 0.0356845 0.0356617 0.0361605 0.0356551 0.0343028 0.0349178 0.0333381 0.0333381 0.0327758 0.0325774 0.0325774 
AJ271759.1_Symbiodinium_sp.                                        0.0754417 0.0650420 0.0387588 0.0388238 0.0372558 0.0136458 0.0000000 0.0136351 0.0099845 0.0129105 0.0136682 0.0114726 0.0085552 0.0078319 0.0063972 0.0056773 0.0056773 0.0122250 0.0128978 0.0122022 0.0107250 0.0121897 0.0114664 0.0100091 0.0100130 0.0092774 0.0092897 0.0092954 0.0085666 0.0085546 0.0085535 0.0085535 0.0086601 0.0078399 0.0078339 0.0078339 0.0079614 0.0444515 0.0405068 0.0403960 0.0396130 0.0396130 0.0387097 0.0382222 0.0388620 0.0388419 0.0380384 0.0380247 0.0380247 0.0385184 0.0302779 0.0310041 0.0355284 0.0301789 0.0340172 0.0321030 0.0444124 0.0467957 0.0443569 0.0410658 0.0457362 0.0459397 0.0444450 0.0467246 0.0460442 0.0451210 0.0451755 0.0458433 0.0460104 0.0468199 0.0459345 0.0442193 0.0435437 0.0388269 0.0387866 0.0388643 0.0388643 0.0411994 0.0419821 0.0411106 0.0371788 0.0389114 0.0403557 0.0395831 0.0396814 0.0371972 0.0388085 0.0387466 0.0358073 0.0380036 0.0387431 0.0380295 0.0371375 0.0380078 0.0340572 0.0348281 0.0348281 0.0363632 0.0371736 0.0356666 0.0381058 0.0357005 0.0364197 0.0356266 0.0371878 0.0371924 0.0371557 0.0356675 0.0364777 0.0348841 0.0364247 0.0348822 0.0356213 0.0340587 0.0357116 0.0340447 0.0356233 0.0356530 0.0340996 0.0348425 0.0348203 0.0353059 0.0348139 0.0334623 0.0340786 0.0325059 0.0325059 0.0319406 0.0317478 0.0317478 
AJ271754.1_Symbiodinium_sp.                                        0.0693457 0.0632886 0.0379373 0.0356997 0.0341437 0.0158537 0.0136351 0.0000000 0.0121642 0.0092762 0.0100190 0.0078475 0.0107294 0.0100009 0.0085578 0.0078321 0.0078321 0.0085848 0.0092673 0.0085688 0.0071138 0.0085601 0.0078432 0.0064019 0.0064043 0.0071108 0.0056878 0.0056913 0.0049719 0.0063930 0.0049643 0.0049643 0.0050259 0.0056813 0.0056770 0.0056770 0.0057690 0.0397181 0.0358138 0.0357168 0.0349417 0.0349417 0.0339710 0.0334525 0.0341949 0.0341774 0.0333849 0.0333729 0.0333729 0.0338043 0.0249409 0.0256643 0.0316833 0.0248598 0.0301819 0.0282400 0.0404630 0.0428254 0.0404126 0.0371631 0.0417973 0.0419818 0.0404923 0.0427606 0.0420764 0.0411726 0.0404416 0.0411155 0.0412638 0.0428471 0.0403906 0.0402880 0.0396088 0.0349332 0.0348973 0.0365092 0.0365092 0.0372827 0.0380590 0.0372030 0.0348639 0.0350085 0.0364518 0.0356856 0.0357734 0.0333252 0.0349170 0.0348616 0.0319302 0.0341215 0.0348585 0.0333678 0.0332721 0.0341252 0.0302175 0.0309818 0.0309818 0.0325044 0.0333041 0.0325653 0.0342128 0.0318357 0.0325544 0.0317701 0.0333166 0.0333208 0.0332880 0.0318063 0.0326059 0.0310309 0.0325588 0.0279542 0.0317656 0.0302186 0.0318455 0.0302063 0.0317673 0.0317935 0.0302547 0.0309942 0.0309745 0.0314048 0.0309691 0.0296083 0.0302362 0.0286811 0.0286811 0.0280974 0.0279286 0.0279286 
AJ271756.1_Symbiodinium_sp.                                        0.0736228 0.0633005 0.0371267 0.0372201 0.0356599 0.0121736 0.0099845 0.0121642 0.0000000 0.0114426 0.0121934 0.0100103 0.0071093 0.0063899 0.0049616 0.0042460 0.0042460 0.0107553 0.0114315 0.0107352 0.0092688 0.0107242 0.0100048 0.0085551 0.0085584 0.0078280 0.0078384 0.0078432 0.0071187 0.0071088 0.0071079 0.0071079 0.0071962 0.0063964 0.0063916 0.0063916 0.0064952 0.0428169 0.0388908 0.0387849 0.0380055 0.0380055 0.0370801 0.0365824 0.0372568 0.0372377 0.0364389 0.0364258 0.0364258 0.0368975 0.0287168 0.0294414 0.0339485 0.0286231 0.0324430 0.0305196 0.0427794 0.0451513 0.0427261 0.0394560 0.0441061 0.0443015 0.0428106 0.0450829 0.0444017 0.0434877 0.0435399 0.0442090 0.0443694 0.0451745 0.0442965 0.0425941 0.0419177 0.0372233 0.0371848 0.0372590 0.0372590 0.0395836 0.0403628 0.0394987 0.0355868 0.0365301 0.0387461 0.0379771 0.0380709 0.0356043 0.0372058 0.0371467 0.0342139 0.0364057 0.0371434 0.0364305 0.0355475 0.0364097 0.0324811 0.0332485 0.0332485 0.0347767 0.0355818 0.0340801 0.0365033 0.0341123 0.0348305 0.0340419 0.0355953 0.0355997 0.0355647 0.0340808 0.0348857 0.0333016 0.0348352 0.0332998 0.0340370 0.0324825 0.0341228 0.0309473 0.0340388 0.0340670 0.0325213 0.0332620 0.0332409 0.0337032 0.0332349 0.0318810 0.0325014 0.0309376 0.0309376 0.0303655 0.0301827 0.0301827 
AJ271764.1_Symbiodinium_sp.                                        0.0648792 0.0614394 0.0354328 0.0332586 0.0317173 0.0151248 0.0129105 0.0092762 0.0114426 0.0000000 0.0092984 0.0071303 0.0100088 0.0092816 0.0078405 0.0071163 0.0071163 0.0078653 0.0085499 0.0078506 0.0063991 0.0078426 0.0071265 0.0056876 0.0056897 0.0063964 0.0049742 0.0049772 0.0042594 0.0056796 0.0042529 0.0042529 0.0043056 0.0049685 0.0049647 0.0049647 0.0050452 0.0372332 0.0333643 0.0332747 0.0325067 0.0325067 0.0315048 0.0309723 0.0309829 0.0317486 0.0301856 0.0309537 0.0309537 0.0313514 0.0240942 0.0233086 0.0308003 0.0240163 0.0293070 0.0273663 0.0364114 0.0387433 0.0363664 0.0331716 0.0377510 0.0379157 0.0364375 0.0386852 0.0379999 0.0371192 0.0371630 0.0378381 0.0379731 0.0387626 0.0379118 0.0362555 0.0355754 0.0309596 0.0309281 0.0325129 0.0325129 0.0332768 0.0340436 0.0332066 0.0308989 0.0310254 0.0324621 0.0317050 0.0317822 0.0293794 0.0309455 0.0308970 0.0279848 0.0301626 0.0308942 0.0309380 0.0301080 0.0301658 0.0270634 0.0278192 0.0278192 0.0285751 0.0293610 0.0278773 0.0302425 0.0279030 0.0286185 0.0278461 0.0293718 0.0293755 0.0293469 0.0278774 0.0286633 0.0271129 0.0286222 0.0255918 0.0278423 0.0263168 0.0279115 0.0263062 0.0278437 0.0278663 0.0263481 0.0270812 0.0270642 0.0274372 0.0270597 0.0256949 0.0263321 0.0248004 0.0248004 0.0242006 0.0240564 0.0240564 
L13718.1_Symbiodinium_meandrinae                                   0.0679037 0.0618634 0.0348130 0.0342477 0.0326928 0.0158924 0.0136682 0.0100190 0.0121934 0.0092984 0.0000000 0.0078663 0.0107551 0.0100249 0.0085783 0.0078508 0.0078508 0.0014193 0.0035450 0.0028408 0.0028343 0.0028379 0.0078620 0.0064171 0.0064196 0.0071278 0.0057013 0.0057048 0.0049837 0.0064082 0.0049761 0.0049761 0.0050380 0.0056948 0.0056905 0.0056905 0.0057830 0.0398203 0.0359053 0.0358078 0.0350307 0.0350307 0.0340588 0.0327199 0.0342818 0.0342643 0.0334696 0.0334576 0.0334576 0.0338912 0.0265137 0.0272394 0.0332900 0.0264272 0.0317813 0.0298467 0.0421327 0.0445091 0.0420800 0.0388059 0.0434655 0.0436585 0.0421635 0.0444415 0.0437574 0.0428434 0.0428950 0.0435672 0.0437255 0.0445320 0.0428528 0.0419497 0.0412705 0.0365673 0.0365295 0.0381537 0.0381537 0.0389316 0.0397123 0.0388480 0.0364944 0.0366466 0.0380935 0.0373229 0.0374153 0.0349467 0.0365501 0.0364919 0.0335508 0.0341856 0.0364887 0.0342315 0.0348907 0.0357529 0.0302935 0.0295366 0.0295366 0.0341186 0.0349245 0.0334193 0.0358450 0.0334510 0.0341715 0.0333818 0.0349378 0.0349421 0.0349076 0.0334200 0.0342258 0.0326396 0.0341761 0.0310874 0.0333769 0.0318201 0.0334613 0.0318070 0.0333788 0.0334065 0.0318582 0.0326007 0.0325800 0.0330343 0.0325741 0.0312142 0.0318387 0.0302728 0.0302728 0.0296956 0.0295164 0.0295164 
KU188508.1_Symbiodinium_sp.                                        0.0686034 0.0626079 0.0356332 0.0334427 0.0318924 0.0136815 0.0114726 0.0078475 0.0100103 0.0071303 0.0078663 0.0000000 0.0085772 0.0078521 0.0064137 0.0056919 0.0056919 0.0064339 0.0071235 0.0064219 0.0049760 0.0064153 0.0056913 0.0042583 0.0042599 0.0049739 0.0035469 0.0035490 0.0028347 0.0042588 0.0028347 0.0028347 0.0028698 0.0035482 0.0035455 0.0035455 0.0036029 0.0389974 0.0350934 0.0349984 0.0342234 0.0342234 0.0332409 0.0327169 0.0334761 0.0334590 0.0326670 0.0326553 0.0326553 0.0330778 0.0242253 0.0249494 0.0309692 0.0241465 0.0294674 0.0275174 0.0389584 0.0413164 0.0389098 0.0364466 0.0410810 0.0412624 0.0397717 0.0420411 0.0413552 0.0404536 0.0405020 0.0411767 0.0413254 0.0421262 0.0412579 0.0395709 0.0388901 0.0342151 0.0341798 0.0357904 0.0357904 0.0365638 0.0373401 0.0364857 0.0341472 0.0342888 0.0357340 0.0349678 0.0350539 0.0326086 0.0341991 0.0341449 0.0312106 0.0334042 0.0341419 0.0334271 0.0325566 0.0334079 0.0295022 0.0302664 0.0302664 0.0317890 0.0325879 0.0310890 0.0334936 0.0311182 0.0318379 0.0310541 0.0326002 0.0326043 0.0325722 0.0310895 0.0318883 0.0303143 0.0318422 0.0287725 0.0310497 0.0295032 0.0311278 0.0294912 0.0310514 0.0310769 0.0295386 0.0302785 0.0302593 0.0306799 0.0302540 0.0288894 0.0295205 0.0279662 0.0279662 0.0273783 0.0272137 0.0272137 
AB055917.1_Symbiodinium_sp.                                        0.0720117 0.0617338 0.0355695 0.0357180 0.0341613 0.0107376 0.0085552 0.0107294 0.0071093 0.0100088 0.0107551 0.0085772 0.0000000 0.0049682 0.0035428 0.0028297 0.0028297 0.0093180 0.0099991 0.0093006 0.0078401 0.0092911 0.0085726 0.0071268 0.0071295 0.0064025 0.0064110 0.0064149 0.0056930 0.0056850 0.0056843 0.0056843 0.0057550 0.0049732 0.0049695 0.0049695 0.0043259 0.0412994 0.0373812 0.0372796 0.0365018 0.0365018 0.0347754 0.0342619 0.0357534 0.0357351 0.0349388 0.0349263 0.0349263 0.0353785 0.0272343 0.0279592 0.0324609 0.0271455 0.0309571 0.0290204 0.0412633 0.0436303 0.0412119 0.0379534 0.0425958 0.0403826 0.0388965 0.0411583 0.0404731 0.0395778 0.0411814 0.0418535 0.0420045 0.0436526 0.0419359 0.0410847 0.0404061 0.0357213 0.0356844 0.0357554 0.0357554 0.0372469 0.0364769 0.0379943 0.0356503 0.0357984 0.0372422 0.0364745 0.0365645 0.0341085 0.0357046 0.0356479 0.0327142 0.0349070 0.0356447 0.0349308 0.0340541 0.0349108 0.0309936 0.0317594 0.0317594 0.0332849 0.0340869 0.0325865 0.0350005 0.0326173 0.0333362 0.0325500 0.0340998 0.0341040 0.0340705 0.0325871 0.0333890 0.0318099 0.0333407 0.0318083 0.0325453 0.0309948 0.0326273 0.0309821 0.0325471 0.0325740 0.0310319 0.0317722 0.0317520 0.0321936 0.0317464 0.0303871 0.0310129 0.0294538 0.0294538 0.0288737 0.0287000 0.0287000 
AJ271757.1_Symbiodinium_sp.                                        0.0711299 0.0608852 0.0347943 0.0349285 0.0333752 0.0100085 0.0078319 0.0100009 0.0063899 0.0092816 0.0100249 0.0078521 0.0049682 0.0000000 0.0028305 0.0021194 0.0021194 0.0085899 0.0092727 0.0085738 0.0071180 0.0085651 0.0078478 0.0064056 0.0064081 0.0056836 0.0056911 0.0056946 0.0049748 0.0049678 0.0049672 0.0049672 0.0050289 0.0042571 0.0042539 0.0042539 0.0043228 0.0404962 0.0365860 0.0364868 0.0357106 0.0357106 0.0347511 0.0342377 0.0349632 0.0349453 0.0341511 0.0341389 0.0341389 0.0345804 0.0264636 0.0271879 0.0316821 0.0263774 0.0301809 0.0282391 0.0404609 0.0428230 0.0404105 0.0371614 0.0417951 0.0419796 0.0404903 0.0427582 0.0420741 0.0411704 0.0412196 0.0418924 0.0412616 0.0428447 0.0419750 0.0402860 0.0396069 0.0349318 0.0348958 0.0349651 0.0349651 0.0372810 0.0380572 0.0372013 0.0348624 0.0350070 0.0364502 0.0356840 0.0357718 0.0333238 0.0349155 0.0348601 0.0319290 0.0341201 0.0348570 0.0341433 0.0332707 0.0341238 0.0302164 0.0309807 0.0309807 0.0325031 0.0333028 0.0318046 0.0342113 0.0318345 0.0325532 0.0317689 0.0333153 0.0333194 0.0332867 0.0318051 0.0326047 0.0310297 0.0325575 0.0310282 0.0317644 0.0302175 0.0318443 0.0302052 0.0317661 0.0317923 0.0302537 0.0309931 0.0309734 0.0314036 0.0309680 0.0296073 0.0302351 0.0286801 0.0286801 0.0280965 0.0279277 0.0279277 
AB863030.1_Symbiodinium_sp.                                        0.0694249 0.0592403 0.0332230 0.0333844 0.0318368 0.0085643 0.0063972 0.0085578 0.0049616 0.0078405 0.0085783 0.0064137 0.0035428 0.0028305 0.0000000 0.0007046 0.0007046 0.0071462 0.0078330 0.0071329 0.0056848 0.0071256 0.0064102 0.0049738 0.0049757 0.0042555 0.0042612 0.0042638 0.0035475 0.0035425 0.0035421 0.0035421 0.0035860 0.0028333 0.0028312 0.0028312 0.0028769 0.0389289 0.0350320 0.0349373 0.0341637 0.0341637 0.0331820 0.0326584 0.0334176 0.0334006 0.0326101 0.0325984 0.0325984 0.0330194 0.0249507 0.0256743 0.0301570 0.0248695 0.0286596 0.0267067 0.0388951 0.0412491 0.0388467 0.0356138 0.0402334 0.0404105 0.0389232 0.0411868 0.0405011 0.0396050 0.0396522 0.0403269 0.0404721 0.0412699 0.0404061 0.0387273 0.0380468 0.0333877 0.0333534 0.0334194 0.0334194 0.0357279 0.0365017 0.0356519 0.0333216 0.0334593 0.0349022 0.0341384 0.0342222 0.0317882 0.0333722 0.0333195 0.0303913 0.0325805 0.0333165 0.0326027 0.0317377 0.0325840 0.0286933 0.0294550 0.0294550 0.0309726 0.0317681 0.0302733 0.0326675 0.0303017 0.0310202 0.0302393 0.0317800 0.0317840 0.0317528 0.0302737 0.0310691 0.0295014 0.0310243 0.0294999 0.0302351 0.0286943 0.0303109 0.0286827 0.0302367 0.0302615 0.0287286 0.0294666 0.0294480 0.0298564 0.0294429 0.0280785 0.0287110 0.0271628 0.0271628 0.0265719 0.0264126 0.0264126 
AB016579.1_Symbiodinium_sp.                                        0.0685105 0.0583673 0.0324116 0.0325869 0.0310436 0.0078380 0.0056773 0.0078321 0.0042460 0.0071163 0.0078508 0.0056919 0.0028297 0.0021194 0.0007046 0.0000000 0.0000010 0.0064212 0.0071095 0.0064093 0.0049663 0.0064027 0.0056888 0.0042564 0.0042581 0.0035406 0.0035453 0.0035475 0.0028334 0.0028295 0.0028291 0.0028291 0.0028641 0.0021216 0.0021200 0.0021200 0.0021542 0.0381147 0.0342280 0.0341357 0.0333641 0.0333641 0.0323718 0.0318434 0.0326194 0.0326028 0.0318148 0.0318035 0.0318035 0.0322135 0.0241762 0.0248989 0.0293720 0.0240977 0.0278778 0.0259209 0.0380816 0.0404294 0.0380343 0.0348127 0.0394210 0.0395941 0.0381091 0.0403684 0.0396826 0.0387912 0.0388372 0.0395124 0.0396543 0.0404497 0.0395898 0.0379177 0.0372370 0.0325902 0.0325568 0.0326211 0.0326211 0.0349238 0.0356957 0.0348497 0.0325259 0.0326599 0.0341014 0.0333395 0.0334211 0.0309964 0.0325752 0.0325238 0.0295996 0.0317861 0.0325209 0.0318077 0.0309472 0.0317895 0.0279106 0.0286703 0.0286703 0.0301842 0.0309769 0.0294851 0.0318707 0.0295126 0.0302304 0.0294520 0.0309884 0.0309923 0.0309619 0.0294854 0.0302780 0.0287153 0.0302344 0.0287139 0.0294479 0.0279115 0.0295216 0.0279002 0.0294495 0.0294735 0.0279448 0.0286816 0.0286634 0.0290603 0.0286585 0.0272934 0.0279277 0.0263843 0.0263843 0.0257902 0.0256358 0.0256358 
AB016572.1_Symbiodinium_sp.                                        0.0685105 0.0583673 0.0324116 0.0325869 0.0310436 0.0078380 0.0056773 0.0078321 0.0042460 0.0071163 0.0078508 0.0056919 0.0028297 0.0021194 0.0007046 0.0000010 0.0000000 0.0064212 0.0071095 0.0064093 0.0049663 0.0064027 0.0056888 0.0042564 0.0042581 0.0035406 0.0035453 0.0035475 0.0028334 0.0028295 0.0028291 0.0028291 0.0028641 0.0021216 0.0021200 0.0021200 0.0021542 0.0381147 0.0342280 0.0341357 0.0333641 0.0333641 0.0323718 0.0318434 0.0326194 0.0326028 0.0318148 0.0318035 0.0318035 0.0322135 0.0241762 0.0248989 0.0293720 0.0240977 0.0278778 0.0259209 0.0380816 0.0404294 0.0380343 0.0348127 0.0394210 0.0395941 0.0381091 0.0403684 0.0396826 0.0387912 0.0388372 0.0395124 0.0396543 0.0404497 0.0395898 0.0379177 0.0372370 0.0325902 0.0325568 0.0326211 0.0326211 0.0349238 0.0356957 0.0348497 0.0325259 0.0326599 0.0341014 0.0333395 0.0334211 0.0309964 0.0325752 0.0325238 0.0295996 0.0317861 0.0325209 0.0318077 0.0309472 0.0317895 0.0279106 0.0286703 0.0286703 0.0301842 0.0309769 0.0294851 0.0318707 0.0295126 0.0302304 0.0294520 0.0309884 0.0309923 0.0309619 0.0294854 0.0302780 0.0287153 0.0302344 0.0287139 0.0294479 0.0279115 0.0295216 0.0279002 0.0294495 0.0294735 0.0279448 0.0286816 0.0286634 0.0290603 0.0286585 0.0272934 0.0279277 0.0263843 0.0263843 0.0257902 0.0256358 0.0256358 
L13717.1_Symbiodinium_corculorum                                   0.0662918 0.0602890 0.0332853 0.0327450 0.0311938 0.0144422 0.0122250 0.0085848 0.0107553 0.0078653 0.0014193 0.0064339 0.0093180 0.0085899 0.0071462 0.0064212 0.0064212 0.0000000 0.0021263 0.0014199 0.0014167 0.0014185 0.0064304 0.0049895 0.0049914 0.0057003 0.0042746 0.0042772 0.0035586 0.0049825 0.0035532 0.0035532 0.0035974 0.0042697 0.0042664 0.0042664 0.0043357 0.0375275 0.0343948 0.0343017 0.0335262 0.0335262 0.0325315 0.0311851 0.0327778 0.0327611 0.0319690 0.0319575 0.0319575 0.0323716 0.0250309 0.0257568 0.0317977 0.0249493 0.0302909 0.0283431 0.0406107 0.0429820 0.0405600 0.0372980 0.0419492 0.0421351 0.0406403 0.0429167 0.0422303 0.0413227 0.0413723 0.0420472 0.0421997 0.0430039 0.0413317 0.0404345 0.0397532 0.0350602 0.0350240 0.0366421 0.0366421 0.0374185 0.0381977 0.0373382 0.0349904 0.0351360 0.0365843 0.0358152 0.0359037 0.0334460 0.0350438 0.0349881 0.0320464 0.0326859 0.0349850 0.0327298 0.0333925 0.0342491 0.0288043 0.0280486 0.0280486 0.0326220 0.0334248 0.0319211 0.0343373 0.0319512 0.0326724 0.0318851 0.0334374 0.0334416 0.0334086 0.0319216 0.0327243 0.0311433 0.0326768 0.0295951 0.0318806 0.0303278 0.0319611 0.0303154 0.0318823 0.0319087 0.0303642 0.0311063 0.0310865 0.0315199 0.0310810 0.0297158 0.0303456 0.0287846 0.0287846 0.0281994 0.0280294 0.0280294 
AB055918.1_Symbiodinium_sp.                                        0.0668134 0.0608235 0.0339129 0.0333645 0.0318180 0.0151099 0.0128978 0.0092673 0.0114315 0.0085499 0.0035450 0.0071235 0.0099991 0.0092727 0.0078330 0.0071095 0.0071095 0.0021263 0.0000000 0.0021224 0.0021176 0.0021202 0.0071196 0.0056821 0.0056843 0.0063902 0.0049694 0.0049724 0.0042553 0.0056742 0.0042488 0.0042488 0.0043015 0.0049637 0.0049600 0.0049600 0.0050402 0.0389054 0.0350110 0.0349164 0.0341433 0.0341433 0.0331619 0.0318241 0.0333977 0.0333807 0.0325907 0.0325791 0.0325791 0.0329995 0.0256724 0.0263954 0.0324167 0.0255889 0.0309150 0.0289804 0.0412066 0.0435703 0.0411553 0.0379016 0.0425375 0.0427254 0.0412365 0.0435044 0.0428217 0.0419152 0.0419654 0.0426366 0.0427907 0.0435925 0.0427207 0.0410285 0.0403507 0.0356724 0.0356356 0.0372498 0.0372498 0.0380236 0.0388003 0.0379424 0.0356015 0.0357493 0.0371912 0.0364246 0.0365143 0.0340619 0.0356557 0.0355992 0.0326694 0.0348593 0.0355960 0.0333489 0.0340076 0.0348631 0.0294338 0.0286805 0.0286805 0.0332395 0.0340404 0.0325420 0.0349525 0.0325727 0.0332907 0.0325056 0.0340532 0.0340574 0.0340240 0.0325426 0.0333434 0.0317665 0.0332952 0.0302227 0.0325009 0.0309525 0.0325827 0.0309399 0.0325027 0.0325295 0.0309895 0.0317289 0.0317087 0.0321491 0.0317032 0.0295873 0.0309706 0.0294137 0.0294137 0.0288342 0.0286609 0.0286609 
X62650.1_S.pilosum                                                 0.0661598 0.0601711 0.0332208 0.0326826 0.0311344 0.0144152 0.0122022 0.0085688 0.0107352 0.0078506 0.0028408 0.0064219 0.0093006 0.0085738 0.0071329 0.0064093 0.0064093 0.0014199 0.0021224 0.0000000 0.0014141 0.0014158 0.0064184 0.0049802 0.0049821 0.0056897 0.0042666 0.0042692 0.0035520 0.0049732 0.0035466 0.0035466 0.0035906 0.0042618 0.0042585 0.0042585 0.0043276 0.0382279 0.0343290 0.0342361 0.0334622 0.0334622 0.0324684 0.0311243 0.0327152 0.0326985 0.0319081 0.0318966 0.0318966 0.0323091 0.0249835 0.0257081 0.0317374 0.0249022 0.0302335 0.0282888 0.0405328 0.0428993 0.0404822 0.0372269 0.0418690 0.0420542 0.0405623 0.0428343 0.0421491 0.0412435 0.0412929 0.0419667 0.0421186 0.0429211 0.0420496 0.0403572 0.0396770 0.0349933 0.0349572 0.0365720 0.0365720 0.0373469 0.0381245 0.0372669 0.0349237 0.0350688 0.0365144 0.0357469 0.0358350 0.0333823 0.0349769 0.0349214 0.0319851 0.0341800 0.0349183 0.0326674 0.0333290 0.0341838 0.0287497 0.0279954 0.0279954 0.0325600 0.0333612 0.0318603 0.0342716 0.0318903 0.0326102 0.0318245 0.0333737 0.0333779 0.0333450 0.0318608 0.0326619 0.0310840 0.0326146 0.0295389 0.0318200 0.0302703 0.0319002 0.0302579 0.0318217 0.0318480 0.0303065 0.0310472 0.0310275 0.0314592 0.0310220 0.0296591 0.0302879 0.0287300 0.0287300 0.0281457 0.0279763 0.0279763 
AB016723.1_Symbiodinium_sp.                                        0.0659868 0.0600175 0.0331387 0.0310744 0.0295355 0.0129241 0.0107250 0.0071138 0.0092688 0.0063991 0.0028343 0.0049760 0.0078401 0.0071180 0.0056848 0.0049663 0.0049663 0.0014167 0.0021176 0.0014141 0.0000000 0.0014126 0.0049733 0.0035439 0.0035453 0.0042513 0.0028337 0.0028355 0.0021232 0.0035390 0.0021200 0.0021200 0.0021462 0.0028305 0.0028284 0.0028284 0.0028740 0.0381340 0.0342451 0.0341527 0.0333807 0.0333807 0.0323882 0.0310471 0.0326356 0.0326190 0.0318306 0.0318192 0.0318192 0.0322297 0.0234226 0.0241449 0.0301435 0.0233466 0.0286468 0.0266947 0.0388773 0.0412302 0.0388290 0.0355977 0.0402151 0.0403920 0.0389054 0.0411679 0.0404826 0.0395870 0.0396341 0.0403085 0.0404536 0.0412510 0.0403877 0.0387097 0.0380295 0.0333726 0.0333383 0.0349412 0.0349412 0.0357117 0.0364851 0.0356357 0.0333066 0.0334441 0.0348864 0.0341230 0.0342067 0.0317739 0.0333571 0.0333044 0.0303775 0.0325658 0.0333015 0.0310603 0.0317234 0.0325693 0.0271692 0.0279281 0.0279281 0.0309587 0.0317538 0.0302597 0.0326527 0.0302880 0.0310062 0.0302258 0.0317657 0.0317697 0.0317385 0.0302601 0.0310551 0.0294881 0.0310103 0.0279526 0.0302216 0.0286814 0.0302973 0.0286698 0.0302231 0.0302479 0.0287157 0.0294534 0.0294348 0.0298428 0.0294297 0.0280659 0.0286981 0.0271507 0.0271507 0.0265600 0.0264008 0.0264008 
AB016724.1_Symbiodinium_sp.                                        0.0660867 0.0601059 0.0331851 0.0326480 0.0311016 0.0144004 0.0121897 0.0085601 0.0107242 0.0078426 0.0028379 0.0064153 0.0092911 0.0085651 0.0071256 0.0064027 0.0064027 0.0014185 0.0021202 0.0014158 0.0014126 0.0000000 0.0064119 0.0049751 0.0049770 0.0056839 0.0042623 0.0042649 0.0035484 0.0049682 0.0035430 0.0035430 0.0035869 0.0042574 0.0042542 0.0042542 0.0043231 0.0381873 0.0342926 0.0341999 0.0334268 0.0334268 0.0324335 0.0310907 0.0326806 0.0326640 0.0318744 0.0318629 0.0318629 0.0322746 0.0249573 0.0256812 0.0317041 0.0248762 0.0302018 0.0282588 0.0404896 0.0428536 0.0404392 0.0371875 0.0418247 0.0420095 0.0405191 0.0427887 0.0421041 0.0411997 0.0412489 0.0419221 0.0420737 0.0428754 0.0420049 0.0403145 0.0396349 0.0349563 0.0349202 0.0365333 0.0365333 0.0373073 0.0380841 0.0372275 0.0348868 0.0350316 0.0364758 0.0357090 0.0357970 0.0333471 0.0349399 0.0348845 0.0319513 0.0341439 0.0348814 0.0326329 0.0332939 0.0341477 0.0287195 0.0279660 0.0279660 0.0325257 0.0333260 0.0318268 0.0342353 0.0318567 0.0325758 0.0317910 0.0333385 0.0333427 0.0333099 0.0318273 0.0326274 0.0310513 0.0325802 0.0295079 0.0317865 0.0302385 0.0318665 0.0302261 0.0317882 0.0318144 0.0302746 0.0310146 0.0309949 0.0314257 0.0309894 0.0296278 0.0302561 0.0286999 0.0286999 0.0281160 0.0279469 0.0279469 
KU188515.1_Symbiodinium_sp.                                        0.0685584 0.0625680 0.0356116 0.0334230 0.0318736 0.0136738 0.0114664 0.0078432 0.0100048 0.0071265 0.0078620 0.0056913 0.0085726 0.0078478 0.0064102 0.0056888 0.0056888 0.0064304 0.0071196 0.0064184 0.0049733 0.0064119 0.0000000 0.0042560 0.0042576 0.0049712 0.0035449 0.0035471 0.0028331 0.0042565 0.0028331 0.0028331 0.0028683 0.0035463 0.0035436 0.0035436 0.0028782 0.0389739 0.0350725 0.0349776 0.0342031 0.0342031 0.0324367 0.0319077 0.0334562 0.0334392 0.0326477 0.0326360 0.0326360 0.0330580 0.0242113 0.0249350 0.0309511 0.0241326 0.0294503 0.0275013 0.0397189 0.0420794 0.0396694 0.0364249 0.0410563 0.0412375 0.0397477 0.0420157 0.0413302 0.0404293 0.0404776 0.0411519 0.0413005 0.0421007 0.0412330 0.0395472 0.0388668 0.0341948 0.0341596 0.0357691 0.0357691 0.0365420 0.0373178 0.0364640 0.0341270 0.0342684 0.0357128 0.0349470 0.0350330 0.0325894 0.0341789 0.0341247 0.0311922 0.0333845 0.0341217 0.0334073 0.0325375 0.0333881 0.0294850 0.0302487 0.0302487 0.0317703 0.0325688 0.0310708 0.0334738 0.0310999 0.0318192 0.0310359 0.0325810 0.0325851 0.0325530 0.0310712 0.0318695 0.0302965 0.0318234 0.0287557 0.0310315 0.0294860 0.0311095 0.0294740 0.0310331 0.0310587 0.0295213 0.0302608 0.0302416 0.0306617 0.0302363 0.0288725 0.0295032 0.0279499 0.0279499 0.0273623 0.0271978 0.0271978 
KU188511.1_Symbiodinium_sp.                                        0.0668062 0.0608666 0.0340094 0.0318576 0.0303152 0.0122048 0.0100091 0.0064019 0.0085551 0.0056876 0.0064171 0.0042583 0.0071268 0.0064056 0.0049738 0.0042564 0.0042564 0.0049895 0.0056821 0.0049802 0.0035439 0.0049751 0.0042560 0.0000000 0.0028317 0.0035424 0.0021219 0.0021232 0.0014132 0.0028309 0.0014132 0.0014132 0.0014307 0.0021227 0.0021211 0.0021211 0.0021552 0.0373808 0.0334959 0.0334056 0.0326344 0.0326344 0.0316305 0.0310967 0.0318895 0.0318733 0.0310861 0.0310750 0.0310750 0.0314758 0.0226879 0.0234104 0.0294044 0.0226143 0.0279086 0.0259499 0.0381241 0.0404745 0.0380767 0.0348513 0.0394647 0.0396382 0.0381517 0.0404134 0.0397269 0.0388344 0.0388805 0.0395563 0.0396985 0.0404948 0.0396340 0.0379598 0.0372785 0.0326264 0.0325929 0.0341929 0.0341929 0.0349627 0.0357354 0.0348884 0.0325619 0.0326963 0.0341392 0.0333765 0.0326948 0.0310307 0.0326113 0.0325598 0.0296326 0.0318213 0.0325570 0.0318430 0.0309815 0.0318247 0.0279415 0.0287020 0.0287020 0.0302176 0.0310112 0.0295178 0.0319062 0.0295453 0.0302639 0.0294846 0.0310227 0.0310266 0.0309962 0.0295181 0.0303116 0.0287471 0.0302679 0.0272134 0.0294805 0.0279423 0.0295543 0.0279310 0.0294820 0.0295062 0.0279757 0.0287133 0.0286951 0.0290929 0.0286902 0.0273237 0.0279586 0.0264135 0.0264135 0.0258189 0.0256641 0.0256641 
KU188514.1_Symbiodinium_sp.                                        0.0668383 0.0608949 0.0340242 0.0318712 0.0303281 0.0122096 0.0100130 0.0064043 0.0085584 0.0056897 0.0064196 0.0042599 0.0071295 0.0064081 0.0049757 0.0042581 0.0042581 0.0049914 0.0056843 0.0049821 0.0035453 0.0049770 0.0042576 0.0028317 0.0000000 0.0035438 0.0021227 0.0021240 0.0014137 0.0028320 0.0014137 0.0014137 0.0014312 0.0021235 0.0021219 0.0021219 0.0021552 0.0373970 0.0335103 0.0334199 0.0326484 0.0326484 0.0316442 0.0311103 0.0319031 0.0318869 0.0310993 0.0310882 0.0310882 0.0314894 0.0226973 0.0234201 0.0294168 0.0226236 0.0279203 0.0259608 0.0381407 0.0404922 0.0380932 0.0348662 0.0394818 0.0396555 0.0381683 0.0404311 0.0397443 0.0388513 0.0388975 0.0395736 0.0397159 0.0405126 0.0396513 0.0379763 0.0372946 0.0326404 0.0326069 0.0342076 0.0342076 0.0349777 0.0357508 0.0349034 0.0325758 0.0327103 0.0341539 0.0333908 0.0334727 0.0310439 0.0326253 0.0325737 0.0296451 0.0318349 0.0325708 0.0318566 0.0309946 0.0318383 0.0279532 0.0287141 0.0287141 0.0302304 0.0310243 0.0295302 0.0319198 0.0295578 0.0302767 0.0294971 0.0310359 0.0310398 0.0310093 0.0295305 0.0303244 0.0287592 0.0302807 0.0272249 0.0294930 0.0279541 0.0295668 0.0279428 0.0294945 0.0295186 0.0279875 0.0287254 0.0287072 0.0291053 0.0287023 0.0273352 0.0279704 0.0264245 0.0264245 0.0258297 0.0256748 0.0256748 
AF238256.1_Symbiodinium_sp._Type_A                                 0.0676292 0.0599904 0.0331929 0.0325889 0.0310454 0.0114661 0.0092774 0.0071108 0.0078280 0.0063964 0.0071278 0.0049739 0.0064025 0.0056836 0.0042555 0.0035406 0.0035406 0.0057003 0.0063902 0.0056897 0.0042513 0.0056839 0.0049712 0.0035424 0.0035438 0.0000000 0.0028325 0.0028343 0.0021223 0.0021193 0.0021191 0.0021191 0.0021453 0.0014126 0.0014115 0.0014115 0.0014340 0.0381172 0.0342301 0.0341378 0.0333661 0.0333661 0.0323738 0.0318454 0.0326213 0.0326048 0.0318167 0.0318053 0.0318053 0.0322155 0.0234125 0.0241345 0.0301304 0.0233366 0.0286343 0.0266830 0.0388602 0.0412120 0.0388119 0.0355822 0.0401975 0.0403743 0.0388883 0.0411498 0.0404647 0.0395695 0.0396166 0.0402908 0.0404357 0.0412327 0.0403699 0.0386928 0.0380127 0.0333580 0.0333238 0.0349259 0.0349259 0.0356961 0.0364691 0.0356201 0.0332920 0.0334295 0.0348711 0.0341080 0.0341917 0.0317600 0.0333425 0.0332899 0.0303643 0.0325516 0.0332869 0.0325738 0.0317096 0.0325551 0.0286680 0.0294290 0.0294290 0.0309453 0.0317400 0.0302466 0.0326384 0.0302748 0.0309927 0.0302126 0.0317518 0.0317558 0.0317247 0.0302469 0.0310416 0.0294753 0.0309968 0.0279404 0.0302084 0.0286690 0.0302841 0.0286574 0.0302100 0.0302347 0.0287032 0.0294406 0.0294220 0.0298297 0.0294169 0.0280536 0.0286857 0.0271389 0.0271389 0.0265484 0.0263894 0.0263894 
KU188513.1_Symbiodinium_sp.                                        0.0659923 0.0600709 0.0332381 0.0311024 0.0295621 0.0114813 0.0092897 0.0056878 0.0078384 0.0049742 0.0057013 0.0035469 0.0064110 0.0056911 0.0042612 0.0035453 0.0035453 0.0042746 0.0049694 0.0042666 0.0028337 0.0042623 0.0035449 0.0021219 0.0021227 0.0028325 0.0000000 0.0014148 0.0007056 0.0021221 0.0007056 0.0007056 0.0007150 0.0014144 0.0014134 0.0014134 0.0014361 0.0366166 0.0327365 0.0326484 0.0318781 0.0318781 0.0308630 0.0303240 0.0311335 0.0311178 0.0303320 0.0303212 0.0303212 0.0307122 0.0219457 0.0226682 0.0286562 0.0218746 0.0271616 0.0251967 0.0373597 0.0397072 0.0373133 0.0340944 0.0387029 0.0388729 0.0373867 0.0396473 0.0389598 0.0380705 0.0381157 0.0387927 0.0389320 0.0397271 0.0388688 0.0371989 0.0365165 0.0318703 0.0318376 0.0334344 0.0334344 0.0342032 0.0349750 0.0341306 0.0318074 0.0319384 0.0333818 0.0326200 0.0326998 0.0302781 0.0318556 0.0318054 0.0288783 0.0310671 0.0318025 0.0310883 0.0302300 0.0310704 0.0271936 0.0279532 0.0279532 0.0294671 0.0302590 0.0287666 0.0311498 0.0287934 0.0295122 0.0287342 0.0302702 0.0302740 0.0302443 0.0287668 0.0295586 0.0279970 0.0295160 0.0264657 0.0287303 0.0271944 0.0288021 0.0271835 0.0287318 0.0287552 0.0272270 0.0279642 0.0279465 0.0283338 0.0279417 0.0265729 0.0272103 0.0256679 0.0256679 0.0250695 0.0249193 0.0249193 
KU188510.1_Symbiodinium_sp.                                        0.0660406 0.0601137 0.0332606 0.0311230 0.0295816 0.0114885 0.0092954 0.0056913 0.0078432 0.0049772 0.0057048 0.0035490 0.0064149 0.0056946 0.0042638 0.0035475 0.0035475 0.0042772 0.0049724 0.0042692 0.0028355 0.0042649 0.0035471 0.0021232 0.0021240 0.0028343 0.0014148 0.0000000 0.0007067 0.0021234 0.0007067 0.0007067 0.0007154 0.0014153 0.0014142 0.0014142 0.0014361 0.0366412 0.0327583 0.0326701 0.0318993 0.0318993 0.0308838 0.0303446 0.0311542 0.0311384 0.0303521 0.0303412 0.0303412 0.0307328 0.0219599 0.0226829 0.0286750 0.0218887 0.0271794 0.0252133 0.0373849 0.0397341 0.0373384 0.0341171 0.0387289 0.0388991 0.0374119 0.0396741 0.0389862 0.0380961 0.0381414 0.0388189 0.0389583 0.0397540 0.0388950 0.0372238 0.0365410 0.0318914 0.0318587 0.0334566 0.0334566 0.0342260 0.0349984 0.0341533 0.0318284 0.0319597 0.0334041 0.0326416 0.0327216 0.0302980 0.0318767 0.0318264 0.0288974 0.0310876 0.0318236 0.0311088 0.0302500 0.0310909 0.0272114 0.0279715 0.0279715 0.0294865 0.0302789 0.0287855 0.0311705 0.0288123 0.0295316 0.0287531 0.0302901 0.0302940 0.0302643 0.0287858 0.0295781 0.0280154 0.0295355 0.0264830 0.0287492 0.0272122 0.0288211 0.0272012 0.0287507 0.0287741 0.0272448 0.0279825 0.0279648 0.0283526 0.0279600 0.0265903 0.0272281 0.0256846 0.0256846 0.0250859 0.0249355 0.0249355 
KU188509.1_Symbiodinium_sp.                                        0.0651355 0.0592377 0.0324483 0.0303303 0.0287932 0.0107519 0.0085666 0.0049719 0.0071187 0.0042594 0.0049837 0.0028347 0.0056930 0.0049748 0.0035475 0.0028334 0.0028334 0.0035586 0.0042553 0.0035520 0.0021232 0.0035484 0.0028331 0.0014132 0.0014137 0.0021223 0.0007056 0.0007067 0.0000000 0.0014134 0.0000010 0.0000010 0.0000010 0.0007060 0.0007056 0.0007056 0.0007177 0.0358319 0.0319592 0.0318733 0.0311045 0.0311045 0.0300786 0.0295346 0.0303607 0.0303454 0.0295616 0.0295510 0.0295510 0.0299318 0.0211925 0.0219145 0.0278928 0.0211238 0.0264004 0.0244303 0.0365744 0.0389174 0.0365290 0.0333188 0.0379194 0.0380856 0.0366007 0.0388587 0.0381706 0.0372852 0.0373294 0.0380073 0.0381435 0.0389368 0.0380816 0.0364171 0.0357341 0.0310968 0.0310650 0.0326574 0.0326574 0.0334248 0.0341953 0.0333540 0.0310355 0.0311632 0.0326062 0.0318456 0.0319234 0.0295091 0.0310826 0.0310336 0.0281086 0.0302960 0.0310308 0.0303167 0.0294624 0.0302992 0.0264315 0.0271896 0.0271896 0.0287008 0.0294905 0.0280001 0.0303766 0.0280261 0.0287447 0.0279686 0.0295014 0.0295051 0.0294762 0.0280003 0.0287899 0.0272321 0.0287484 0.0257040 0.0279648 0.0264322 0.0280346 0.0264216 0.0279662 0.0279890 0.0264638 0.0272002 0.0271830 0.0275594 0.0271785 0.0258081 0.0264477 0.0249089 0.0249089 0.0243070 0.0241615 0.0241615 
