130
GU362426_Gymnodinium_catenatum                                     0.0000000 0.0454050 0.0658045 0.0704966 0.0687891 0.0772696 0.0754091 0.0693177 0.0735908 0.0648556 0.0678761 0.0685757 0.0719805 0.0710991 0.0693954 0.0684824 0.0684824 0.0662652 0.0667870 0.0661338 0.0659607 0.0660608 0.0685314 0.0667807 0.0668121 0.0676024 0.0659666 0.0660144 0.0651107 0.0667385 0.0650578 0.0650578 0.0659420 0.0659356 0.0658820 0.0658820 0.0653143 0.0734736 0.0673877 0.0671922 0.0663516 0.0663516 0.0658395 0.0665068 0.0664995 0.0655312 0.0655783 0.0664305 0.0664305 0.0673302 0.0629755 0.0628128 0.0677782 0.0635722 0.0661628 0.0644684 0.0742103 0.0767882 0.0741117 0.0695110 0.0694444 0.0749755 0.0731964 0.0766660 0.0760097 0.0749181 0.0741675 0.0730664 0.0733505 0.0768418 0.0741216 0.0738676 0.0714775 0.0697080 0.0696312 0.0697294 0.0697294 0.0723860 0.0706995 0.0704807 0.0696327 0.0707918 0.0680414 0.0705783 0.0707685 0.0635576 0.0697469 0.0696263 0.0665446 0.0688524 0.0679538 0.0656799 0.0670035 0.0679777 0.0603822 0.0595718 0.0595718 0.0669964 0.0679047 0.0663076 0.0690474 0.0663782 0.0679482 0.0662335 0.0679364 0.0679421 0.0678720 0.0671667 0.0663911 0.0654558 0.0671203 0.0612263 0.0662211 0.0661639 0.0663997 0.0644812 0.0637351 0.0662866 0.0619578 0.0653705 0.0653273 0.0662794 0.0653120 0.0640229 0.0645494 0.0628115 0.0628115 0.0632427 0.0636436 0.0636436 
EF492511                                                           0.0454050 0.0000000 0.0450357 0.0637889 0.0621268 0.0676424 0.0650177 0.0632654 0.0632766 0.0614196 0.0618406 0.0625849 0.0617106 0.0608624 0.0592185 0.0583467 0.0583467 0.0602670 0.0608017 0.0601497 0.0599961 0.0600846 0.0625456 0.0608454 0.0608732 0.0599690 0.0600497 0.0600921 0.0592173 0.0591330 0.0591228 0.0591228 0.0599101 0.0583500 0.0583035 0.0583035 0.0575975 0.0664948 0.0605951 0.0604241 0.0579931 0.0579931 0.0573243 0.0578919 0.0614020 0.0588078 0.0605093 0.0596758 0.0596758 0.0604675 0.0531355 0.0520748 0.0537220 0.0513188 0.0521633 0.0503832 0.0680434 0.0705508 0.0679548 0.0619400 0.0627358 0.0655103 0.0654318 0.0687919 0.0681349 0.0671005 0.0654954 0.0653196 0.0655660 0.0689455 0.0663220 0.0661005 0.0653993 0.0637934 0.0637247 0.0646664 0.0646664 0.0646408 0.0646352 0.0628147 0.0636160 0.0631182 0.0620835 0.0629001 0.0622401 0.0586048 0.0620915 0.0611681 0.0590056 0.0612286 0.0619814 0.0581297 0.0578031 0.0603831 0.0530210 0.0522324 0.0522324 0.0594462 0.0603204 0.0587621 0.0613970 0.0588225 0.0603578 0.0586972 0.0603472 0.0603525 0.0594764 0.0587670 0.0588338 0.0579360 0.0587377 0.0553424 0.0586870 0.0586375 0.0588409 0.0570056 0.0578773 0.0587428 0.0545811 0.0578629 0.0562211 0.0570223 0.0578129 0.0565206 0.0570646 0.0553856 0.0553856 0.0557569 0.0561933 0.0561933 
JF791031                                                           0.0658045 0.0450357 0.0000000 0.0417565 0.0401565 0.0403734 0.0387473 0.0379259 0.0371156 0.0354241 0.0348040 0.0356229 0.0355589 0.0347841 0.0332134 0.0324028 0.0324028 0.0332768 0.0339044 0.0332126 0.0331305 0.0331770 0.0356017 0.0340003 0.0340148 0.0331838 0.0332290 0.0332513 0.0324397 0.0323930 0.0323882 0.0323882 0.0328134 0.0316316 0.0316065 0.0316065 0.0313495 0.0442012 0.0402119 0.0401018 0.0393100 0.0393100 0.0392022 0.0378897 0.0393371 0.0385304 0.0385023 0.0377050 0.0377050 0.0382000 0.0321934 0.0336703 0.0375086 0.0336198 0.0359755 0.0340547 0.0448905 0.0472993 0.0448327 0.0407324 0.0430864 0.0440284 0.0449010 0.0472023 0.0465157 0.0455823 0.0456363 0.0455010 0.0456672 0.0473228 0.0464047 0.0455289 0.0448478 0.0408731 0.0408305 0.0417084 0.0417084 0.0392156 0.0424101 0.0408039 0.0399846 0.0401821 0.0416135 0.0408318 0.0393593 0.0384125 0.0400478 0.0376288 0.0362202 0.0391921 0.0383927 0.0377508 0.0375698 0.0392345 0.0329011 0.0321337 0.0321337 0.0375651 0.0383870 0.0360868 0.0393363 0.0368970 0.0368483 0.0368197 0.0384026 0.0384066 0.0360353 0.0368624 0.0369042 0.0376273 0.0360702 0.0368396 0.0352510 0.0336725 0.0369080 0.0352151 0.0368160 0.0368473 0.0336991 0.0360244 0.0360014 0.0356686 0.0359949 0.0346313 0.0352510 0.0336556 0.0336556 0.0338773 0.0328876 0.0328876 
AY160124.1_Symbiodinium_sp._G15                                    0.0704966 0.0637889 0.0417565 0.0000000 0.0014078 0.0396705 0.0388128 0.0356904 0.0372095 0.0332518 0.0342392 0.0334345 0.0357079 0.0349186 0.0333752 0.0325784 0.0325784 0.0327370 0.0333565 0.0326748 0.0310671 0.0326404 0.0334150 0.0318504 0.0318638 0.0325811 0.0310952 0.0311156 0.0303236 0.0318054 0.0302764 0.0302764 0.0306661 0.0310580 0.0310338 0.0310338 0.0299882 0.0402296 0.0363462 0.0362492 0.0354783 0.0354783 0.0345200 0.0348519 0.0355020 0.0347183 0.0346935 0.0339181 0.0339181 0.0343536 0.0308927 0.0338739 0.0361166 0.0315440 0.0346113 0.0327113 0.0433911 0.0457559 0.0433361 0.0408453 0.0439335 0.0456894 0.0449803 0.0464696 0.0457923 0.0448761 0.0433378 0.0455944 0.0457585 0.0456827 0.0456849 0.0439800 0.0433083 0.0401883 0.0401472 0.0401453 0.0401453 0.0417575 0.0409793 0.0408890 0.0377728 0.0402776 0.0401374 0.0393705 0.0394679 0.0331557 0.0386012 0.0385389 0.0356151 0.0385812 0.0385356 0.0355822 0.0354107 0.0378042 0.0308400 0.0316019 0.0316019 0.0361699 0.0369750 0.0354765 0.0379006 0.0370447 0.0369966 0.0354373 0.0369897 0.0369935 0.0361920 0.0354776 0.0362834 0.0346986 0.0362308 0.0354615 0.0354324 0.0338784 0.0355207 0.0338645 0.0354338 0.0354633 0.0331452 0.0346575 0.0346357 0.0351161 0.0346297 0.0332846 0.0338984 0.0323345 0.0323345 0.0317690 0.0315805 0.0315805 
HE653239_Symbiodinium_voratum                                      0.0687891 0.0621268 0.0401565 0.0014078 0.0000000 0.0380968 0.0372455 0.0341351 0.0356499 0.0317110 0.0326849 0.0318848 0.0341519 0.0333661 0.0318283 0.0310357 0.0310357 0.0311865 0.0318105 0.0311273 0.0295288 0.0310945 0.0318662 0.0303086 0.0303212 0.0310383 0.0295555 0.0295749 0.0287870 0.0302658 0.0287422 0.0287422 0.0291115 0.0295202 0.0294972 0.0294972 0.0284313 0.0386628 0.0347935 0.0347010 0.0339330 0.0339330 0.0329529 0.0332692 0.0339555 0.0331753 0.0331517 0.0323794 0.0323794 0.0327945 0.0293637 0.0323374 0.0345744 0.0300178 0.0330733 0.0311624 0.0418117 0.0441677 0.0417588 0.0392824 0.0423606 0.0441036 0.0433945 0.0448813 0.0442026 0.0432943 0.0417604 0.0440123 0.0441702 0.0440971 0.0440994 0.0424052 0.0417322 0.0386231 0.0385836 0.0385819 0.0385819 0.0401862 0.0394109 0.0393242 0.0362199 0.0387085 0.0385743 0.0378099 0.0379031 0.0316197 0.0370431 0.0369834 0.0340633 0.0370240 0.0369803 0.0340320 0.0338685 0.0362499 0.0293136 0.0300728 0.0300728 0.0346253 0.0354260 0.0339312 0.0363421 0.0354926 0.0354467 0.0338937 0.0354400 0.0354437 0.0346463 0.0339322 0.0347336 0.0331565 0.0346834 0.0339169 0.0338892 0.0323416 0.0339733 0.0323284 0.0338905 0.0339186 0.0316097 0.0331174 0.0330966 0.0335548 0.0330909 0.0317423 0.0323607 0.0308040 0.0308040 0.0302315 0.0300525 0.0300525 
AJ271758.1_Symbiodinium_sp.                                        0.0772696 0.0676424 0.0403734 0.0396705 0.0380968 0.0000000 0.0136442 0.0158513 0.0121722 0.0151228 0.0158901 0.0136796 0.0107364 0.0100074 0.0085635 0.0078373 0.0078373 0.0144402 0.0151078 0.0144133 0.0129224 0.0143985 0.0136720 0.0122033 0.0122081 0.0114647 0.0114799 0.0114870 0.0107507 0.0107357 0.0107344 0.0107344 0.0108695 0.0100176 0.0100100 0.0100100 0.0101737 0.0453216 0.0413622 0.0412498 0.0404639 0.0404639 0.0395726 0.0390897 0.0397125 0.0396903 0.0388848 0.0388699 0.0388699 0.0393757 0.0310969 0.0318243 0.0363622 0.0309947 0.0348462 0.0329352 0.0452839 0.0476750 0.0452261 0.0419214 0.0466081 0.0468149 0.0453176 0.0476023 0.0469214 0.0459932 0.0460473 0.0467166 0.0468864 0.0476985 0.0468102 0.0450860 0.0444106 0.0396754 0.0396345 0.0397141 0.0397141 0.0420568 0.0428430 0.0419668 0.0395967 0.0397639 0.0412089 0.0404350 0.0405359 0.0380401 0.0396587 0.0395941 0.0366479 0.0388498 0.0388153 0.0396575 0.0379782 0.0388537 0.0356616 0.0364366 0.0364366 0.0372017 0.0380152 0.0365039 0.0389536 0.0380875 0.0372588 0.0364633 0.0380305 0.0380344 0.0379968 0.0365052 0.0373194 0.0357187 0.0372649 0.0357165 0.0364583 0.0348894 0.0365499 0.0348749 0.0364597 0.0364904 0.0349314 0.0356760 0.0356534 0.0361519 0.0356471 0.0342951 0.0349101 0.0333308 0.0333308 0.0327688 0.0325702 0.0325702 
AJ271759.1_Symbiodinium_sp.                                        0.0754091 0.0650177 0.0387473 0.0388128 0.0372455 0.0136442 0.0000000 0.0136338 0.0099839 0.0129095 0.0136670 0.0114717 0.0085547 0.0078315 0.0063969 0.0056771 0.0056771 0.0122239 0.0128967 0.0122013 0.0107242 0.0121887 0.0114655 0.0100085 0.0100123 0.0092767 0.0092891 0.0092947 0.0085661 0.0085541 0.0085531 0.0085531 0.0086595 0.0078394 0.0078335 0.0078335 0.0079610 0.0444394 0.0404956 0.0403859 0.0396031 0.0396031 0.0387011 0.0382135 0.0388539 0.0388323 0.0380304 0.0380159 0.0380159 0.0385091 0.0302733 0.0309990 0.0355217 0.0301741 0.0340108 0.0320974 0.0444026 0.0467842 0.0443460 0.0410573 0.0457265 0.0459286 0.0444355 0.0467130 0.0460326 0.0451107 0.0451635 0.0458326 0.0459985 0.0468071 0.0459241 0.0442092 0.0435343 0.0388177 0.0387779 0.0388555 0.0388555 0.0411892 0.0419725 0.0411015 0.0371715 0.0389040 0.0403460 0.0395749 0.0396733 0.0371904 0.0388015 0.0387385 0.0357998 0.0379963 0.0387352 0.0380208 0.0371301 0.0380001 0.0340513 0.0348221 0.0348221 0.0363565 0.0371661 0.0356597 0.0380974 0.0356939 0.0364121 0.0356201 0.0371809 0.0371848 0.0371482 0.0356609 0.0364712 0.0348777 0.0364181 0.0348755 0.0356152 0.0340528 0.0357044 0.0340387 0.0356166 0.0356465 0.0340937 0.0348361 0.0348141 0.0352995 0.0348080 0.0334566 0.0340730 0.0325005 0.0325005 0.0319356 0.0317426 0.0317426 
AJ271754.1_Symbiodinium_sp.                                        0.0693177 0.0632654 0.0379259 0.0356904 0.0341351 0.0158513 0.0136338 0.0000000 0.0121630 0.0092756 0.0100183 0.0078470 0.0107284 0.0100000 0.0085571 0.0078315 0.0078315 0.0085842 0.0092666 0.0085683 0.0071134 0.0085595 0.0078428 0.0064015 0.0064040 0.0071104 0.0056875 0.0056909 0.0049716 0.0063926 0.0049641 0.0049641 0.0050256 0.0056810 0.0056767 0.0056767 0.0057687 0.0397084 0.0358048 0.0357088 0.0349339 0.0349339 0.0339643 0.0334458 0.0341886 0.0341698 0.0333787 0.0333661 0.0333661 0.0337971 0.0249375 0.0256605 0.0316774 0.0248563 0.0301764 0.0282351 0.0404540 0.0428149 0.0404027 0.0371554 0.0417884 0.0419717 0.0404838 0.0427500 0.0420658 0.0411632 0.0404320 0.0411069 0.0412542 0.0428355 0.0403820 0.0402788 0.0396004 0.0349250 0.0348894 0.0365009 0.0365009 0.0372735 0.0380503 0.0371948 0.0348565 0.0350019 0.0364431 0.0356782 0.0357662 0.0333191 0.0349106 0.0348544 0.0319235 0.0341150 0.0348514 0.0333605 0.0332654 0.0341183 0.0302123 0.0309765 0.0309765 0.0324984 0.0332975 0.0325591 0.0342053 0.0318299 0.0325477 0.0317644 0.0333105 0.0333140 0.0332814 0.0318005 0.0326002 0.0310252 0.0325529 0.0279497 0.0317602 0.0302133 0.0318391 0.0302010 0.0317614 0.0317877 0.0302496 0.0309886 0.0309691 0.0313991 0.0309639 0.0296033 0.0302313 0.0286764 0.0286764 0.0280930 0.0279241 0.0279241 
AJ271756.1_Symbiodinium_sp.                                        0.0735908 0.0632766 0.0371156 0.0372095 0.0356499 0.0121722 0.0099839 0.0121630 0.0000000 0.0114417 0.0121924 0.0100094 0.0071088 0.0063895 0.0049613 0.0042458 0.0042458 0.0107544 0.0114306 0.0107344 0.0092681 0.0107234 0.0100041 0.0085545 0.0085578 0.0078274 0.0078378 0.0078426 0.0071183 0.0071083 0.0071075 0.0071075 0.0071957 0.0063960 0.0063912 0.0063912 0.0064949 0.0428051 0.0388799 0.0387750 0.0379959 0.0379959 0.0370717 0.0365740 0.0372489 0.0372283 0.0364311 0.0364172 0.0364172 0.0368885 0.0287123 0.0294364 0.0339419 0.0286184 0.0324368 0.0305141 0.0427698 0.0451401 0.0427155 0.0394476 0.0440965 0.0442906 0.0428014 0.0450716 0.0443904 0.0434775 0.0435282 0.0441985 0.0443577 0.0451620 0.0442863 0.0425842 0.0419086 0.0372144 0.0371763 0.0372504 0.0372504 0.0395737 0.0403534 0.0394898 0.0355796 0.0365239 0.0387367 0.0379691 0.0380631 0.0355977 0.0371989 0.0371388 0.0342066 0.0363986 0.0371356 0.0364220 0.0355402 0.0364021 0.0324754 0.0332426 0.0332426 0.0347702 0.0355745 0.0340734 0.0364951 0.0341059 0.0348231 0.0340356 0.0355886 0.0355923 0.0355574 0.0340744 0.0348794 0.0332953 0.0348288 0.0332933 0.0340310 0.0324767 0.0341158 0.0309418 0.0340323 0.0340606 0.0325157 0.0332558 0.0332349 0.0336969 0.0332291 0.0318755 0.0324960 0.0309324 0.0309324 0.0303605 0.0301777 0.0301777 
AJ271764.1_Symbiodinium_sp.                                        0.0648556 0.0614196 0.0354241 0.0332518 0.0317110 0.0151228 0.0129095 0.0092756 0.0114417 0.0000000 0.0092979 0.0071300 0.0100080 0.0092809 0.0078400 0.0071159 0.0071159 0.0078649 0.0085495 0.0078502 0.0063988 0.0078422 0.0071262 0.0056874 0.0056895 0.0063961 0.0049740 0.0049770 0.0042592 0.0056794 0.0042528 0.0042528 0.0043055 0.0049684 0.0049646 0.0049646 0.0050450 0.0372261 0.0333577 0.0332690 0.0325012 0.0325012 0.0315004 0.0309678 0.0309785 0.0317433 0.0301813 0.0309490 0.0309490 0.0313464 0.0240921 0.0233061 0.0307961 0.0240140 0.0293030 0.0273629 0.0364051 0.0387356 0.0363592 0.0331663 0.0377447 0.0379083 0.0364315 0.0386775 0.0379922 0.0371124 0.0371549 0.0378310 0.0379651 0.0387539 0.0379050 0.0362489 0.0355694 0.0309538 0.0309226 0.0325070 0.0325070 0.0332701 0.0340375 0.0332007 0.0308938 0.0310209 0.0324558 0.0317000 0.0317772 0.0293755 0.0309413 0.0308919 0.0279803 0.0301582 0.0308893 0.0309324 0.0301036 0.0301611 0.0270600 0.0278156 0.0278156 0.0285711 0.0293565 0.0278732 0.0302373 0.0278992 0.0286139 0.0278423 0.0293677 0.0293709 0.0293423 0.0278736 0.0286596 0.0271091 0.0286184 0.0255884 0.0278388 0.0263134 0.0279072 0.0263028 0.0278398 0.0278625 0.0263448 0.0270776 0.0270607 0.0274335 0.0270563 0.0256917 0.0263290 0.0247975 0.0247975 0.0241978 0.0240536 0.0240536 
L13718.1_Symbiodinium_meandrinae                                   0.0678761 0.0618406 0.0348040 0.0342392 0.0326849 0.0158901 0.0136670 0.0100183 0.0121924 0.0092979 0.0000000 0.0078658 0.0107542 0.0100240 0.0085776 0.0078503 0.0078503 0.0014193 0.0035450 0.0028407 0.0028342 0.0028378 0.0078616 0.0064169 0.0064193 0.0071274 0.0057011 0.0057045 0.0049835 0.0064079 0.0049759 0.0049759 0.0050378 0.0056946 0.0056903 0.0056903 0.0057828 0.0398108 0.0358966 0.0358000 0.0350231 0.0350231 0.0340523 0.0327141 0.0342758 0.0342570 0.0334637 0.0334510 0.0334510 0.0338842 0.0265102 0.0272355 0.0332839 0.0264235 0.0317755 0.0298417 0.0421236 0.0444984 0.0420699 0.0387980 0.0434564 0.0436481 0.0421547 0.0444308 0.0437466 0.0428339 0.0428839 0.0435572 0.0437144 0.0445200 0.0428435 0.0419403 0.0412619 0.0365589 0.0365214 0.0381451 0.0381451 0.0389222 0.0397034 0.0388395 0.0364868 0.0366398 0.0380846 0.0373154 0.0374080 0.0349405 0.0365437 0.0364845 0.0335439 0.0341797 0.0364814 0.0342240 0.0348839 0.0357458 0.0302886 0.0295319 0.0295319 0.0341125 0.0349177 0.0334131 0.0358373 0.0334450 0.0341645 0.0333759 0.0349315 0.0349352 0.0349008 0.0334140 0.0342199 0.0326337 0.0341701 0.0310820 0.0333714 0.0318147 0.0334548 0.0318016 0.0333727 0.0334005 0.0318530 0.0325950 0.0325744 0.0330285 0.0325688 0.0312091 0.0318336 0.0302680 0.0302680 0.0296910 0.0295117 0.0295117 
KU188508.1_Symbiodinium_sp.                                        0.0685757 0.0625849 0.0356229 0.0334345 0.0318848 0.0136796 0.0114717 0.0078470 0.0100094 0.0071300 0.0078658 0.0000000 0.0085765 0.0078515 0.0064132 0.0056915 0.0056915 0.0064335 0.0071231 0.0064216 0.0049758 0.0064150 0.0056911 0.0042582 0.0042598 0.0049737 0.0035467 0.0035489 0.0028346 0.0042586 0.0028346 0.0028346 0.0028697 0.0035481 0.0035454 0.0035454 0.0036028 0.0389882 0.0350850 0.0349909 0.0342161 0.0342161 0.0332347 0.0327106 0.0334703 0.0334519 0.0326613 0.0326489 0.0326489 0.0330710 0.0242222 0.0249459 0.0309637 0.0241432 0.0294623 0.0275129 0.0389503 0.0413067 0.0389008 0.0364394 0.0410726 0.0412528 0.0397636 0.0420312 0.0413453 0.0404448 0.0404917 0.0411675 0.0413152 0.0421152 0.0412490 0.0395623 0.0388822 0.0342074 0.0341725 0.0357826 0.0357826 0.0365552 0.0373320 0.0364780 0.0341403 0.0342826 0.0357259 0.0349609 0.0350472 0.0326030 0.0341933 0.0341382 0.0312044 0.0333982 0.0341353 0.0334198 0.0325504 0.0334014 0.0294975 0.0302615 0.0302615 0.0317835 0.0325818 0.0310834 0.0334867 0.0311129 0.0318317 0.0310488 0.0325945 0.0325980 0.0325660 0.0310841 0.0318830 0.0303091 0.0318368 0.0287676 0.0310448 0.0294984 0.0311219 0.0294864 0.0310459 0.0310716 0.0295339 0.0302733 0.0302542 0.0306747 0.0302492 0.0288849 0.0295160 0.0279619 0.0279619 0.0273742 0.0272095 0.0272095 
AB055917.1_Symbiodinium_sp.                                        0.0719805 0.0617106 0.0355589 0.0357079 0.0341519 0.0107364 0.0085547 0.0107284 0.0071088 0.0100080 0.0107542 0.0085765 0.0000000 0.0049679 0.0035426 0.0028296 0.0028296 0.0093172 0.0099983 0.0092999 0.0078395 0.0092904 0.0085719 0.0071263 0.0071290 0.0064020 0.0064105 0.0064144 0.0056926 0.0056847 0.0056840 0.0056840 0.0057546 0.0049730 0.0049692 0.0049692 0.0043257 0.0412881 0.0373708 0.0372702 0.0364926 0.0364926 0.0347677 0.0342541 0.0357459 0.0357262 0.0349314 0.0349182 0.0349182 0.0353699 0.0272301 0.0279546 0.0324547 0.0271411 0.0309513 0.0290152 0.0412541 0.0436195 0.0412017 0.0379455 0.0425866 0.0403728 0.0388882 0.0411481 0.0404629 0.0395687 0.0411703 0.0418435 0.0419935 0.0436406 0.0419262 0.0410752 0.0403974 0.0357128 0.0356763 0.0357473 0.0357473 0.0372376 0.0364685 0.0379858 0.0356426 0.0357915 0.0372332 0.0364669 0.0365571 0.0341022 0.0356980 0.0356404 0.0327073 0.0349003 0.0356373 0.0349228 0.0340472 0.0349037 0.0309882 0.0317539 0.0317539 0.0332787 0.0340800 0.0325802 0.0349928 0.0326112 0.0333293 0.0325440 0.0340934 0.0340970 0.0340636 0.0325811 0.0333831 0.0318040 0.0333346 0.0318021 0.0325397 0.0309893 0.0326207 0.0309766 0.0325409 0.0325679 0.0310266 0.0317664 0.0317463 0.0321877 0.0317410 0.0303819 0.0310077 0.0294489 0.0294489 0.0288691 0.0286953 0.0286953 
AJ271757.1_Symbiodinium_sp.                                        0.0710991 0.0608624 0.0347841 0.0349186 0.0333661 0.0100074 0.0078315 0.0100000 0.0063895 0.0092809 0.0100240 0.0078515 0.0049679 0.0000000 0.0028303 0.0021194 0.0021194 0.0085892 0.0092720 0.0085732 0.0071174 0.0085644 0.0078473 0.0064052 0.0064076 0.0056832 0.0056907 0.0056942 0.0049745 0.0049675 0.0049669 0.0049669 0.0050285 0.0042569 0.0042537 0.0042537 0.0043226 0.0404852 0.0365759 0.0364776 0.0357017 0.0357017 0.0347433 0.0342300 0.0349558 0.0349366 0.0341439 0.0341310 0.0341310 0.0345721 0.0264596 0.0271835 0.0316761 0.0263732 0.0301753 0.0282342 0.0404519 0.0428125 0.0404006 0.0371537 0.0417861 0.0419694 0.0404817 0.0427476 0.0420635 0.0411610 0.0412087 0.0418825 0.0412520 0.0428331 0.0419654 0.0402768 0.0395984 0.0349235 0.0348879 0.0349572 0.0349572 0.0372718 0.0380485 0.0371930 0.0348550 0.0350003 0.0364414 0.0356766 0.0357646 0.0333178 0.0349091 0.0348528 0.0319223 0.0341135 0.0348499 0.0341355 0.0332640 0.0341169 0.0302113 0.0309753 0.0309753 0.0324972 0.0332961 0.0317985 0.0342038 0.0318287 0.0325464 0.0317632 0.0333091 0.0333126 0.0332800 0.0317993 0.0325989 0.0310240 0.0325516 0.0310222 0.0317590 0.0302122 0.0318379 0.0301999 0.0317602 0.0317865 0.0302485 0.0309874 0.0309679 0.0313979 0.0309627 0.0296023 0.0302302 0.0286754 0.0286754 0.0280921 0.0279232 0.0279232 
AB863030.1_Symbiodinium_sp.                                        0.0693954 0.0592185 0.0332134 0.0333752 0.0318283 0.0085635 0.0063969 0.0085571 0.0049613 0.0078400 0.0085776 0.0064132 0.0035426 0.0028303 0.0000000 0.0007046 0.0007046 0.0071457 0.0078324 0.0071324 0.0056845 0.0071251 0.0064098 0.0049735 0.0049754 0.0042553 0.0042609 0.0042635 0.0035473 0.0035423 0.0035419 0.0035419 0.0035858 0.0028332 0.0028311 0.0028311 0.0028768 0.0389186 0.0350225 0.0349288 0.0341554 0.0341554 0.0331748 0.0326512 0.0334109 0.0333926 0.0326034 0.0325911 0.0325911 0.0330117 0.0249471 0.0256702 0.0301515 0.0248657 0.0286545 0.0267023 0.0388867 0.0412392 0.0388374 0.0356067 0.0402251 0.0404010 0.0389152 0.0411769 0.0404912 0.0395962 0.0396420 0.0403177 0.0404619 0.0412589 0.0403973 0.0387187 0.0380389 0.0333800 0.0333461 0.0334121 0.0334121 0.0357194 0.0364936 0.0356442 0.0333148 0.0334532 0.0348940 0.0341316 0.0342155 0.0317826 0.0333664 0.0333127 0.0303851 0.0325745 0.0333099 0.0325955 0.0317315 0.0325776 0.0286886 0.0294501 0.0294501 0.0309672 0.0317620 0.0302677 0.0326605 0.0302963 0.0310140 0.0302341 0.0317743 0.0317777 0.0317466 0.0302684 0.0310638 0.0294962 0.0310189 0.0294945 0.0302302 0.0286895 0.0303050 0.0286778 0.0302313 0.0302562 0.0287239 0.0294615 0.0294430 0.0298512 0.0294381 0.0280740 0.0287065 0.0271585 0.0271585 0.0265679 0.0264085 0.0264085 
AB016579.1_Symbiodinium_sp.                                        0.0684824 0.0583467 0.0324028 0.0325784 0.0310357 0.0078373 0.0056771 0.0078315 0.0042458 0.0071159 0.0078503 0.0056915 0.0028296 0.0021194 0.0007046 0.0000000 0.0000010 0.0064208 0.0071091 0.0064089 0.0049660 0.0064024 0.0056885 0.0042562 0.0042579 0.0035404 0.0035451 0.0035473 0.0028333 0.0028293 0.0028290 0.0028290 0.0028640 0.0021215 0.0021199 0.0021199 0.0021541 0.0381052 0.0342192 0.0341279 0.0333565 0.0333565 0.0323653 0.0318369 0.0326132 0.0325955 0.0318088 0.0317968 0.0317968 0.0322065 0.0241731 0.0248953 0.0293671 0.0240944 0.0278732 0.0259169 0.0380740 0.0404203 0.0380258 0.0348062 0.0394134 0.0395853 0.0381018 0.0403593 0.0396735 0.0387831 0.0388278 0.0395039 0.0396449 0.0404395 0.0395817 0.0379098 0.0372298 0.0325832 0.0325502 0.0326145 0.0326145 0.0349160 0.0356883 0.0348426 0.0325196 0.0326544 0.0340939 0.0333333 0.0334151 0.0309914 0.0325699 0.0325177 0.0295940 0.0317806 0.0325149 0.0318011 0.0309417 0.0317837 0.0279064 0.0286659 0.0286659 0.0301793 0.0309713 0.0294800 0.0318644 0.0295078 0.0302248 0.0294473 0.0309833 0.0309866 0.0309563 0.0294806 0.0302732 0.0287106 0.0302295 0.0287090 0.0294435 0.0279072 0.0295162 0.0278959 0.0294446 0.0294687 0.0279406 0.0286770 0.0286589 0.0290557 0.0286543 0.0272894 0.0279237 0.0263805 0.0263805 0.0257867 0.0256322 0.0256322 
AB016572.1_Symbiodinium_sp.                                        0.0684824 0.0583467 0.0324028 0.0325784 0.0310357 0.0078373 0.0056771 0.0078315 0.0042458 0.0071159 0.0078503 0.0056915 0.0028296 0.0021194 0.0007046 0.0000010 0.0000000 0.0064208 0.0071091 0.0064089 0.0049660 0.0064024 0.0056885 0.0042562 0.0042579 0.0035404 0.0035451 0.0035473 0.0028333 0.0028293 0.0028290 0.0028290 0.0028640 0.0021215 0.0021199 0.0021199 0.0021541 0.0381052 0.0342192 0.0341279 0.0333565 0.0333565 0.0323653 0.0318369 0.0326132 0.0325955 0.0318088 0.0317968 0.0317968 0.0322065 0.0241731 0.0248953 0.0293671 0.0240944 0.0278732 0.0259169 0.0380740 0.0404203 0.0380258 0.0348062 0.0394134 0.0395853 0.0381018 0.0403593 0.0396735 0.0387831 0.0388278 0.0395039 0.0396449 0.0404395 0.0395817 0.0379098 0.0372298 0.0325832 0.0325502 0.0326145 0.0326145 0.0349160 0.0356883 0.0348426 0.0325196 0.0326544 0.0340939 0.0333333 0.0334151 0.0309914 0.0325699 0.0325177 0.0295940 0.0317806 0.0325149 0.0318011 0.0309417 0.0317837 0.0279064 0.0286659 0.0286659 0.0301793 0.0309713 0.0294800 0.0318644 0.0295078 0.0302248 0.0294473 0.0309833 0.0309866 0.0309563 0.0294806 0.0302732 0.0287106 0.0302295 0.0287090 0.0294435 0.0279072 0.0295162 0.0278959 0.0294446 0.0294687 0.0279406 0.0286770 0.0286589 0.0290557 0.0286543 0.0272894 0.0279237 0.0263805 0.0263805 0.0257867 0.0256322 0.0256322 
L13717.1_Symbiodinium_corculorum                                   0.0662652 0.0602670 0.0332768 0.0327370 0.0311865 0.0144402 0.0122239 0.0085842 0.0107544 0.0078649 0.0014193 0.0064335 0.0093172 0.0085892 0.0071457 0.0064208 0.0064208 0.0000000 0.0021263 0.0014199 0.0014167 0.0014184 0.0064301 0.0049893 0.0049911 0.0057001 0.0042744 0.0042770 0.0035585 0.0049823 0.0035531 0.0035531 0.0035972 0.0042695 0.0042663 0.0042663 0.0043356 0.0375187 0.0343866 0.0342943 0.0335191 0.0335191 0.0325255 0.0311797 0.0327722 0.0327542 0.0319635 0.0319513 0.0319513 0.0323650 0.0250278 0.0257532 0.0317920 0.0249459 0.0302856 0.0283384 0.0406021 0.0429718 0.0405504 0.0372906 0.0419406 0.0421253 0.0406321 0.0429065 0.0422201 0.0413136 0.0413618 0.0420378 0.0421892 0.0429926 0.0413230 0.0404257 0.0397450 0.0350523 0.0350164 0.0366341 0.0366341 0.0374096 0.0381893 0.0373303 0.0349833 0.0351297 0.0365759 0.0358082 0.0358968 0.0334402 0.0350378 0.0349811 0.0320400 0.0326805 0.0349781 0.0327227 0.0333861 0.0342424 0.0287998 0.0280442 0.0280442 0.0326163 0.0334184 0.0319153 0.0343301 0.0319456 0.0326659 0.0318797 0.0334315 0.0334350 0.0334022 0.0319160 0.0327188 0.0311378 0.0326712 0.0295902 0.0318755 0.0303228 0.0319549 0.0303104 0.0318766 0.0319031 0.0303594 0.0311010 0.0310813 0.0315145 0.0310760 0.0297111 0.0303409 0.0287801 0.0287801 0.0281952 0.0280251 0.0280251 
AB055918.1_Symbiodinium_sp.                                        0.0667870 0.0608017 0.0339044 0.0333565 0.0318105 0.0151078 0.0128967 0.0092666 0.0114306 0.0085495 0.0035450 0.0071231 0.0099983 0.0092720 0.0078324 0.0071091 0.0071091 0.0021263 0.0000000 0.0021224 0.0021175 0.0021202 0.0071193 0.0056819 0.0056840 0.0063899 0.0049692 0.0049722 0.0042551 0.0056739 0.0042487 0.0042487 0.0043013 0.0049636 0.0049598 0.0049598 0.0050401 0.0388964 0.0350028 0.0349091 0.0341363 0.0341363 0.0331559 0.0318187 0.0333921 0.0333739 0.0325852 0.0325729 0.0325729 0.0329930 0.0256692 0.0263917 0.0324110 0.0255856 0.0309096 0.0289757 0.0411981 0.0435602 0.0411458 0.0378942 0.0425290 0.0427156 0.0412283 0.0434943 0.0428115 0.0419062 0.0419549 0.0426271 0.0427802 0.0435812 0.0427116 0.0410196 0.0403426 0.0356644 0.0356281 0.0372417 0.0372417 0.0380148 0.0387920 0.0379344 0.0355945 0.0357429 0.0371828 0.0364176 0.0365074 0.0340562 0.0356497 0.0355922 0.0326629 0.0348531 0.0355892 0.0333419 0.0340012 0.0348565 0.0294292 0.0286761 0.0286761 0.0332338 0.0340340 0.0325362 0.0349453 0.0325671 0.0332843 0.0325001 0.0340473 0.0340509 0.0340176 0.0325370 0.0333379 0.0317610 0.0332896 0.0302178 0.0324958 0.0309475 0.0325766 0.0309349 0.0324970 0.0325239 0.0309847 0.0317235 0.0317036 0.0321437 0.0316982 0.0295828 0.0309659 0.0294092 0.0294092 0.0288300 0.0286566 0.0286566 
X62650.1_S.pilosum                                                 0.0661338 0.0601497 0.0332126 0.0326748 0.0311273 0.0144133 0.0122013 0.0085683 0.0107344 0.0078502 0.0028407 0.0064216 0.0092999 0.0085732 0.0071324 0.0064089 0.0064089 0.0014199 0.0021224 0.0000000 0.0014140 0.0014158 0.0064181 0.0049800 0.0049819 0.0056895 0.0042665 0.0042691 0.0035519 0.0049730 0.0035465 0.0035465 0.0035905 0.0042616 0.0042584 0.0042584 0.0043275 0.0382193 0.0343211 0.0342291 0.0334554 0.0334554 0.0324627 0.0311191 0.0327099 0.0326920 0.0319028 0.0318907 0.0318907 0.0323028 0.0249806 0.0257047 0.0317320 0.0248990 0.0302284 0.0282844 0.0405245 0.0428895 0.0404730 0.0372198 0.0418608 0.0420447 0.0405543 0.0428245 0.0421392 0.0412348 0.0412827 0.0419576 0.0421084 0.0429102 0.0420408 0.0403487 0.0396692 0.0349856 0.0349499 0.0365643 0.0365643 0.0373383 0.0381165 0.0372593 0.0349169 0.0350627 0.0365063 0.0357401 0.0358284 0.0333768 0.0349712 0.0349147 0.0319790 0.0341741 0.0349117 0.0326606 0.0333229 0.0341774 0.0287454 0.0279913 0.0279913 0.0325546 0.0333550 0.0318548 0.0342647 0.0318850 0.0326040 0.0318193 0.0333681 0.0333717 0.0333389 0.0318555 0.0326567 0.0310788 0.0326093 0.0295342 0.0318151 0.0302655 0.0318943 0.0302531 0.0318163 0.0318427 0.0303019 0.0310421 0.0310225 0.0314541 0.0310173 0.0296547 0.0302835 0.0287258 0.0287258 0.0281417 0.0279722 0.0279722 
AB016723.1_Symbiodinium_sp.                                        0.0659607 0.0599961 0.0331305 0.0310671 0.0295288 0.0129224 0.0107242 0.0071134 0.0092681 0.0063988 0.0028342 0.0049758 0.0078395 0.0071174 0.0056845 0.0049660 0.0049660 0.0014167 0.0021175 0.0014140 0.0000000 0.0014126 0.0049731 0.0035438 0.0035451 0.0042511 0.0028336 0.0028353 0.0021231 0.0035388 0.0021199 0.0021199 0.0021461 0.0028304 0.0028283 0.0028283 0.0028739 0.0381253 0.0342371 0.0341456 0.0333739 0.0333739 0.0323824 0.0310418 0.0326302 0.0326124 0.0318253 0.0318133 0.0318133 0.0322234 0.0234198 0.0241418 0.0301383 0.0233437 0.0286419 0.0266905 0.0388694 0.0412208 0.0388202 0.0355910 0.0402073 0.0403830 0.0388979 0.0411585 0.0404732 0.0395786 0.0396243 0.0402998 0.0404439 0.0412405 0.0403793 0.0387016 0.0380220 0.0333653 0.0333314 0.0349339 0.0349339 0.0357036 0.0364774 0.0356284 0.0333001 0.0334384 0.0348786 0.0341165 0.0342004 0.0317687 0.0333517 0.0332981 0.0303717 0.0325602 0.0332952 0.0310539 0.0317176 0.0325633 0.0271651 0.0279239 0.0279239 0.0309536 0.0317480 0.0302545 0.0326461 0.0302830 0.0310004 0.0302208 0.0317603 0.0317637 0.0317327 0.0302551 0.0310502 0.0294832 0.0310053 0.0279481 0.0302170 0.0286769 0.0302917 0.0286653 0.0302180 0.0302429 0.0287113 0.0294486 0.0294301 0.0298380 0.0294252 0.0280617 0.0286940 0.0271467 0.0271467 0.0265563 0.0263970 0.0263970 
AB016724.1_Symbiodinium_sp.                                        0.0660608 0.0600846 0.0331770 0.0326404 0.0310945 0.0143985 0.0121887 0.0085595 0.0107234 0.0078422 0.0028378 0.0064150 0.0092904 0.0085644 0.0071251 0.0064024 0.0064024 0.0014184 0.0021202 0.0014158 0.0014126 0.0000000 0.0064116 0.0049749 0.0049768 0.0056837 0.0042621 0.0042647 0.0035483 0.0049680 0.0035429 0.0035429 0.0035868 0.0042573 0.0042541 0.0042541 0.0043230 0.0381787 0.0342847 0.0341930 0.0334201 0.0334201 0.0324278 0.0310855 0.0326753 0.0326574 0.0318691 0.0318571 0.0318571 0.0322684 0.0249544 0.0256778 0.0316987 0.0248730 0.0301967 0.0282544 0.0404814 0.0428438 0.0404300 0.0371805 0.0418165 0.0420000 0.0405112 0.0427789 0.0420943 0.0411910 0.0412388 0.0419131 0.0420636 0.0428645 0.0419961 0.0403060 0.0396272 0.0349486 0.0349130 0.0365256 0.0365256 0.0372987 0.0380761 0.0372199 0.0348801 0.0350256 0.0364677 0.0357023 0.0357904 0.0333416 0.0349342 0.0348779 0.0319452 0.0341380 0.0348749 0.0326261 0.0332878 0.0341413 0.0287152 0.0279619 0.0279619 0.0325204 0.0333199 0.0318212 0.0342285 0.0318514 0.0325697 0.0317858 0.0333330 0.0333365 0.0333038 0.0318220 0.0326222 0.0310461 0.0325749 0.0295032 0.0317817 0.0302337 0.0318607 0.0302214 0.0317828 0.0318092 0.0302701 0.0310095 0.0309900 0.0314206 0.0309847 0.0296234 0.0302517 0.0286957 0.0286957 0.0281120 0.0279429 0.0279429 
KU188515.1_Symbiodinium_sp.                                        0.0685314 0.0625456 0.0356017 0.0334150 0.0318662 0.0136720 0.0114655 0.0078428 0.0100041 0.0071262 0.0078616 0.0056911 0.0085719 0.0078473 0.0064098 0.0056885 0.0056885 0.0064301 0.0071193 0.0064181 0.0049731 0.0064116 0.0000000 0.0042559 0.0042575 0.0049710 0.0035448 0.0035470 0.0028331 0.0042564 0.0028331 0.0028331 0.0028682 0.0035462 0.0035435 0.0035435 0.0028781 0.0389651 0.0350644 0.0349704 0.0341961 0.0341961 0.0324310 0.0319020 0.0334507 0.0334324 0.0326423 0.0326299 0.0326299 0.0330515 0.0242084 0.0249317 0.0309459 0.0241295 0.0294453 0.0274970 0.0397109 0.0420699 0.0396604 0.0364181 0.0410483 0.0412283 0.0397400 0.0420062 0.0413206 0.0404208 0.0404677 0.0411430 0.0412906 0.0420901 0.0412244 0.0395389 0.0388592 0.0341874 0.0341526 0.0357616 0.0357616 0.0365337 0.0373100 0.0364566 0.0341204 0.0342625 0.0357049 0.0349405 0.0350266 0.0325841 0.0341733 0.0341183 0.0311862 0.0333787 0.0341154 0.0334003 0.0325315 0.0333820 0.0294805 0.0302440 0.0302440 0.0317651 0.0325628 0.0310654 0.0334671 0.0310948 0.0318132 0.0310308 0.0325755 0.0325790 0.0325471 0.0310661 0.0318645 0.0302915 0.0318183 0.0287511 0.0310268 0.0294814 0.0311038 0.0294694 0.0310279 0.0310536 0.0295168 0.0302558 0.0302368 0.0306568 0.0302317 0.0288682 0.0294989 0.0279459 0.0279459 0.0273584 0.0271939 0.0271939 
KU188511.1_Symbiodinium_sp.                                        0.0667807 0.0608454 0.0340003 0.0318504 0.0303086 0.0122033 0.0100085 0.0064015 0.0085545 0.0056874 0.0064169 0.0042582 0.0071263 0.0064052 0.0049735 0.0042562 0.0042562 0.0049893 0.0056819 0.0049800 0.0035438 0.0049749 0.0042559 0.0000000 0.0028316 0.0035423 0.0021218 0.0021231 0.0014132 0.0028308 0.0014132 0.0014132 0.0014306 0.0021227 0.0021210 0.0021210 0.0021552 0.0373727 0.0334885 0.0333991 0.0326281 0.0326281 0.0316253 0.0310914 0.0318846 0.0318672 0.0310813 0.0310695 0.0310695 0.0314700 0.0226854 0.0234075 0.0293998 0.0226117 0.0279042 0.0259461 0.0381168 0.0404658 0.0380685 0.0348451 0.0394575 0.0396298 0.0381447 0.0404046 0.0397182 0.0388267 0.0388714 0.0395482 0.0396895 0.0404851 0.0396262 0.0379523 0.0372716 0.0326197 0.0325866 0.0341861 0.0341861 0.0349551 0.0357283 0.0348817 0.0325560 0.0326910 0.0341321 0.0333706 0.0326893 0.0310260 0.0326064 0.0325540 0.0296272 0.0318162 0.0325513 0.0318367 0.0309762 0.0318192 0.0279375 0.0286979 0.0286979 0.0302129 0.0310059 0.0295130 0.0319001 0.0295408 0.0302585 0.0294801 0.0310179 0.0310212 0.0309909 0.0295135 0.0303071 0.0287427 0.0302633 0.0272094 0.0294764 0.0279383 0.0295493 0.0279270 0.0294774 0.0295017 0.0279718 0.0287089 0.0286909 0.0290885 0.0286862 0.0273200 0.0279549 0.0264099 0.0264099 0.0258156 0.0256607 0.0256607 
KU188514.1_Symbiodinium_sp.                                        0.0668121 0.0608732 0.0340148 0.0318638 0.0303212 0.0122081 0.0100123 0.0064040 0.0085578 0.0056895 0.0064193 0.0042598 0.0071290 0.0064076 0.0049754 0.0042579 0.0042579 0.0049911 0.0056840 0.0049819 0.0035451 0.0049768 0.0042575 0.0028316 0.0000000 0.0035436 0.0021226 0.0021239 0.0014137 0.0028319 0.0014137 0.0014137 0.0014312 0.0021234 0.0021218 0.0021218 0.0021552 0.0373887 0.0335026 0.0334131 0.0326418 0.0326418 0.0316387 0.0311047 0.0318979 0.0318805 0.0310943 0.0310825 0.0310825 0.0314834 0.0226947 0.0234171 0.0294119 0.0226208 0.0279157 0.0259569 0.0381331 0.0404832 0.0380848 0.0348598 0.0394743 0.0396468 0.0381610 0.0404220 0.0397352 0.0388433 0.0388881 0.0395652 0.0397065 0.0405025 0.0396432 0.0379685 0.0372875 0.0326334 0.0326003 0.0342006 0.0342006 0.0349699 0.0357435 0.0348964 0.0325696 0.0327048 0.0341465 0.0333847 0.0334667 0.0310390 0.0326201 0.0325677 0.0296396 0.0318295 0.0325649 0.0318500 0.0309891 0.0318325 0.0279491 0.0287098 0.0287098 0.0302255 0.0310188 0.0295252 0.0319135 0.0295531 0.0302711 0.0294924 0.0310308 0.0310342 0.0310038 0.0295258 0.0303198 0.0287546 0.0302759 0.0272206 0.0294886 0.0279498 0.0295616 0.0279385 0.0294897 0.0295139 0.0279834 0.0287208 0.0287028 0.0291007 0.0286981 0.0273313 0.0279665 0.0264208 0.0264208 0.0258262 0.0256712 0.0256712 
AF238256.1_Symbiodinium_sp._Type_A                                 0.0676024 0.0599690 0.0331838 0.0325811 0.0310383 0.0114647 0.0092767 0.0071104 0.0078274 0.0063961 0.0071274 0.0049737 0.0064020 0.0056832 0.0042553 0.0035404 0.0035404 0.0057001 0.0063899 0.0056895 0.0042511 0.0056837 0.0049710 0.0035423 0.0035436 0.0000000 0.0028324 0.0028342 0.0021222 0.0021193 0.0021190 0.0021190 0.0021452 0.0014125 0.0014115 0.0014115 0.0014340 0.0381085 0.0342221 0.0341307 0.0333593 0.0333593 0.0323680 0.0318396 0.0326160 0.0325982 0.0318114 0.0317994 0.0317994 0.0322092 0.0234098 0.0241314 0.0301253 0.0233336 0.0286296 0.0266788 0.0388524 0.0412026 0.0388032 0.0355755 0.0401897 0.0403652 0.0388808 0.0411404 0.0404553 0.0395612 0.0396069 0.0402821 0.0404261 0.0412223 0.0403615 0.0386846 0.0380053 0.0333507 0.0333169 0.0349186 0.0349186 0.0356880 0.0364615 0.0356129 0.0332856 0.0334238 0.0348634 0.0341016 0.0341854 0.0317549 0.0333371 0.0332836 0.0303585 0.0325460 0.0332808 0.0325670 0.0317038 0.0325491 0.0286637 0.0294245 0.0294245 0.0309402 0.0317342 0.0302413 0.0326319 0.0302698 0.0309869 0.0302077 0.0317465 0.0317499 0.0317189 0.0302419 0.0310367 0.0294704 0.0309918 0.0279360 0.0302039 0.0286645 0.0302786 0.0286529 0.0302049 0.0302298 0.0286989 0.0294359 0.0294174 0.0298249 0.0294125 0.0280495 0.0286815 0.0271350 0.0271350 0.0265447 0.0263856 0.0263856 
KU188513.1_Symbiodinium_sp.                                        0.0659666 0.0600497 0.0332290 0.0310952 0.0295555 0.0114799 0.0092891 0.0056875 0.0078378 0.0049740 0.0057011 0.0035467 0.0064105 0.0056907 0.0042609 0.0035451 0.0035451 0.0042744 0.0049692 0.0042665 0.0028336 0.0042621 0.0035448 0.0021218 0.0021226 0.0028324 0.0000000 0.0014147 0.0007056 0.0021221 0.0007056 0.0007056 0.0007150 0.0014144 0.0014133 0.0014133 0.0014361 0.0366085 0.0327291 0.0326418 0.0318718 0.0318718 0.0308577 0.0303187 0.0311286 0.0311116 0.0303271 0.0303157 0.0303157 0.0307064 0.0219433 0.0226653 0.0286515 0.0218719 0.0271572 0.0251929 0.0373524 0.0396984 0.0373051 0.0340881 0.0386956 0.0388644 0.0373797 0.0396385 0.0389510 0.0380627 0.0381066 0.0387846 0.0389229 0.0397173 0.0388609 0.0371913 0.0365096 0.0318635 0.0318313 0.0334275 0.0334275 0.0341956 0.0349679 0.0341238 0.0318014 0.0319331 0.0333747 0.0326140 0.0326940 0.0302733 0.0318506 0.0317995 0.0288730 0.0310619 0.0317968 0.0310819 0.0302247 0.0310648 0.0271897 0.0279491 0.0279491 0.0294624 0.0302536 0.0287618 0.0311438 0.0287888 0.0295068 0.0287297 0.0302653 0.0302686 0.0302390 0.0287622 0.0295541 0.0279926 0.0295114 0.0264616 0.0287261 0.0271903 0.0287971 0.0271794 0.0287271 0.0287507 0.0272230 0.0279598 0.0279422 0.0283293 0.0279377 0.0265691 0.0272065 0.0256643 0.0256643 0.0250661 0.0249158 0.0249158 
KU188510.1_Symbiodinium_sp.                                        0.0660144 0.0600921 0.0332513 0.0311156 0.0295749 0.0114870 0.0092947 0.0056909 0.0078426 0.0049770 0.0057045 0.0035489 0.0064144 0.0056942 0.0042635 0.0035473 0.0035473 0.0042770 0.0049722 0.0042691 0.0028353 0.0042647 0.0035470 0.0021231 0.0021239 0.0028342 0.0014147 0.0000000 0.0007067 0.0021234 0.0007067 0.0007067 0.0007154 0.0014153 0.0014142 0.0014142 0.0014361 0.0366329 0.0327508 0.0326634 0.0318928 0.0318928 0.0308783 0.0303391 0.0311491 0.0311321 0.0303470 0.0303356 0.0303356 0.0307268 0.0219574 0.0226799 0.0286701 0.0218859 0.0271749 0.0252093 0.0373774 0.0397251 0.0373300 0.0341106 0.0387214 0.0388905 0.0374047 0.0396651 0.0389771 0.0380882 0.0381321 0.0388105 0.0389490 0.0397440 0.0388869 0.0372160 0.0365339 0.0318845 0.0318522 0.0334496 0.0334496 0.0342183 0.0349911 0.0341464 0.0318223 0.0319542 0.0333967 0.0326355 0.0327157 0.0302931 0.0318716 0.0318204 0.0288919 0.0310823 0.0318177 0.0311024 0.0302445 0.0310852 0.0272073 0.0279672 0.0279672 0.0294816 0.0302735 0.0287806 0.0311643 0.0288076 0.0295261 0.0287485 0.0302851 0.0302884 0.0302588 0.0287810 0.0295735 0.0280108 0.0295307 0.0264788 0.0287449 0.0272080 0.0288159 0.0271970 0.0287459 0.0287695 0.0272407 0.0279780 0.0279604 0.0283480 0.0279558 0.0265864 0.0272242 0.0256809 0.0256809 0.0250824 0.0249319 0.0249319 
KU188509.1_Symbiodinium_sp.                                        0.0651107 0.0592173 0.0324397 0.0303236 0.0287870 0.0107507 0.0085661 0.0049716 0.0071183 0.0042592 0.0049835 0.0028346 0.0056926 0.0049745 0.0035473 0.0028333 0.0028333 0.0035585 0.0042551 0.0035519 0.0021231 0.0035483 0.0028331 0.0014132 0.0014137 0.0021222 0.0007056 0.0007067 0.0000000 0.0014133 0.0000010 0.0000010 0.0000010 0.0007060 0.0007056 0.0007056 0.0007177 0.0358243 0.0319522 0.0318672 0.0310986 0.0310986 0.0300737 0.0295296 0.0303562 0.0303397 0.0295571 0.0295460 0.0295460 0.0299264 0.0211903 0.0219119 0.0278885 0.0211215 0.0263964 0.0244268 0.0365675 0.0389091 0.0365213 0.0333129 0.0379126 0.0380777 0.0365942 0.0388504 0.0381623 0.0372779 0.0373208 0.0379996 0.0381349 0.0389275 0.0380743 0.0364100 0.0357277 0.0310905 0.0310591 0.0326510 0.0326510 0.0334177 0.0341886 0.0333477 0.0310300 0.0311583 0.0325995 0.0318401 0.0319181 0.0295047 0.0310780 0.0310282 0.0281037 0.0302912 0.0310255 0.0303108 0.0294574 0.0302941 0.0264279 0.0271858 0.0271858 0.0286965 0.0294856 0.0279956 0.0303710 0.0280219 0.0287397 0.0279645 0.0294969 0.0295001 0.0294713 0.0279961 0.0287857 0.0272280 0.0287442 0.0257003 0.0279610 0.0264285 0.0280299 0.0264178 0.0279619 0.0279848 0.0264602 0.0271962 0.0271791 0.0275553 0.0271748 0.0258046 0.0264442 0.0249056 0.0249056 0.0243040 0.0241584 0.0241584 
