130
GU362426_Gymnodinium_catenatum                                     0.0000000 0.0453419 0.0656734 0.0703416 0.0686408 0.0770840 0.0752294 0.0691651 0.0734224 0.0647236 0.0677249 0.0684253 0.0718183 0.0709395 0.0692423 0.0683333 0.0683333 0.0661229 0.0666426 0.0659891 0.0658192 0.0659165 0.0683814 0.0666370 0.0666682 0.0674555 0.0658258 0.0658728 0.0649730 0.0665951 0.0649202 0.0649202 0.0658006 0.0657950 0.0657416 0.0657416 0.0651770 0.0733074 0.0672487 0.0670551 0.0662175 0.0662175 0.0657077 0.0663712 0.0663609 0.0653997 0.0654461 0.0662954 0.0662954 0.0671915 0.0628561 0.0626965 0.0676465 0.0634540 0.0660357 0.0643470 0.0740420 0.0766121 0.0739508 0.0693730 0.0693066 0.0748053 0.0730364 0.0764925 0.0758340 0.0747516 0.0740030 0.0729069 0.0731860 0.0766631 0.0739578 0.0737093 0.0713231 0.0695699 0.0694940 0.0695881 0.0695881 0.0722291 0.0705483 0.0703356 0.0694925 0.0706370 0.0679034 0.0704322 0.0706141 0.0634395 0.0695997 0.0694860 0.0664142 0.0687122 0.0678192 0.0655532 0.0668731 0.0678432 0.0602735 0.0594655 0.0594655 0.0668664 0.0677712 0.0661797 0.0689042 0.0662462 0.0678142 0.0661034 0.0677997 0.0678080 0.0677389 0.0670338 0.0662534 0.0653276 0.0669859 0.0611144 0.0660906 0.0660364 0.0662674 0.0643596 0.0636150 0.0661552 0.0618473 0.0652454 0.0652027 0.0661485 0.0651875 0.0639001 0.0644247 0.0626954 0.0626954 0.0631257 0.0635247 0.0635247 
EF492511                                                           0.0453419 0.0000000 0.0449768 0.0636759 0.0620193 0.0675097 0.0648922 0.0631487 0.0631602 0.0613102 0.0617250 0.0624699 0.0615992 0.0607530 0.0591143 0.0582456 0.0582456 0.0601592 0.0606928 0.0600396 0.0598895 0.0599748 0.0624310 0.0607369 0.0607645 0.0598629 0.0599436 0.0599853 0.0591136 0.0590296 0.0590194 0.0590194 0.0598039 0.0582490 0.0582026 0.0582026 0.0574992 0.0663721 0.0604947 0.0603252 0.0579012 0.0579012 0.0572352 0.0578001 0.0612965 0.0587135 0.0604093 0.0595785 0.0595785 0.0603677 0.0530573 0.0520022 0.0536455 0.0512479 0.0520902 0.0503146 0.0679135 0.0704145 0.0678316 0.0618377 0.0626284 0.0653896 0.0653143 0.0686633 0.0680044 0.0669777 0.0653797 0.0652032 0.0654447 0.0688125 0.0662014 0.0659852 0.0652820 0.0636857 0.0636178 0.0645531 0.0645531 0.0645259 0.0645207 0.0627094 0.0635100 0.0630022 0.0619814 0.0627940 0.0621297 0.0585122 0.0619843 0.0610694 0.0589122 0.0611273 0.0618801 0.0580395 0.0577145 0.0602866 0.0529454 0.0521586 0.0521586 0.0593532 0.0602246 0.0586709 0.0612941 0.0587278 0.0602617 0.0586040 0.0602487 0.0602563 0.0593834 0.0586740 0.0587343 0.0578445 0.0586435 0.0552610 0.0585936 0.0585466 0.0587461 0.0569195 0.0577882 0.0586487 0.0545017 0.0577739 0.0561369 0.0569335 0.0577244 0.0564336 0.0569758 0.0553039 0.0553039 0.0556748 0.0561094 0.0561094 
JF791031                                                           0.0656734 0.0449768 0.0000000 0.0417097 0.0401131 0.0403262 0.0387021 0.0378839 0.0370755 0.0353877 0.0347665 0.0355851 0.0355217 0.0347480 0.0331802 0.0323711 0.0323711 0.0332435 0.0338703 0.0331780 0.0330976 0.0331425 0.0355640 0.0339658 0.0339804 0.0331507 0.0331959 0.0332180 0.0324079 0.0323614 0.0323565 0.0323565 0.0327809 0.0316012 0.0315762 0.0315762 0.0313197 0.0441476 0.0401686 0.0400592 0.0392690 0.0392690 0.0391618 0.0378531 0.0392942 0.0384908 0.0384628 0.0376670 0.0376670 0.0381611 0.0321654 0.0336412 0.0374738 0.0335911 0.0359430 0.0340254 0.0448343 0.0472391 0.0447807 0.0406898 0.0430389 0.0439764 0.0448448 0.0471454 0.0464576 0.0455289 0.0455842 0.0454501 0.0456132 0.0472631 0.0463494 0.0454763 0.0447937 0.0408305 0.0407883 0.0416622 0.0416622 0.0391768 0.0423653 0.0407607 0.0399442 0.0401342 0.0415697 0.0407884 0.0393148 0.0383735 0.0400036 0.0375927 0.0361862 0.0391535 0.0383553 0.0377145 0.0375340 0.0391939 0.0328733 0.0321070 0.0321070 0.0375295 0.0383499 0.0360537 0.0392951 0.0368606 0.0368137 0.0367841 0.0383638 0.0383692 0.0360023 0.0368269 0.0368648 0.0375899 0.0360352 0.0368049 0.0352179 0.0336434 0.0368715 0.0351836 0.0367814 0.0368112 0.0336700 0.0359913 0.0359684 0.0356365 0.0359620 0.0345995 0.0352179 0.0336267 0.0336267 0.0338484 0.0328598 0.0328598 
AY160124.1_Symbiodinium_sp._G15                                    0.0703416 0.0636759 0.0417097 0.0000000 0.0014078 0.0396280 0.0387710 0.0356544 0.0371725 0.0332208 0.0342041 0.0334023 0.0356736 0.0348854 0.0333446 0.0325493 0.0325493 0.0327059 0.0333246 0.0326425 0.0310389 0.0326081 0.0333829 0.0318212 0.0318345 0.0325507 0.0310672 0.0310874 0.0302968 0.0317763 0.0302496 0.0302496 0.0306386 0.0310301 0.0310059 0.0310059 0.0299622 0.0401865 0.0363120 0.0362157 0.0354462 0.0354462 0.0344899 0.0348207 0.0354682 0.0346873 0.0346626 0.0338885 0.0338885 0.0343233 0.0308669 0.0338445 0.0360856 0.0315185 0.0345823 0.0326854 0.0433381 0.0456990 0.0432871 0.0408040 0.0438861 0.0456354 0.0449239 0.0464140 0.0457357 0.0448240 0.0432903 0.0455429 0.0457040 0.0456305 0.0456310 0.0439326 0.0432594 0.0401486 0.0401078 0.0401042 0.0401042 0.0417135 0.0409355 0.0408474 0.0377365 0.0402313 0.0400981 0.0393315 0.0394249 0.0331259 0.0385614 0.0385026 0.0355835 0.0385436 0.0384993 0.0355511 0.0353787 0.0377678 0.0308165 0.0315772 0.0315772 0.0361382 0.0369418 0.0354459 0.0378635 0.0370096 0.0369633 0.0354055 0.0369549 0.0369601 0.0361589 0.0354459 0.0362480 0.0346678 0.0361972 0.0354291 0.0354005 0.0338502 0.0354881 0.0338366 0.0354030 0.0354311 0.0331183 0.0346281 0.0346064 0.0350847 0.0346004 0.0332563 0.0338690 0.0323089 0.0323089 0.0317448 0.0315560 0.0315560 
HE653239_Symbiodinium_voratum                                      0.0686408 0.0620193 0.0401131 0.0014078 0.0000000 0.0380575 0.0372068 0.0341020 0.0356159 0.0316826 0.0326527 0.0318553 0.0341204 0.0333356 0.0318004 0.0310092 0.0310092 0.0311580 0.0317814 0.0310977 0.0295031 0.0310650 0.0318369 0.0302820 0.0302946 0.0310104 0.0295300 0.0295491 0.0287626 0.0302392 0.0287179 0.0287179 0.0290866 0.0294948 0.0294718 0.0294718 0.0284077 0.0386228 0.0347622 0.0346702 0.0339035 0.0339035 0.0329254 0.0332407 0.0339244 0.0331469 0.0331234 0.0323524 0.0323524 0.0327668 0.0293402 0.0323106 0.0345460 0.0299947 0.0330469 0.0311389 0.0417622 0.0441146 0.0417131 0.0392442 0.0423165 0.0440532 0.0433418 0.0448294 0.0441497 0.0432457 0.0417162 0.0439643 0.0441193 0.0440485 0.0440491 0.0423611 0.0416867 0.0385864 0.0385473 0.0385439 0.0385439 0.0401454 0.0393702 0.0392856 0.0361865 0.0386655 0.0385379 0.0377739 0.0378633 0.0315925 0.0370064 0.0369501 0.0340344 0.0369893 0.0369469 0.0340035 0.0338392 0.0362163 0.0292924 0.0300504 0.0300504 0.0345963 0.0353956 0.0339033 0.0363080 0.0354603 0.0354161 0.0338646 0.0354080 0.0354130 0.0346160 0.0339032 0.0347011 0.0331283 0.0346525 0.0338872 0.0338599 0.0323159 0.0339434 0.0323030 0.0338623 0.0338890 0.0315853 0.0330905 0.0330698 0.0335261 0.0330642 0.0317166 0.0323339 0.0307808 0.0307808 0.0302095 0.0300302 0.0300302 
AJ271758.1_Symbiodinium_sp.                                        0.0770840 0.0675097 0.0403262 0.0396280 0.0380575 0.0000000 0.0136396 0.0158456 0.0121691 0.0151171 0.0158837 0.0136753 0.0107340 0.0100053 0.0085619 0.0078360 0.0078360 0.0144354 0.0151027 0.0144080 0.0129187 0.0143932 0.0136678 0.0122000 0.0122048 0.0114617 0.0114770 0.0114841 0.0107482 0.0107332 0.0107318 0.0107318 0.0108669 0.0100155 0.0100078 0.0100078 0.0101715 0.0452616 0.0413131 0.0412014 0.0404172 0.0404172 0.0395280 0.0390474 0.0396639 0.0396452 0.0388397 0.0388265 0.0388265 0.0393311 0.0310680 0.0317941 0.0363261 0.0309673 0.0348125 0.0329048 0.0452208 0.0476075 0.0451671 0.0418711 0.0465473 0.0467505 0.0452526 0.0475361 0.0468542 0.0459309 0.0459863 0.0466548 0.0468213 0.0476315 0.0467458 0.0450287 0.0443519 0.0396301 0.0395896 0.0396669 0.0396669 0.0420051 0.0427898 0.0419160 0.0395521 0.0397121 0.0411607 0.0403872 0.0404839 0.0379971 0.0396103 0.0395494 0.0366085 0.0388052 0.0387705 0.0396147 0.0379384 0.0388089 0.0356248 0.0363983 0.0363983 0.0371621 0.0379739 0.0364656 0.0389081 0.0380441 0.0372189 0.0364238 0.0379875 0.0379929 0.0379558 0.0364658 0.0372760 0.0356803 0.0372233 0.0356791 0.0364185 0.0348539 0.0365095 0.0348397 0.0364212 0.0364503 0.0348959 0.0356390 0.0356166 0.0361126 0.0356103 0.0342595 0.0348733 0.0332982 0.0332982 0.0327375 0.0325389 0.0325389 
AJ271759.1_Symbiodinium_sp.                                        0.0752294 0.0648922 0.0387021 0.0387710 0.0372068 0.0136396 0.0000000 0.0136292 0.0099815 0.0129049 0.0136618 0.0114684 0.0085529 0.0078299 0.0063958 0.0056762 0.0056762 0.0122192 0.0128917 0.0121970 0.0107213 0.0121845 0.0114623 0.0100060 0.0100098 0.0092746 0.0092869 0.0092925 0.0085642 0.0085522 0.0085512 0.0085512 0.0086576 0.0078379 0.0078319 0.0078319 0.0079594 0.0443803 0.0404472 0.0403383 0.0395571 0.0395571 0.0386571 0.0381717 0.0388061 0.0387878 0.0379860 0.0379731 0.0379731 0.0384653 0.0302449 0.0309692 0.0354862 0.0301471 0.0339776 0.0320674 0.0443404 0.0467176 0.0442879 0.0410077 0.0456665 0.0458651 0.0443715 0.0466478 0.0459664 0.0450493 0.0451033 0.0457716 0.0459344 0.0467410 0.0458606 0.0441526 0.0434765 0.0387731 0.0387336 0.0388090 0.0388090 0.0411384 0.0419201 0.0410515 0.0371306 0.0388530 0.0402984 0.0395279 0.0396222 0.0371480 0.0387538 0.0386944 0.0357610 0.0379523 0.0386911 0.0379800 0.0370908 0.0379559 0.0340165 0.0347859 0.0347859 0.0363175 0.0371255 0.0356220 0.0380527 0.0356542 0.0363728 0.0355812 0.0371387 0.0371439 0.0371077 0.0356220 0.0364284 0.0348398 0.0363771 0.0348387 0.0355761 0.0340178 0.0356646 0.0340040 0.0355786 0.0356070 0.0340587 0.0347997 0.0347778 0.0352609 0.0347718 0.0334216 0.0340368 0.0324685 0.0324685 0.0319047 0.0317118 0.0317118 
AJ271754.1_Symbiodinium_sp.                                        0.0691651 0.0631487 0.0378839 0.0356544 0.0341020 0.0158456 0.0136292 0.0000000 0.0121599 0.0092734 0.0100157 0.0078456 0.0107259 0.0099978 0.0085555 0.0078302 0.0078302 0.0085826 0.0092648 0.0085663 0.0071123 0.0085576 0.0078414 0.0064007 0.0064031 0.0071093 0.0056868 0.0056902 0.0049711 0.0063917 0.0049636 0.0049636 0.0050251 0.0056803 0.0056760 0.0056760 0.0057681 0.0396596 0.0357657 0.0356703 0.0348969 0.0348969 0.0339293 0.0334127 0.0341500 0.0341342 0.0333432 0.0333320 0.0333320 0.0337621 0.0249180 0.0256398 0.0316496 0.0248379 0.0301505 0.0282122 0.0404025 0.0427593 0.0403548 0.0371151 0.0417388 0.0419189 0.0404306 0.0426957 0.0420106 0.0411123 0.0403823 0.0410564 0.0412010 0.0427804 0.0403327 0.0402323 0.0395527 0.0348892 0.0348539 0.0364605 0.0364605 0.0372321 0.0380076 0.0371541 0.0348212 0.0349603 0.0364047 0.0356402 0.0357246 0.0332853 0.0348721 0.0348190 0.0318929 0.0340797 0.0348160 0.0333294 0.0332343 0.0340829 0.0301851 0.0309480 0.0309480 0.0324676 0.0332651 0.0325281 0.0341693 0.0317984 0.0325166 0.0317336 0.0332767 0.0332815 0.0332492 0.0317698 0.0325660 0.0309953 0.0325203 0.0279256 0.0317292 0.0301860 0.0318076 0.0301739 0.0317314 0.0317564 0.0302223 0.0309600 0.0309406 0.0313687 0.0309354 0.0295760 0.0302028 0.0286516 0.0286516 0.0280693 0.0279003 0.0279003 
AJ271756.1_Symbiodinium_sp.                                        0.0734224 0.0631602 0.0370755 0.0371725 0.0356159 0.0121691 0.0099815 0.0121599 0.0000000 0.0114386 0.0121887 0.0100073 0.0071079 0.0063887 0.0049609 0.0042455 0.0042455 0.0107519 0.0114279 0.0107315 0.0092663 0.0107206 0.0100019 0.0085530 0.0085563 0.0078262 0.0078366 0.0078413 0.0071173 0.0071073 0.0071065 0.0071065 0.0071947 0.0063952 0.0063904 0.0063904 0.0064941 0.0427519 0.0388367 0.0387326 0.0379550 0.0379550 0.0370328 0.0365372 0.0372063 0.0371888 0.0363916 0.0363794 0.0363794 0.0368496 0.0286877 0.0294106 0.0339109 0.0285952 0.0324078 0.0304882 0.0427136 0.0450798 0.0426632 0.0394033 0.0440425 0.0442332 0.0427435 0.0450126 0.0443304 0.0434221 0.0434740 0.0441435 0.0442998 0.0451022 0.0442290 0.0425334 0.0418565 0.0371747 0.0371370 0.0372090 0.0372090 0.0395282 0.0403065 0.0394451 0.0355435 0.0364784 0.0386943 0.0379272 0.0380173 0.0355602 0.0371564 0.0370997 0.0341724 0.0363595 0.0370965 0.0363860 0.0355056 0.0363630 0.0324450 0.0332108 0.0332108 0.0347358 0.0355386 0.0340402 0.0364553 0.0340708 0.0347885 0.0340012 0.0355511 0.0355562 0.0355217 0.0340401 0.0348415 0.0332620 0.0347925 0.0332610 0.0339965 0.0324461 0.0340807 0.0309139 0.0339989 0.0340258 0.0324850 0.0332238 0.0332030 0.0336630 0.0331974 0.0318448 0.0324641 0.0309045 0.0309045 0.0303338 0.0301509 0.0301509 
AJ271764.1_Symbiodinium_sp.                                        0.0647236 0.0613102 0.0353877 0.0332208 0.0316826 0.0151171 0.0129049 0.0092734 0.0114386 0.0000000 0.0092953 0.0071286 0.0100056 0.0092788 0.0078384 0.0071146 0.0071146 0.0078632 0.0085476 0.0078483 0.0063977 0.0078403 0.0071248 0.0056865 0.0056887 0.0063950 0.0049733 0.0049763 0.0042587 0.0056786 0.0042523 0.0042523 0.0043049 0.0049677 0.0049639 0.0049639 0.0050444 0.0371833 0.0333239 0.0332358 0.0324693 0.0324693 0.0314703 0.0309396 0.0309478 0.0317126 0.0301532 0.0309197 0.0309197 0.0313163 0.0240743 0.0232899 0.0307703 0.0239972 0.0292792 0.0273419 0.0363642 0.0386913 0.0363216 0.0331352 0.0377056 0.0378664 0.0363892 0.0386341 0.0379481 0.0370722 0.0371157 0.0377911 0.0379227 0.0387099 0.0378631 0.0362125 0.0355319 0.0309266 0.0308957 0.0324759 0.0324759 0.0332382 0.0340043 0.0331694 0.0308670 0.0309888 0.0324264 0.0316709 0.0317450 0.0293499 0.0309117 0.0308652 0.0279575 0.0301315 0.0308625 0.0309071 0.0300782 0.0301343 0.0270392 0.0277937 0.0277937 0.0285482 0.0293323 0.0278512 0.0302100 0.0278757 0.0285908 0.0278193 0.0293423 0.0293465 0.0293183 0.0278508 0.0286338 0.0270870 0.0285939 0.0255692 0.0278157 0.0262934 0.0278836 0.0262830 0.0278176 0.0278391 0.0263248 0.0270565 0.0270397 0.0274110 0.0270354 0.0256718 0.0263080 0.0247796 0.0247796 0.0241810 0.0240366 0.0240366 
L13718.1_Symbiodinium_meandrinae                                   0.0677249 0.0617250 0.0347665 0.0342041 0.0326527 0.0158837 0.0136618 0.0100157 0.0121887 0.0092953 0.0000000 0.0078641 0.0107513 0.0100214 0.0085757 0.0078487 0.0078487 0.0014192 0.0035446 0.0028403 0.0028340 0.0028374 0.0078599 0.0064157 0.0064182 0.0071261 0.0057002 0.0057036 0.0049828 0.0064068 0.0049752 0.0049752 0.0050370 0.0056937 0.0056894 0.0056894 0.0057818 0.0397600 0.0358556 0.0357597 0.0349843 0.0349843 0.0340155 0.0326810 0.0342355 0.0342196 0.0334264 0.0334152 0.0334152 0.0338474 0.0264874 0.0272114 0.0332520 0.0264019 0.0317458 0.0298151 0.0420664 0.0444370 0.0420166 0.0387528 0.0434013 0.0435896 0.0420958 0.0443706 0.0436855 0.0427774 0.0428285 0.0435011 0.0436553 0.0444590 0.0427870 0.0418884 0.0412088 0.0365184 0.0364813 0.0380998 0.0380998 0.0388758 0.0396556 0.0387939 0.0364469 0.0365934 0.0380413 0.0372726 0.0373613 0.0349022 0.0365004 0.0364445 0.0335090 0.0341428 0.0364413 0.0341899 0.0348485 0.0357058 0.0302599 0.0295043 0.0295043 0.0340774 0.0348810 0.0333791 0.0357967 0.0334092 0.0341291 0.0333408 0.0348933 0.0348982 0.0348643 0.0333790 0.0341812 0.0325997 0.0341330 0.0310517 0.0333361 0.0317833 0.0334189 0.0317705 0.0333385 0.0333650 0.0318216 0.0325622 0.0325418 0.0329938 0.0325363 0.0311778 0.0318011 0.0302394 0.0302394 0.0296636 0.0294843 0.0294843 
KU188508.1_Symbiodinium_sp.                                        0.0684253 0.0624699 0.0355851 0.0334023 0.0318553 0.0136753 0.0114684 0.0078456 0.0100073 0.0071286 0.0078641 0.0000000 0.0085750 0.0078501 0.0064123 0.0056909 0.0056909 0.0064326 0.0071219 0.0064204 0.0049752 0.0064138 0.0056903 0.0042578 0.0042594 0.0049732 0.0035464 0.0035486 0.0028344 0.0042583 0.0028344 0.0028344 0.0028695 0.0035478 0.0035451 0.0035451 0.0036025 0.0389408 0.0350471 0.0349536 0.0341803 0.0341803 0.0332008 0.0326787 0.0334330 0.0334174 0.0326269 0.0326159 0.0326159 0.0330371 0.0242036 0.0249262 0.0309369 0.0241257 0.0294374 0.0274909 0.0389018 0.0412544 0.0388559 0.0364003 0.0410244 0.0412014 0.0397119 0.0419782 0.0412915 0.0403953 0.0404433 0.0411183 0.0412633 0.0420615 0.0411976 0.0395171 0.0388358 0.0341727 0.0341381 0.0357434 0.0357434 0.0365150 0.0372905 0.0364385 0.0341061 0.0342424 0.0356886 0.0349241 0.0350068 0.0325702 0.0341560 0.0341040 0.0311748 0.0333641 0.0341010 0.0333885 0.0325204 0.0333672 0.0294713 0.0302341 0.0302341 0.0317537 0.0325505 0.0310547 0.0334519 0.0310824 0.0318016 0.0310190 0.0325618 0.0325665 0.0325349 0.0310544 0.0318500 0.0302802 0.0318052 0.0287422 0.0310148 0.0294721 0.0310914 0.0294603 0.0310169 0.0310414 0.0295075 0.0302457 0.0302268 0.0306454 0.0302218 0.0288586 0.0294885 0.0279381 0.0279381 0.0273515 0.0271867 0.0271867 
AB055917.1_Symbiodinium_sp.                                        0.0718183 0.0615992 0.0355217 0.0356736 0.0341204 0.0107340 0.0085529 0.0107259 0.0071079 0.0100056 0.0107513 0.0085750 0.0000000 0.0049674 0.0035424 0.0028295 0.0028295 0.0093154 0.0099962 0.0092977 0.0078382 0.0092882 0.0085704 0.0071253 0.0071280 0.0064012 0.0064097 0.0064136 0.0056920 0.0056841 0.0056834 0.0056834 0.0057539 0.0049725 0.0049687 0.0049687 0.0043254 0.0412381 0.0373305 0.0372306 0.0364545 0.0364545 0.0347329 0.0342213 0.0357062 0.0356895 0.0348947 0.0348830 0.0348830 0.0353338 0.0272077 0.0279309 0.0324260 0.0271200 0.0309246 0.0289915 0.0412012 0.0435627 0.0411526 0.0379041 0.0425358 0.0403257 0.0388406 0.0410995 0.0404135 0.0395234 0.0411230 0.0417955 0.0419427 0.0435842 0.0418760 0.0410275 0.0403485 0.0356759 0.0356398 0.0357087 0.0357087 0.0371984 0.0364309 0.0379441 0.0356063 0.0357488 0.0371937 0.0364279 0.0365143 0.0340674 0.0356584 0.0356040 0.0326757 0.0348640 0.0356009 0.0348894 0.0340151 0.0348672 0.0309601 0.0317245 0.0317245 0.0332469 0.0340467 0.0325495 0.0349558 0.0325787 0.0332972 0.0325122 0.0340586 0.0340635 0.0340304 0.0325494 0.0333478 0.0317731 0.0333009 0.0317722 0.0325077 0.0309611 0.0325882 0.0309486 0.0325100 0.0325357 0.0309983 0.0317368 0.0317170 0.0321562 0.0317116 0.0303537 0.0309783 0.0294232 0.0294232 0.0288445 0.0286707 0.0286707 
AJ271757.1_Symbiodinium_sp.                                        0.0709395 0.0607530 0.0347480 0.0348854 0.0333356 0.0100053 0.0078299 0.0099978 0.0063887 0.0092788 0.0100214 0.0078501 0.0049674 0.0000000 0.0028302 0.0021193 0.0021193 0.0085876 0.0092701 0.0085712 0.0071163 0.0085625 0.0078459 0.0064044 0.0064068 0.0056825 0.0056901 0.0056935 0.0049740 0.0049670 0.0049664 0.0049664 0.0050280 0.0042565 0.0042533 0.0042533 0.0043222 0.0404365 0.0365368 0.0364392 0.0356647 0.0356647 0.0347084 0.0341970 0.0349173 0.0349010 0.0341084 0.0340969 0.0340969 0.0345371 0.0264381 0.0271607 0.0316484 0.0263529 0.0301495 0.0282114 0.0404005 0.0427571 0.0403528 0.0371135 0.0417366 0.0419167 0.0404286 0.0426934 0.0420084 0.0411102 0.0411591 0.0418322 0.0411989 0.0427781 0.0419128 0.0402304 0.0395508 0.0348877 0.0348525 0.0349198 0.0349198 0.0372305 0.0380059 0.0371525 0.0348198 0.0349589 0.0364031 0.0356387 0.0357231 0.0332840 0.0348707 0.0348176 0.0318917 0.0340784 0.0348146 0.0341033 0.0332331 0.0340815 0.0301841 0.0309469 0.0309469 0.0324664 0.0332638 0.0317689 0.0341680 0.0317972 0.0325154 0.0317324 0.0332754 0.0332802 0.0332480 0.0317686 0.0325648 0.0309942 0.0325191 0.0309934 0.0317281 0.0301850 0.0318064 0.0301729 0.0317303 0.0317553 0.0302213 0.0309589 0.0309395 0.0313676 0.0309344 0.0295750 0.0302018 0.0286507 0.0286507 0.0280685 0.0278995 0.0278995 
AB863030.1_Symbiodinium_sp.                                        0.0692423 0.0591143 0.0331802 0.0333446 0.0318004 0.0085619 0.0063958 0.0085555 0.0049609 0.0078384 0.0085757 0.0064123 0.0035424 0.0028302 0.0000000 0.0007046 0.0007046 0.0071446 0.0078311 0.0071310 0.0056838 0.0071237 0.0064089 0.0049730 0.0049749 0.0042549 0.0042606 0.0042631 0.0035470 0.0035421 0.0035416 0.0035416 0.0035855 0.0028330 0.0028309 0.0028309 0.0028767 0.0388732 0.0349864 0.0348932 0.0341213 0.0341213 0.0331426 0.0326210 0.0333752 0.0333597 0.0325707 0.0325597 0.0325597 0.0329795 0.0249276 0.0256497 0.0301262 0.0248474 0.0286310 0.0266816 0.0388386 0.0411873 0.0387929 0.0355694 0.0401789 0.0403517 0.0388656 0.0411261 0.0404397 0.0395488 0.0395956 0.0402706 0.0404122 0.0412074 0.0403480 0.0386755 0.0379945 0.0333470 0.0333134 0.0333776 0.0333776 0.0356811 0.0364540 0.0356066 0.0332823 0.0334148 0.0348586 0.0340965 0.0341770 0.0317515 0.0333308 0.0332802 0.0303571 0.0325421 0.0332773 0.0325658 0.0317030 0.0325451 0.0286639 0.0294241 0.0294241 0.0309389 0.0317323 0.0302406 0.0326275 0.0302674 0.0309855 0.0302059 0.0317433 0.0317479 0.0317172 0.0302403 0.0310324 0.0294689 0.0309889 0.0294681 0.0302018 0.0286646 0.0302762 0.0286532 0.0302039 0.0302276 0.0286990 0.0294354 0.0294170 0.0298234 0.0294122 0.0280491 0.0286806 0.0271361 0.0271361 0.0265465 0.0263870 0.0263870 
AB016579.1_Symbiodinium_sp.                                        0.0683333 0.0582456 0.0323711 0.0325493 0.0310092 0.0078360 0.0056762 0.0078302 0.0042455 0.0071146 0.0078487 0.0056909 0.0028295 0.0021193 0.0007046 0.0000000 0.0000010 0.0064200 0.0071080 0.0064078 0.0049655 0.0064013 0.0056878 0.0042559 0.0042575 0.0035402 0.0035449 0.0035470 0.0028332 0.0028292 0.0028289 0.0028289 0.0028639 0.0021215 0.0021198 0.0021198 0.0021541 0.0380616 0.0341847 0.0340940 0.0333240 0.0333240 0.0323347 0.0318082 0.0325792 0.0325642 0.0317776 0.0317669 0.0317669 0.0321758 0.0241548 0.0248759 0.0293431 0.0240772 0.0278510 0.0258975 0.0380279 0.0403704 0.0379832 0.0347706 0.0393690 0.0395380 0.0380542 0.0403105 0.0396239 0.0387376 0.0387834 0.0394588 0.0395971 0.0403901 0.0395345 0.0378684 0.0371873 0.0325518 0.0325190 0.0325815 0.0325815 0.0348794 0.0356504 0.0348067 0.0324887 0.0326177 0.0340601 0.0332999 0.0333783 0.0309618 0.0325360 0.0324867 0.0295675 0.0317497 0.0324839 0.0317729 0.0309146 0.0317527 0.0278830 0.0286413 0.0286413 0.0301524 0.0309431 0.0294543 0.0318329 0.0294804 0.0301977 0.0294205 0.0309538 0.0309582 0.0309283 0.0294539 0.0302434 0.0286847 0.0302010 0.0286840 0.0294166 0.0278836 0.0294888 0.0278726 0.0294186 0.0294416 0.0279171 0.0286522 0.0286344 0.0290293 0.0286297 0.0272659 0.0278992 0.0263593 0.0263593 0.0257665 0.0256120 0.0256120 
AB016572.1_Symbiodinium_sp.                                        0.0683333 0.0582456 0.0323711 0.0325493 0.0310092 0.0078360 0.0056762 0.0078302 0.0042455 0.0071146 0.0078487 0.0056909 0.0028295 0.0021193 0.0007046 0.0000010 0.0000000 0.0064200 0.0071080 0.0064078 0.0049655 0.0064013 0.0056878 0.0042559 0.0042575 0.0035402 0.0035449 0.0035470 0.0028332 0.0028292 0.0028289 0.0028289 0.0028639 0.0021215 0.0021198 0.0021198 0.0021541 0.0380616 0.0341847 0.0340940 0.0333240 0.0333240 0.0323347 0.0318082 0.0325792 0.0325642 0.0317776 0.0317669 0.0317669 0.0321758 0.0241548 0.0248759 0.0293431 0.0240772 0.0278510 0.0258975 0.0380279 0.0403704 0.0379832 0.0347706 0.0393690 0.0395380 0.0380542 0.0403105 0.0396239 0.0387376 0.0387834 0.0394588 0.0395971 0.0403901 0.0395345 0.0378684 0.0371873 0.0325518 0.0325190 0.0325815 0.0325815 0.0348794 0.0356504 0.0348067 0.0324887 0.0326177 0.0340601 0.0332999 0.0333783 0.0309618 0.0325360 0.0324867 0.0295675 0.0317497 0.0324839 0.0317729 0.0309146 0.0317527 0.0278830 0.0286413 0.0286413 0.0301524 0.0309431 0.0294543 0.0318329 0.0294804 0.0301977 0.0294205 0.0309538 0.0309582 0.0309283 0.0294539 0.0302434 0.0286847 0.0302010 0.0286840 0.0294166 0.0278836 0.0294888 0.0278726 0.0294186 0.0294416 0.0279171 0.0286522 0.0286344 0.0290293 0.0286297 0.0272659 0.0278992 0.0263593 0.0263593 0.0257665 0.0256120 0.0256120 
L13717.1_Symbiodinium_corculorum                                   0.0661229 0.0601592 0.0332435 0.0327059 0.0311580 0.0144354 0.0122192 0.0085826 0.0107519 0.0078632 0.0014192 0.0064326 0.0093154 0.0085876 0.0071446 0.0064200 0.0064200 0.0000000 0.0021262 0.0014198 0.0014166 0.0014183 0.0064291 0.0049887 0.0049906 0.0056994 0.0042740 0.0042766 0.0035582 0.0049817 0.0035528 0.0035528 0.0035969 0.0042691 0.0042659 0.0042659 0.0043352 0.0374742 0.0343500 0.0342583 0.0334845 0.0334845 0.0324928 0.0311505 0.0327361 0.0327209 0.0319302 0.0319195 0.0319195 0.0323324 0.0250080 0.0257324 0.0317639 0.0249273 0.0302595 0.0283152 0.0405500 0.0429157 0.0405021 0.0372499 0.0418905 0.0420720 0.0405784 0.0428516 0.0421644 0.0412623 0.0413115 0.0419867 0.0421354 0.0429369 0.0412716 0.0403787 0.0396969 0.0350160 0.0349805 0.0365933 0.0365933 0.0373678 0.0381461 0.0372892 0.0349476 0.0350878 0.0365370 0.0357698 0.0358548 0.0334060 0.0349989 0.0349454 0.0320090 0.0326476 0.0349423 0.0326925 0.0333547 0.0342067 0.0287746 0.0280201 0.0280201 0.0325851 0.0333857 0.0318852 0.0342937 0.0319138 0.0326345 0.0318485 0.0333974 0.0334021 0.0333697 0.0318850 0.0326843 0.0311076 0.0326382 0.0295634 0.0318441 0.0302952 0.0319231 0.0302830 0.0318463 0.0318715 0.0303317 0.0310720 0.0310525 0.0314837 0.0310473 0.0296835 0.0303121 0.0287551 0.0287551 0.0281713 0.0280011 0.0280011 
AB055918.1_Symbiodinium_sp.                                        0.0666426 0.0606928 0.0338703 0.0333246 0.0317814 0.0151027 0.0128917 0.0092648 0.0114279 0.0085476 0.0035446 0.0071219 0.0099962 0.0092701 0.0078311 0.0071080 0.0071080 0.0021262 0.0000000 0.0021222 0.0021174 0.0021200 0.0071182 0.0056812 0.0056834 0.0063891 0.0049687 0.0049717 0.0042548 0.0056733 0.0042483 0.0042483 0.0043009 0.0049631 0.0049593 0.0049593 0.0050396 0.0388495 0.0349653 0.0348722 0.0341008 0.0341008 0.0331224 0.0317887 0.0333552 0.0333397 0.0325512 0.0325403 0.0325403 0.0329595 0.0256488 0.0263702 0.0323821 0.0255664 0.0308828 0.0289519 0.0411450 0.0435032 0.0410965 0.0378526 0.0424780 0.0426614 0.0411737 0.0434384 0.0427548 0.0418539 0.0419037 0.0425752 0.0427254 0.0435246 0.0426574 0.0409718 0.0402935 0.0356274 0.0355913 0.0372001 0.0372001 0.0379721 0.0387479 0.0378925 0.0355580 0.0357001 0.0371431 0.0363783 0.0364645 0.0340211 0.0356099 0.0355557 0.0326312 0.0348166 0.0355526 0.0333109 0.0339690 0.0348199 0.0294033 0.0286513 0.0286513 0.0332018 0.0340005 0.0325054 0.0349082 0.0325344 0.0332520 0.0324681 0.0340124 0.0340173 0.0339843 0.0325052 0.0333026 0.0317301 0.0332558 0.0301903 0.0324637 0.0309192 0.0325439 0.0309068 0.0324659 0.0324916 0.0309563 0.0316938 0.0316740 0.0321121 0.0316687 0.0295555 0.0309364 0.0293835 0.0293835 0.0288053 0.0286319 0.0286319 
X62650.1_S.pilosum                                                 0.0659891 0.0600396 0.0331780 0.0326425 0.0310977 0.0144080 0.0121970 0.0085663 0.0107315 0.0078483 0.0028403 0.0064204 0.0092977 0.0085712 0.0071310 0.0064078 0.0064078 0.0014198 0.0021222 0.0000000 0.0014139 0.0014157 0.0064169 0.0049793 0.0049812 0.0056886 0.0042659 0.0042685 0.0035515 0.0049723 0.0035461 0.0035461 0.0035901 0.0042611 0.0042579 0.0042579 0.0043269 0.0381718 0.0342831 0.0341918 0.0334195 0.0334195 0.0324287 0.0310887 0.0326725 0.0326573 0.0318683 0.0318576 0.0318576 0.0322689 0.0249599 0.0256828 0.0317026 0.0248795 0.0302011 0.0282601 0.0404709 0.0428318 0.0404231 0.0371776 0.0418091 0.0419898 0.0404991 0.0427679 0.0420819 0.0411818 0.0412308 0.0419050 0.0420530 0.0428529 0.0419859 0.0403002 0.0396195 0.0349480 0.0349126 0.0365221 0.0365221 0.0372950 0.0380718 0.0372168 0.0348799 0.0350195 0.0364661 0.0357003 0.0357850 0.0333413 0.0349309 0.0348776 0.0319468 0.0341371 0.0348746 0.0326291 0.0332902 0.0341403 0.0287191 0.0279661 0.0279661 0.0325221 0.0333211 0.0318235 0.0342271 0.0318520 0.0325713 0.0317869 0.0333327 0.0333375 0.0333051 0.0318233 0.0326209 0.0310475 0.0325750 0.0295063 0.0317826 0.0302367 0.0318612 0.0302246 0.0317848 0.0318099 0.0302731 0.0310120 0.0309926 0.0314221 0.0309874 0.0296259 0.0302536 0.0286997 0.0286997 0.0281167 0.0279472 0.0279472 
AB016723.1_Symbiodinium_sp.                                        0.0658192 0.0598895 0.0330976 0.0310389 0.0295031 0.0129187 0.0107213 0.0071123 0.0092663 0.0063977 0.0028340 0.0049752 0.0078382 0.0071163 0.0056838 0.0049655 0.0049655 0.0014166 0.0021174 0.0014139 0.0000000 0.0014125 0.0049726 0.0035435 0.0035449 0.0042507 0.0028335 0.0028352 0.0021230 0.0035386 0.0021198 0.0021198 0.0021460 0.0028303 0.0028281 0.0028281 0.0028738 0.0380798 0.0342009 0.0341101 0.0333397 0.0333397 0.0323501 0.0310130 0.0325946 0.0325795 0.0317925 0.0317818 0.0317818 0.0321911 0.0234023 0.0241232 0.0301129 0.0233272 0.0286184 0.0266698 0.0388213 0.0411688 0.0387756 0.0355536 0.0401610 0.0403337 0.0388482 0.0411077 0.0404215 0.0395311 0.0395779 0.0402526 0.0403940 0.0411890 0.0403300 0.0386583 0.0379776 0.0333322 0.0332987 0.0348965 0.0348965 0.0356652 0.0364378 0.0355908 0.0332675 0.0333999 0.0348431 0.0340814 0.0341618 0.0317375 0.0333160 0.0332655 0.0303437 0.0325276 0.0332626 0.0310266 0.0316891 0.0325307 0.0271425 0.0279001 0.0279001 0.0309253 0.0317183 0.0302272 0.0326130 0.0302541 0.0309718 0.0301926 0.0317293 0.0317338 0.0317032 0.0302269 0.0310187 0.0294559 0.0309752 0.0279240 0.0301885 0.0286520 0.0302628 0.0286406 0.0301906 0.0302142 0.0286864 0.0294224 0.0294041 0.0298101 0.0293993 0.0280367 0.0286680 0.0271242 0.0271242 0.0265348 0.0263754 0.0263754 
AB016724.1_Symbiodinium_sp.                                        0.0659165 0.0599748 0.0331425 0.0326081 0.0310650 0.0143932 0.0121845 0.0085576 0.0107206 0.0078403 0.0028374 0.0064138 0.0092882 0.0085625 0.0071237 0.0064013 0.0064013 0.0014183 0.0021200 0.0014157 0.0014125 0.0000000 0.0064104 0.0049742 0.0049761 0.0056828 0.0042616 0.0042641 0.0035479 0.0049673 0.0035425 0.0035425 0.0035864 0.0042568 0.0042535 0.0042535 0.0043224 0.0381314 0.0342468 0.0341557 0.0333843 0.0333843 0.0323940 0.0310552 0.0326381 0.0326230 0.0318348 0.0318241 0.0318241 0.0322346 0.0249338 0.0256560 0.0316695 0.0248536 0.0301695 0.0282302 0.0404280 0.0427863 0.0403803 0.0371385 0.0417650 0.0419453 0.0404561 0.0427226 0.0420372 0.0411382 0.0411871 0.0418606 0.0420084 0.0428074 0.0419414 0.0402576 0.0395776 0.0349112 0.0348759 0.0364836 0.0364836 0.0372557 0.0380316 0.0371776 0.0348432 0.0349825 0.0364276 0.0356627 0.0357472 0.0333063 0.0348941 0.0348410 0.0319131 0.0341012 0.0348379 0.0325948 0.0332553 0.0341044 0.0286890 0.0279368 0.0279368 0.0324880 0.0332861 0.0317901 0.0341910 0.0318185 0.0325371 0.0317536 0.0332977 0.0333025 0.0332702 0.0317898 0.0325866 0.0310149 0.0325408 0.0294754 0.0317492 0.0302050 0.0318277 0.0301929 0.0317514 0.0317765 0.0302413 0.0309795 0.0309601 0.0313887 0.0309549 0.0295947 0.0302219 0.0286697 0.0286697 0.0280871 0.0279180 0.0279180 
KU188515.1_Symbiodinium_sp.                                        0.0683814 0.0624310 0.0355640 0.0333829 0.0318369 0.0136678 0.0114623 0.0078414 0.0100019 0.0071248 0.0078599 0.0056903 0.0085704 0.0078459 0.0064089 0.0056878 0.0056878 0.0064291 0.0071182 0.0064169 0.0049726 0.0064104 0.0000000 0.0042555 0.0042571 0.0049705 0.0035446 0.0035467 0.0028329 0.0042560 0.0028329 0.0028329 0.0028680 0.0035459 0.0035432 0.0035432 0.0028780 0.0389179 0.0350266 0.0349333 0.0341605 0.0341605 0.0323987 0.0318716 0.0334135 0.0333980 0.0326080 0.0325971 0.0325971 0.0330178 0.0241899 0.0249121 0.0309192 0.0241121 0.0294206 0.0274751 0.0396609 0.0420160 0.0396141 0.0363791 0.0410002 0.0411771 0.0396884 0.0419534 0.0412671 0.0403715 0.0404194 0.0410941 0.0412389 0.0420366 0.0411733 0.0394939 0.0388130 0.0341528 0.0341183 0.0357226 0.0357226 0.0364937 0.0372687 0.0364173 0.0340863 0.0342224 0.0356678 0.0349038 0.0349864 0.0325514 0.0341361 0.0340842 0.0311568 0.0333447 0.0340812 0.0333691 0.0325016 0.0333479 0.0294544 0.0302167 0.0302167 0.0317354 0.0325317 0.0310368 0.0334324 0.0310645 0.0317833 0.0310012 0.0325430 0.0325477 0.0325162 0.0310365 0.0318316 0.0302628 0.0317869 0.0287257 0.0309970 0.0294552 0.0310735 0.0294434 0.0309991 0.0310235 0.0294906 0.0302284 0.0302095 0.0306275 0.0302044 0.0288420 0.0294716 0.0279222 0.0279222 0.0273358 0.0271712 0.0271712 
KU188511.1_Symbiodinium_sp.                                        0.0666370 0.0607369 0.0339658 0.0318212 0.0302820 0.0122000 0.0100060 0.0064007 0.0085530 0.0056865 0.0064157 0.0042578 0.0071253 0.0064044 0.0049730 0.0042559 0.0042559 0.0049887 0.0056812 0.0049793 0.0035435 0.0049742 0.0042555 0.0000000 0.0028314 0.0035421 0.0021218 0.0021230 0.0014131 0.0028307 0.0014131 0.0014131 0.0014306 0.0021226 0.0021210 0.0021210 0.0021552 0.0373291 0.0334539 0.0333651 0.0325955 0.0325955 0.0315945 0.0310626 0.0318505 0.0318358 0.0310500 0.0310396 0.0310396 0.0314393 0.0226690 0.0233901 0.0293757 0.0225963 0.0278820 0.0259266 0.0380706 0.0404158 0.0380257 0.0348094 0.0394130 0.0395824 0.0380969 0.0403557 0.0396685 0.0387810 0.0388269 0.0395030 0.0396416 0.0404355 0.0395788 0.0379108 0.0372290 0.0325882 0.0325554 0.0341504 0.0341504 0.0349184 0.0356903 0.0348456 0.0325249 0.0326543 0.0340981 0.0333371 0.0326537 0.0309963 0.0325724 0.0325230 0.0296006 0.0317852 0.0325201 0.0318084 0.0309491 0.0317881 0.0279140 0.0286732 0.0286732 0.0301860 0.0309776 0.0294871 0.0318685 0.0295133 0.0302314 0.0294533 0.0309883 0.0309927 0.0309628 0.0294868 0.0302772 0.0287167 0.0302347 0.0271866 0.0294494 0.0279147 0.0295218 0.0279036 0.0294513 0.0294744 0.0279482 0.0286841 0.0286662 0.0290620 0.0286615 0.0272963 0.0279302 0.0263886 0.0263886 0.0257953 0.0256404 0.0256404 
KU188514.1_Symbiodinium_sp.                                        0.0666682 0.0607645 0.0339804 0.0318345 0.0302946 0.0122048 0.0100098 0.0064031 0.0085563 0.0056887 0.0064182 0.0042594 0.0071280 0.0064068 0.0049749 0.0042575 0.0042575 0.0049906 0.0056834 0.0049812 0.0035449 0.0049761 0.0042571 0.0028314 0.0000000 0.0035434 0.0021226 0.0021238 0.0014137 0.0028318 0.0014137 0.0014137 0.0014312 0.0021234 0.0021218 0.0021218 0.0021552 0.0373450 0.0334680 0.0333791 0.0326092 0.0326092 0.0316080 0.0310759 0.0318639 0.0318491 0.0310630 0.0310526 0.0310526 0.0314526 0.0226782 0.0233996 0.0293878 0.0226054 0.0278935 0.0259373 0.0380868 0.0404331 0.0380419 0.0348240 0.0394298 0.0395993 0.0381132 0.0403730 0.0396855 0.0387976 0.0388435 0.0395198 0.0396586 0.0404528 0.0395957 0.0379269 0.0372448 0.0326018 0.0325690 0.0341648 0.0341648 0.0349332 0.0357054 0.0348603 0.0325386 0.0326680 0.0341125 0.0333511 0.0334297 0.0310092 0.0325860 0.0325366 0.0296129 0.0317985 0.0325337 0.0318217 0.0309619 0.0318014 0.0279255 0.0286851 0.0286851 0.0301985 0.0309905 0.0294993 0.0318819 0.0295255 0.0302439 0.0294655 0.0310012 0.0310057 0.0309757 0.0294990 0.0302898 0.0287286 0.0302473 0.0271978 0.0294616 0.0279262 0.0295340 0.0279151 0.0294635 0.0294866 0.0279597 0.0286960 0.0286781 0.0290742 0.0286734 0.0273076 0.0279417 0.0263995 0.0263995 0.0258059 0.0256509 0.0256509 
AF238256.1_Symbiodinium_sp._Type_A                                 0.0674555 0.0598629 0.0331507 0.0325507 0.0310104 0.0114617 0.0092746 0.0071093 0.0078262 0.0063950 0.0071261 0.0049732 0.0064012 0.0056825 0.0042549 0.0035402 0.0035402 0.0056994 0.0063891 0.0056886 0.0042507 0.0056828 0.0049705 0.0035421 0.0035434 0.0000000 0.0028323 0.0028340 0.0021222 0.0021192 0.0021190 0.0021190 0.0021451 0.0014125 0.0014114 0.0014114 0.0014340 0.0380634 0.0341862 0.0340954 0.0333254 0.0333254 0.0323360 0.0318095 0.0325806 0.0325655 0.0317789 0.0317682 0.0317682 0.0321771 0.0233924 0.0241129 0.0301001 0.0233174 0.0286062 0.0266583 0.0388045 0.0411510 0.0387588 0.0355384 0.0401436 0.0403162 0.0388314 0.0410899 0.0404040 0.0395140 0.0395608 0.0402353 0.0403765 0.0411711 0.0403125 0.0386416 0.0379612 0.0333179 0.0332844 0.0348814 0.0348814 0.0356498 0.0364221 0.0355755 0.0332533 0.0333855 0.0348281 0.0340667 0.0341471 0.0317239 0.0333017 0.0332512 0.0303306 0.0325137 0.0332483 0.0325374 0.0316755 0.0325167 0.0286390 0.0293986 0.0293986 0.0309120 0.0317047 0.0302143 0.0325989 0.0302411 0.0309585 0.0301796 0.0317157 0.0317202 0.0316896 0.0302140 0.0310054 0.0294433 0.0309620 0.0279121 0.0301756 0.0286398 0.0302498 0.0286284 0.0301777 0.0302013 0.0286741 0.0294099 0.0293915 0.0297972 0.0293867 0.0280247 0.0286557 0.0271126 0.0271126 0.0265234 0.0263642 0.0263642 
KU188513.1_Symbiodinium_sp.                                        0.0658258 0.0599436 0.0331959 0.0310672 0.0295300 0.0114770 0.0092869 0.0056868 0.0078366 0.0049733 0.0057002 0.0035464 0.0064097 0.0056901 0.0042606 0.0035449 0.0035449 0.0042740 0.0049687 0.0042659 0.0028335 0.0042616 0.0035446 0.0021218 0.0021226 0.0028323 0.0000000 0.0014147 0.0007056 0.0021220 0.0007056 0.0007056 0.0007150 0.0014144 0.0014133 0.0014133 0.0014361 0.0365664 0.0326959 0.0326092 0.0318405 0.0318405 0.0308283 0.0302911 0.0310959 0.0310815 0.0302972 0.0302870 0.0302870 0.0306769 0.0219277 0.0226488 0.0286285 0.0218574 0.0271360 0.0251744 0.0373077 0.0396501 0.0372638 0.0340538 0.0386527 0.0388186 0.0373335 0.0395912 0.0389029 0.0380187 0.0380635 0.0387408 0.0388766 0.0396693 0.0388151 0.0371512 0.0364684 0.0318333 0.0318013 0.0333932 0.0333932 0.0341603 0.0349313 0.0340892 0.0317716 0.0318978 0.0333421 0.0325818 0.0326585 0.0302448 0.0318179 0.0317697 0.0288475 0.0310321 0.0317669 0.0310548 0.0301988 0.0310350 0.0271672 0.0279255 0.0279255 0.0294366 0.0302266 0.0287370 0.0311135 0.0287625 0.0294808 0.0287040 0.0302369 0.0302413 0.0302121 0.0287367 0.0295254 0.0279678 0.0294841 0.0264399 0.0287003 0.0271678 0.0287707 0.0271570 0.0287022 0.0287246 0.0272004 0.0279361 0.0279187 0.0283040 0.0279141 0.0265466 0.0271830 0.0256440 0.0256440 0.0250469 0.0248966 0.0248966 
KU188510.1_Symbiodinium_sp.                                        0.0658728 0.0599853 0.0332180 0.0310874 0.0295491 0.0114841 0.0092925 0.0056902 0.0078413 0.0049763 0.0057036 0.0035486 0.0064136 0.0056935 0.0042631 0.0035470 0.0035470 0.0042766 0.0049717 0.0042685 0.0028352 0.0042641 0.0035467 0.0021230 0.0021238 0.0028340 0.0014147 0.0000000 0.0007067 0.0021233 0.0007067 0.0007067 0.0007154 0.0014152 0.0014141 0.0014141 0.0014361 0.0365905 0.0327172 0.0326304 0.0318612 0.0318612 0.0308486 0.0303112 0.0311161 0.0311017 0.0303168 0.0303066 0.0303066 0.0306971 0.0219417 0.0226632 0.0286469 0.0218712 0.0271534 0.0251906 0.0373323 0.0396764 0.0372883 0.0340760 0.0386781 0.0388443 0.0373581 0.0396174 0.0389287 0.0380437 0.0380887 0.0387664 0.0389024 0.0396956 0.0388408 0.0371756 0.0364924 0.0318540 0.0318219 0.0334150 0.0334150 0.0341826 0.0349542 0.0341114 0.0317922 0.0319186 0.0333638 0.0326030 0.0326798 0.0302644 0.0318386 0.0317903 0.0288662 0.0310523 0.0317876 0.0310750 0.0302183 0.0310551 0.0271847 0.0279435 0.0279435 0.0294556 0.0302461 0.0287556 0.0311337 0.0287811 0.0294999 0.0287225 0.0302565 0.0302609 0.0302316 0.0287552 0.0295445 0.0279858 0.0295031 0.0264569 0.0287188 0.0271853 0.0287893 0.0271745 0.0287207 0.0287431 0.0272179 0.0279540 0.0279366 0.0283225 0.0279321 0.0265637 0.0272004 0.0256604 0.0256604 0.0250630 0.0249124 0.0249124 
KU188509.1_Symbiodinium_sp.                                        0.0649730 0.0591136 0.0324079 0.0302968 0.0287626 0.0107482 0.0085642 0.0049711 0.0071173 0.0042587 0.0049828 0.0028344 0.0056920 0.0049740 0.0035470 0.0028332 0.0028332 0.0035582 0.0042548 0.0035515 0.0021230 0.0035479 0.0028329 0.0014131 0.0014137 0.0021222 0.0007056 0.0007067 0.0000000 0.0014133 0.0000010 0.0000010 0.0000010 0.0007060 0.0007056 0.0007056 0.0007177 0.0357837 0.0319203 0.0318358 0.0310686 0.0310686 0.0300454 0.0295033 0.0303248 0.0303108 0.0295284 0.0295185 0.0295185 0.0298982 0.0211756 0.0218963 0.0278665 0.0211078 0.0263762 0.0244092 0.0365244 0.0388623 0.0364814 0.0332799 0.0378711 0.0380334 0.0365496 0.0388046 0.0381158 0.0372354 0.0372792 0.0379573 0.0380901 0.0388811 0.0380300 0.0363713 0.0356880 0.0310615 0.0310303 0.0326180 0.0326180 0.0333837 0.0341534 0.0333144 0.0310014 0.0311243 0.0325681 0.0318091 0.0318839 0.0294774 0.0310465 0.0309996 0.0280793 0.0302627 0.0309969 0.0302848 0.0294326 0.0302655 0.0264065 0.0271634 0.0271634 0.0286719 0.0294597 0.0279720 0.0303419 0.0279967 0.0287148 0.0279399 0.0294697 0.0294740 0.0294456 0.0279716 0.0287582 0.0272043 0.0287180 0.0256796 0.0279362 0.0264070 0.0280047 0.0263966 0.0279381 0.0279599 0.0264387 0.0271736 0.0271566 0.0275312 0.0271523 0.0257831 0.0264217 0.0248864 0.0248864 0.0242857 0.0241401 0.0241401 
