130
GU362426_Gymnodinium_catenatum                                     0.0000000 0.0454439 0.0658765 0.0705954 0.0688830 0.0773703 0.0755130 0.0694041 0.0736849 0.0649316 0.0679629 0.0686614 0.0720715 0.0711882 0.0694809 0.0685664 0.0685664 0.0663448 0.0668690 0.0662175 0.0660408 0.0661446 0.0686169 0.0668632 0.0668934 0.0676851 0.0660457 0.0660943 0.0651891 0.0668199 0.0651364 0.0651364 0.0660208 0.0660159 0.0659626 0.0659626 0.0653970 0.0735675 0.0674655 0.0672704 0.0664277 0.0664277 0.0659174 0.0665865 0.0665811 0.0656053 0.0656532 0.0665060 0.0665060 0.0674070 0.0630432 0.0628772 0.0678478 0.0636377 0.0662286 0.0645312 0.0743080 0.0768880 0.0741983 0.0695872 0.0695219 0.0750749 0.0732872 0.0767610 0.0761086 0.0750120 0.0742581 0.0731616 0.0734462 0.0769436 0.0742115 0.0739518 0.0715668 0.0697781 0.0697014 0.0698070 0.0698070 0.0724706 0.0707845 0.0705587 0.0697070 0.0708806 0.0681165 0.0706603 0.0708571 0.0636247 0.0698322 0.0697028 0.0666137 0.0689291 0.0680255 0.0657433 0.0670760 0.0680497 0.0604396 0.0596275 0.0596275 0.0670673 0.0679760 0.0663761 0.0691237 0.0664514 0.0680196 0.0663053 0.0680121 0.0680127 0.0679434 0.0672393 0.0664741 0.0655259 0.0671947 0.0612873 0.0662944 0.0662334 0.0664706 0.0645482 0.0637990 0.0663597 0.0620178 0.0654391 0.0653948 0.0663503 0.0653812 0.0640909 0.0646196 0.0628748 0.0628748 0.0633070 0.0637089 0.0637089 
EF492511                                                           0.0454439 0.0000000 0.0450671 0.0638517 0.0621867 0.0677141 0.0650916 0.0633323 0.0633425 0.0614865 0.0619080 0.0626510 0.0617740 0.0609243 0.0592775 0.0584046 0.0584046 0.0603282 0.0608651 0.0602145 0.0600577 0.0601495 0.0626116 0.0609090 0.0609356 0.0600293 0.0601102 0.0601532 0.0592772 0.0591921 0.0591832 0.0591832 0.0599704 0.0584084 0.0583621 0.0583621 0.0576567 0.0665606 0.0606471 0.0604775 0.0580415 0.0580415 0.0573739 0.0579427 0.0614590 0.0588579 0.0605614 0.0597269 0.0597269 0.0605183 0.0531789 0.0521157 0.0537626 0.0513578 0.0522011 0.0504185 0.0681201 0.0706291 0.0680217 0.0619979 0.0627998 0.0655805 0.0654986 0.0688621 0.0682085 0.0671699 0.0655566 0.0653903 0.0656370 0.0690215 0.0663880 0.0661616 0.0654687 0.0638477 0.0637800 0.0647271 0.0647271 0.0647023 0.0647009 0.0628709 0.0636723 0.0631867 0.0621349 0.0629587 0.0623033 0.0586583 0.0621531 0.0612213 0.0590548 0.0612838 0.0620356 0.0581735 0.0578533 0.0604342 0.0530604 0.0522704 0.0522704 0.0594965 0.0603709 0.0588103 0.0614515 0.0588748 0.0604084 0.0587484 0.0604016 0.0604024 0.0595254 0.0588183 0.0588945 0.0579858 0.0587893 0.0553877 0.0587395 0.0586867 0.0588912 0.0570528 0.0579250 0.0587951 0.0546264 0.0579113 0.0562656 0.0570692 0.0578619 0.0565687 0.0571146 0.0554298 0.0554298 0.0558018 0.0562391 0.0562391 
JF791031                                                           0.0658765 0.0450671 0.0000000 0.0417752 0.0401738 0.0403923 0.0387687 0.0379434 0.0371327 0.0354423 0.0348225 0.0356393 0.0355749 0.0347993 0.0332274 0.0324163 0.0324163 0.0332921 0.0339209 0.0332299 0.0331461 0.0331944 0.0356181 0.0340156 0.0340296 0.0331976 0.0332429 0.0332655 0.0324535 0.0324064 0.0324023 0.0324023 0.0328269 0.0316447 0.0316198 0.0316198 0.0313633 0.0442260 0.0402293 0.0401202 0.0393275 0.0393275 0.0392208 0.0379053 0.0393571 0.0385470 0.0385194 0.0377215 0.0377215 0.0382159 0.0322070 0.0336829 0.0375244 0.0336331 0.0359895 0.0340670 0.0449215 0.0473311 0.0448574 0.0407539 0.0431106 0.0440554 0.0449314 0.0472288 0.0465444 0.0456085 0.0456581 0.0455261 0.0456924 0.0473519 0.0464311 0.0455531 0.0448762 0.0408901 0.0408481 0.0417293 0.0417293 0.0392303 0.0424299 0.0408221 0.0400021 0.0402082 0.0416318 0.0408527 0.0393821 0.0384314 0.0400707 0.0376447 0.0362348 0.0392083 0.0384095 0.0377648 0.0375868 0.0392539 0.0329131 0.0321449 0.0321449 0.0375813 0.0384032 0.0361010 0.0393548 0.0369145 0.0368628 0.0368366 0.0384213 0.0384224 0.0360491 0.0368794 0.0369269 0.0376452 0.0360865 0.0368544 0.0352673 0.0336853 0.0369242 0.0352297 0.0368318 0.0368649 0.0337131 0.0360397 0.0360162 0.0356820 0.0360106 0.0346465 0.0352673 0.0336687 0.0336687 0.0338907 0.0329000 0.0329000 
AY160124.1_Symbiodinium_sp._G15                                    0.0705954 0.0638517 0.0417752 0.0000000 0.0014078 0.0396847 0.0388309 0.0357054 0.0372236 0.0332673 0.0342557 0.0334484 0.0357209 0.0349311 0.0333866 0.0325894 0.0325894 0.0327504 0.0333710 0.0326902 0.0310794 0.0326558 0.0334289 0.0318635 0.0318762 0.0325942 0.0311069 0.0311276 0.0303351 0.0318181 0.0302882 0.0302882 0.0306773 0.0310704 0.0310463 0.0310463 0.0300008 0.0402508 0.0363608 0.0362647 0.0354930 0.0354930 0.0345352 0.0348674 0.0355190 0.0347322 0.0347079 0.0339320 0.0339320 0.0343669 0.0309067 0.0338884 0.0361298 0.0315569 0.0346230 0.0327215 0.0434216 0.0457871 0.0433606 0.0408646 0.0439564 0.0457159 0.0450114 0.0464958 0.0458207 0.0449020 0.0433587 0.0456199 0.0457841 0.0457055 0.0457110 0.0440010 0.0433333 0.0402035 0.0401629 0.0401646 0.0401646 0.0417746 0.0410014 0.0409062 0.0377898 0.0403026 0.0401530 0.0393885 0.0394897 0.0331715 0.0386211 0.0385548 0.0356281 0.0385977 0.0385511 0.0355931 0.0354272 0.0378209 0.0308493 0.0316119 0.0316119 0.0361837 0.0369887 0.0354891 0.0379163 0.0370613 0.0370103 0.0354516 0.0370057 0.0370068 0.0362078 0.0354920 0.0363013 0.0347123 0.0362463 0.0354768 0.0354476 0.0338901 0.0355344 0.0338768 0.0354471 0.0354783 0.0331570 0.0346704 0.0346482 0.0351295 0.0346429 0.0332974 0.0339123 0.0323454 0.0323454 0.0317798 0.0315909 0.0315909 
HE653239_Symbiodinium_voratum                                      0.0688830 0.0621867 0.0401738 0.0014078 0.0000000 0.0381098 0.0372622 0.0341488 0.0356628 0.0317253 0.0327001 0.0318975 0.0341637 0.0333774 0.0318386 0.0310457 0.0310457 0.0311986 0.0318238 0.0311414 0.0295399 0.0311086 0.0318790 0.0303204 0.0303326 0.0310502 0.0295661 0.0295857 0.0287974 0.0302773 0.0287529 0.0287529 0.0291217 0.0295315 0.0295086 0.0295086 0.0284427 0.0386824 0.0348069 0.0347152 0.0339464 0.0339464 0.0329668 0.0332834 0.0339711 0.0331879 0.0331648 0.0323921 0.0323921 0.0328066 0.0293764 0.0323507 0.0345865 0.0300296 0.0330839 0.0311716 0.0418402 0.0441970 0.0417816 0.0393002 0.0423818 0.0441284 0.0434237 0.0449057 0.0442292 0.0433185 0.0417797 0.0440361 0.0441941 0.0441183 0.0441238 0.0424247 0.0417554 0.0386369 0.0385981 0.0385997 0.0385997 0.0402020 0.0394313 0.0393400 0.0362355 0.0387318 0.0385885 0.0378265 0.0379234 0.0316342 0.0370615 0.0369980 0.0340752 0.0370391 0.0369946 0.0340418 0.0338837 0.0362652 0.0293220 0.0300818 0.0300818 0.0346379 0.0354385 0.0339427 0.0363565 0.0355079 0.0354591 0.0339069 0.0354547 0.0354558 0.0346609 0.0339454 0.0347501 0.0331690 0.0346976 0.0339309 0.0339031 0.0323522 0.0339858 0.0323396 0.0339026 0.0339323 0.0316205 0.0331291 0.0331079 0.0335670 0.0331030 0.0317540 0.0323734 0.0308139 0.0308139 0.0302412 0.0300617 0.0300617 
AJ271758.1_Symbiodinium_sp.                                        0.0773703 0.0677141 0.0403923 0.0396847 0.0381098 0.0000000 0.0136456 0.0158518 0.0121723 0.0151246 0.0158919 0.0136800 0.0107364 0.0100074 0.0085633 0.0078372 0.0078372 0.0144408 0.0151089 0.0144149 0.0129229 0.0144001 0.0136725 0.0122036 0.0122082 0.0114646 0.0114798 0.0114871 0.0107507 0.0107356 0.0107345 0.0107345 0.0108693 0.0100176 0.0100100 0.0100100 0.0101738 0.0453513 0.0413841 0.0412726 0.0404857 0.0404857 0.0395954 0.0391101 0.0397391 0.0397112 0.0389083 0.0388907 0.0388907 0.0393959 0.0311117 0.0318391 0.0363794 0.0310078 0.0348617 0.0329490 0.0453206 0.0477127 0.0452564 0.0419484 0.0466417 0.0468502 0.0453562 0.0476374 0.0469586 0.0460278 0.0460774 0.0467508 0.0469207 0.0477335 0.0468451 0.0451152 0.0444438 0.0396971 0.0396569 0.0397386 0.0397386 0.0420805 0.0428705 0.0419916 0.0396186 0.0397955 0.0412319 0.0404604 0.0405652 0.0380633 0.0396859 0.0396171 0.0366676 0.0388732 0.0388401 0.0396768 0.0379973 0.0388774 0.0356808 0.0364568 0.0364568 0.0372221 0.0380357 0.0365231 0.0389764 0.0381110 0.0372783 0.0364843 0.0380533 0.0380545 0.0380174 0.0365262 0.0373442 0.0357389 0.0372872 0.0357346 0.0364800 0.0349073 0.0365702 0.0348935 0.0364796 0.0365120 0.0349499 0.0356953 0.0356722 0.0361718 0.0356667 0.0343141 0.0349304 0.0333477 0.0333477 0.0327857 0.0325863 0.0325863 
AJ271759.1_Symbiodinium_sp.                                        0.0755130 0.0650916 0.0387687 0.0388309 0.0372622 0.0136456 0.0000000 0.0136353 0.0099848 0.0129120 0.0136696 0.0114729 0.0085553 0.0078320 0.0063973 0.0056774 0.0056774 0.0122255 0.0128987 0.0122035 0.0107254 0.0121910 0.0114668 0.0100095 0.0100131 0.0092774 0.0092897 0.0092955 0.0085667 0.0085547 0.0085538 0.0085538 0.0086600 0.0078400 0.0078341 0.0078341 0.0079617 0.0444733 0.0405213 0.0404126 0.0396287 0.0396287 0.0387276 0.0382375 0.0388841 0.0388569 0.0380574 0.0380403 0.0380403 0.0385331 0.0302910 0.0310167 0.0355422 0.0301900 0.0340295 0.0321142 0.0444433 0.0468261 0.0443805 0.0410881 0.0457643 0.0459681 0.0444781 0.0467525 0.0460741 0.0451494 0.0451979 0.0458710 0.0460371 0.0468464 0.0459632 0.0442425 0.0435715 0.0388431 0.0388039 0.0388836 0.0388836 0.0412169 0.0420039 0.0411302 0.0371960 0.0389390 0.0403728 0.0396040 0.0397063 0.0372171 0.0388322 0.0387652 0.0358228 0.0380232 0.0387615 0.0380427 0.0371527 0.0380273 0.0340728 0.0348446 0.0348446 0.0363803 0.0371901 0.0356822 0.0381238 0.0357188 0.0364351 0.0356444 0.0372073 0.0372084 0.0371723 0.0356852 0.0364993 0.0349010 0.0364437 0.0348969 0.0356403 0.0340739 0.0357281 0.0340605 0.0356398 0.0356714 0.0341154 0.0348586 0.0348361 0.0353228 0.0348309 0.0334787 0.0340964 0.0325204 0.0325204 0.0319555 0.0317617 0.0317617 
AJ271754.1_Symbiodinium_sp.                                        0.0694041 0.0633323 0.0379434 0.0357054 0.0341488 0.0158518 0.0136353 0.0000000 0.0121634 0.0092765 0.0100192 0.0078470 0.0107285 0.0100001 0.0085571 0.0078315 0.0078315 0.0085844 0.0092671 0.0085690 0.0071135 0.0085603 0.0078428 0.0064016 0.0064039 0.0071104 0.0056873 0.0056908 0.0049715 0.0063926 0.0049640 0.0049640 0.0050254 0.0056810 0.0056767 0.0056767 0.0057688 0.0397355 0.0358248 0.0357296 0.0349538 0.0349538 0.0339849 0.0334642 0.0342125 0.0341888 0.0333999 0.0333850 0.0333850 0.0338154 0.0249486 0.0256716 0.0316913 0.0248660 0.0301887 0.0282460 0.0404852 0.0428470 0.0404282 0.0371779 0.0418169 0.0420016 0.0405167 0.0427799 0.0420976 0.0411925 0.0404595 0.0411380 0.0412855 0.0428652 0.0404105 0.0403034 0.0396285 0.0349429 0.0349079 0.0365231 0.0365231 0.0372932 0.0380734 0.0372154 0.0348746 0.0350283 0.0364621 0.0356993 0.0357908 0.0333383 0.0349333 0.0348734 0.0319395 0.0341343 0.0348701 0.0333752 0.0332810 0.0341379 0.0302271 0.0309921 0.0309921 0.0325151 0.0333142 0.0325754 0.0342241 0.0318476 0.0325636 0.0317816 0.0333293 0.0333304 0.0332982 0.0318177 0.0326207 0.0310416 0.0325712 0.0279630 0.0317781 0.0302278 0.0318557 0.0302161 0.0317776 0.0318054 0.0302646 0.0310043 0.0309843 0.0314154 0.0309799 0.0296187 0.0302478 0.0286899 0.0286899 0.0281066 0.0279369 0.0279369 
AJ271756.1_Symbiodinium_sp.                                        0.0736849 0.0633425 0.0371327 0.0372236 0.0356628 0.0121723 0.0099848 0.0121634 0.0000000 0.0114430 0.0121947 0.0100097 0.0071088 0.0063895 0.0049613 0.0042457 0.0042457 0.0107549 0.0114314 0.0107354 0.0092684 0.0107245 0.0100043 0.0085547 0.0085578 0.0078274 0.0078378 0.0078426 0.0071182 0.0071082 0.0071075 0.0071075 0.0071956 0.0063960 0.0063911 0.0063911 0.0064950 0.0428339 0.0389012 0.0387973 0.0380171 0.0380171 0.0370937 0.0365937 0.0372745 0.0372486 0.0364538 0.0364374 0.0364374 0.0369081 0.0287265 0.0294507 0.0339586 0.0286311 0.0324518 0.0305274 0.0428051 0.0451765 0.0427449 0.0394737 0.0441291 0.0443247 0.0428386 0.0451056 0.0444264 0.0435109 0.0435574 0.0442316 0.0443910 0.0451959 0.0443201 0.0426125 0.0419407 0.0372354 0.0371980 0.0372741 0.0372741 0.0395968 0.0403801 0.0395138 0.0356000 0.0365560 0.0387590 0.0379936 0.0380913 0.0356201 0.0372251 0.0371611 0.0342256 0.0364211 0.0371575 0.0364398 0.0355587 0.0364250 0.0324931 0.0332611 0.0332611 0.0347899 0.0355943 0.0340919 0.0365171 0.0341266 0.0348420 0.0340558 0.0356107 0.0356118 0.0355773 0.0340946 0.0349032 0.0333147 0.0348502 0.0333108 0.0340519 0.0324940 0.0341354 0.0309581 0.0340514 0.0340814 0.0325335 0.0332744 0.0332530 0.0337162 0.0332481 0.0318938 0.0325154 0.0309487 0.0309487 0.0303768 0.0301931 0.0301931 
AJ271764.1_Symbiodinium_sp.                                        0.0649316 0.0614865 0.0354423 0.0332673 0.0317253 0.0151246 0.0129120 0.0092765 0.0114430 0.0000000 0.0092995 0.0071306 0.0100090 0.0092818 0.0078406 0.0071165 0.0071165 0.0078657 0.0085506 0.0078515 0.0063994 0.0078435 0.0071268 0.0056878 0.0056899 0.0063966 0.0049743 0.0049773 0.0042595 0.0056799 0.0042531 0.0042531 0.0043057 0.0049687 0.0049650 0.0049650 0.0050455 0.0372532 0.0333779 0.0332900 0.0325212 0.0325212 0.0315210 0.0309863 0.0309997 0.0317624 0.0301999 0.0309680 0.0309680 0.0313649 0.0241046 0.0233161 0.0308119 0.0240252 0.0293172 0.0273755 0.0364319 0.0387634 0.0363811 0.0331854 0.0377693 0.0379342 0.0364599 0.0387032 0.0380196 0.0371377 0.0371766 0.0378560 0.0379901 0.0387795 0.0379305 0.0362700 0.0355935 0.0309687 0.0309380 0.0325258 0.0325258 0.0332867 0.0340570 0.0332182 0.0309088 0.0310434 0.0324718 0.0317177 0.0317980 0.0293914 0.0309605 0.0309079 0.0279935 0.0301744 0.0309050 0.0309453 0.0301187 0.0301775 0.0270728 0.0278292 0.0278292 0.0285850 0.0293704 0.0278860 0.0302530 0.0279138 0.0286271 0.0278565 0.0293835 0.0293845 0.0293564 0.0278879 0.0286767 0.0271227 0.0286336 0.0255998 0.0278536 0.0263253 0.0279209 0.0263152 0.0278531 0.0278772 0.0263571 0.0270905 0.0270732 0.0274469 0.0270695 0.0257044 0.0263425 0.0248085 0.0248085 0.0242088 0.0240640 0.0240640 
L13718.1_Symbiodinium_meandrinae                                   0.0679629 0.0619080 0.0348225 0.0342557 0.0327001 0.0158919 0.0136696 0.0100192 0.0121947 0.0092995 0.0000000 0.0078665 0.0107552 0.0100249 0.0085783 0.0078509 0.0078509 0.0014194 0.0035452 0.0028410 0.0028344 0.0028381 0.0078623 0.0064174 0.0064197 0.0071280 0.0057014 0.0057049 0.0049838 0.0064084 0.0049763 0.0049763 0.0050380 0.0056950 0.0056907 0.0056907 0.0057833 0.0398416 0.0359198 0.0358242 0.0350462 0.0350462 0.0340761 0.0327350 0.0343029 0.0342791 0.0334879 0.0334729 0.0334729 0.0339057 0.0265251 0.0272504 0.0333024 0.0264369 0.0317922 0.0298566 0.0421611 0.0445372 0.0421016 0.0388262 0.0434913 0.0436845 0.0421941 0.0444671 0.0437849 0.0428695 0.0429154 0.0435926 0.0437500 0.0445563 0.0428787 0.0419709 0.0412961 0.0365819 0.0365450 0.0381729 0.0381729 0.0389474 0.0397322 0.0388657 0.0365100 0.0366719 0.0381089 0.0373419 0.0374381 0.0349647 0.0365718 0.0365087 0.0335647 0.0342031 0.0365052 0.0342419 0.0349043 0.0357706 0.0303061 0.0295486 0.0295486 0.0341340 0.0349394 0.0334334 0.0358613 0.0334675 0.0341853 0.0333978 0.0349554 0.0349565 0.0349226 0.0334360 0.0342454 0.0326548 0.0341933 0.0311004 0.0333941 0.0318336 0.0334761 0.0318212 0.0333936 0.0334230 0.0318725 0.0326153 0.0325942 0.0330495 0.0325894 0.0312290 0.0318547 0.0302858 0.0302858 0.0297088 0.0295288 0.0295288 
KU188508.1_Symbiodinium_sp.                                        0.0686614 0.0626510 0.0356393 0.0334484 0.0318975 0.0136800 0.0114729 0.0078470 0.0100097 0.0071306 0.0078665 0.0000000 0.0085766 0.0078515 0.0064132 0.0056915 0.0056915 0.0064337 0.0071234 0.0064221 0.0049758 0.0064156 0.0056912 0.0042582 0.0042597 0.0049737 0.0035466 0.0035488 0.0028345 0.0042586 0.0028345 0.0028345 0.0028696 0.0035480 0.0035454 0.0035454 0.0036029 0.0390158 0.0351055 0.0350122 0.0342365 0.0342365 0.0332557 0.0327295 0.0334945 0.0334714 0.0326829 0.0326682 0.0326682 0.0330898 0.0242336 0.0249574 0.0309781 0.0241533 0.0294751 0.0275242 0.0389807 0.0413382 0.0389259 0.0364624 0.0411017 0.0412834 0.0397970 0.0420616 0.0413776 0.0404747 0.0405177 0.0411970 0.0413449 0.0421455 0.0412792 0.0395875 0.0389107 0.0342257 0.0341914 0.0358053 0.0358053 0.0365755 0.0373556 0.0364992 0.0341588 0.0343094 0.0357454 0.0349825 0.0350721 0.0326225 0.0342164 0.0341577 0.0312208 0.0334179 0.0341545 0.0334352 0.0325665 0.0334215 0.0295127 0.0302775 0.0302775 0.0318006 0.0325990 0.0310994 0.0335059 0.0311309 0.0318481 0.0310664 0.0326138 0.0326149 0.0325833 0.0311017 0.0319039 0.0303259 0.0318555 0.0287820 0.0310630 0.0295133 0.0311389 0.0295018 0.0310625 0.0310897 0.0295492 0.0302894 0.0302699 0.0306914 0.0302656 0.0289006 0.0295328 0.0279759 0.0279759 0.0273881 0.0272227 0.0272227 
AB055917.1_Symbiodinium_sp.                                        0.0720715 0.0617740 0.0355749 0.0357209 0.0341637 0.0107364 0.0085553 0.0107285 0.0071088 0.0100090 0.0107552 0.0085766 0.0000000 0.0049678 0.0035425 0.0028295 0.0028295 0.0093175 0.0099988 0.0093007 0.0078397 0.0092912 0.0085720 0.0071263 0.0071289 0.0064019 0.0064104 0.0064143 0.0056925 0.0056845 0.0056840 0.0056840 0.0057544 0.0049728 0.0049691 0.0049691 0.0043256 0.0413152 0.0373906 0.0372909 0.0365124 0.0365124 0.0347873 0.0342716 0.0357699 0.0357451 0.0349526 0.0349370 0.0349370 0.0353882 0.0272432 0.0279676 0.0324701 0.0271527 0.0309652 0.0290274 0.0412875 0.0436540 0.0412294 0.0379700 0.0426173 0.0403996 0.0389179 0.0411748 0.0404915 0.0395949 0.0411948 0.0418716 0.0420218 0.0436727 0.0419550 0.0411019 0.0404276 0.0357324 0.0356965 0.0357694 0.0357694 0.0372565 0.0364889 0.0380084 0.0356624 0.0358200 0.0372541 0.0364899 0.0365836 0.0341231 0.0357226 0.0356612 0.0327249 0.0349213 0.0356578 0.0349393 0.0340644 0.0349251 0.0310046 0.0317711 0.0317711 0.0332970 0.0340985 0.0325974 0.0350133 0.0326305 0.0333468 0.0325628 0.0341140 0.0341151 0.0340821 0.0325999 0.0334053 0.0318220 0.0333546 0.0318183 0.0325592 0.0310053 0.0326389 0.0309932 0.0325587 0.0325873 0.0310431 0.0317836 0.0317632 0.0322055 0.0317585 0.0303989 0.0310258 0.0294639 0.0294639 0.0288841 0.0287095 0.0287095 
AJ271757.1_Symbiodinium_sp.                                        0.0711882 0.0609243 0.0347993 0.0349311 0.0333774 0.0100074 0.0078320 0.0100001 0.0063895 0.0092818 0.0100249 0.0078515 0.0049678 0.0000000 0.0028302 0.0021193 0.0021193 0.0085894 0.0092724 0.0085739 0.0071176 0.0085652 0.0078473 0.0064052 0.0064076 0.0056830 0.0056906 0.0056941 0.0049744 0.0049674 0.0049669 0.0049669 0.0050283 0.0042568 0.0042536 0.0042536 0.0043225 0.0405115 0.0365951 0.0364977 0.0357208 0.0357208 0.0347632 0.0342476 0.0349791 0.0349549 0.0341644 0.0341492 0.0341492 0.0345897 0.0264722 0.0271960 0.0316910 0.0263843 0.0301886 0.0282459 0.0404844 0.0428460 0.0404275 0.0371774 0.0418160 0.0420008 0.0405159 0.0427789 0.0420967 0.0411916 0.0412355 0.0419129 0.0412846 0.0428642 0.0419965 0.0403027 0.0396277 0.0349425 0.0349075 0.0349786 0.0349786 0.0372927 0.0380728 0.0372149 0.0348742 0.0350279 0.0364616 0.0356988 0.0357903 0.0333380 0.0349329 0.0348730 0.0319393 0.0341339 0.0348697 0.0341515 0.0332807 0.0341375 0.0302270 0.0309919 0.0309919 0.0325149 0.0333139 0.0318151 0.0342237 0.0318473 0.0325634 0.0317813 0.0333290 0.0333301 0.0332979 0.0318175 0.0326204 0.0310414 0.0325710 0.0310378 0.0317779 0.0302277 0.0318555 0.0302159 0.0317773 0.0318052 0.0302645 0.0310041 0.0309842 0.0314152 0.0309797 0.0296186 0.0302476 0.0286899 0.0286899 0.0281065 0.0279369 0.0279369 
AB863030.1_Symbiodinium_sp.                                        0.0694809 0.0592775 0.0332274 0.0333866 0.0318386 0.0085633 0.0063973 0.0085571 0.0049613 0.0078406 0.0085783 0.0064132 0.0035425 0.0028302 0.0000000 0.0007046 0.0007046 0.0071458 0.0078327 0.0071329 0.0056845 0.0071256 0.0064097 0.0049735 0.0049753 0.0042551 0.0042608 0.0042634 0.0035471 0.0035422 0.0035418 0.0035418 0.0035856 0.0028331 0.0028310 0.0028310 0.0028768 0.0389432 0.0350403 0.0349474 0.0341732 0.0341732 0.0331932 0.0326675 0.0334326 0.0334095 0.0326225 0.0326079 0.0326079 0.0330280 0.0249585 0.0256817 0.0301652 0.0248758 0.0286666 0.0267129 0.0389173 0.0412708 0.0388626 0.0356288 0.0402532 0.0404305 0.0389474 0.0412062 0.0405224 0.0396250 0.0396670 0.0403462 0.0404906 0.0412882 0.0404264 0.0387430 0.0380664 0.0333976 0.0333642 0.0334321 0.0334321 0.0357388 0.0365163 0.0356645 0.0333325 0.0334790 0.0349128 0.0341523 0.0342395 0.0318013 0.0333886 0.0333314 0.0304008 0.0325934 0.0333283 0.0326102 0.0317469 0.0325968 0.0287031 0.0294654 0.0294654 0.0309835 0.0317784 0.0302830 0.0326790 0.0303136 0.0310296 0.0302509 0.0317928 0.0317939 0.0317632 0.0302852 0.0310838 0.0295122 0.0310368 0.0295089 0.0302476 0.0287037 0.0303213 0.0286926 0.0302471 0.0302735 0.0287385 0.0294768 0.0294579 0.0298671 0.0294538 0.0280890 0.0287226 0.0271718 0.0271718 0.0265811 0.0264210 0.0264210 
AB016579.1_Symbiodinium_sp.                                        0.0685664 0.0584046 0.0324163 0.0325894 0.0310457 0.0078372 0.0056774 0.0078315 0.0042457 0.0071165 0.0078509 0.0056915 0.0028295 0.0021193 0.0007046 0.0000000 0.0000010 0.0064209 0.0071093 0.0064094 0.0049660 0.0064029 0.0056885 0.0042562 0.0042577 0.0035403 0.0035450 0.0035471 0.0028332 0.0028292 0.0028290 0.0028290 0.0028639 0.0021214 0.0021198 0.0021198 0.0021541 0.0381291 0.0342365 0.0341459 0.0333737 0.0333737 0.0323831 0.0318527 0.0326343 0.0326118 0.0318273 0.0318131 0.0318131 0.0322222 0.0241841 0.0249064 0.0293803 0.0241041 0.0278850 0.0259272 0.0381037 0.0404510 0.0380503 0.0348276 0.0394407 0.0396140 0.0381332 0.0403879 0.0397039 0.0388111 0.0388521 0.0395317 0.0396728 0.0404680 0.0396101 0.0379334 0.0372566 0.0326002 0.0325677 0.0326338 0.0326338 0.0349349 0.0357103 0.0348624 0.0325368 0.0326795 0.0341121 0.0333534 0.0334384 0.0310095 0.0325915 0.0325358 0.0296092 0.0317990 0.0325327 0.0318153 0.0309565 0.0318023 0.0279204 0.0286807 0.0286807 0.0301951 0.0309873 0.0294948 0.0318823 0.0295245 0.0302399 0.0294635 0.0310012 0.0310022 0.0309724 0.0294969 0.0302926 0.0287261 0.0302469 0.0287229 0.0294604 0.0279209 0.0295320 0.0279101 0.0294599 0.0294855 0.0279548 0.0286918 0.0286734 0.0290710 0.0286694 0.0273039 0.0279393 0.0263933 0.0263933 0.0257994 0.0256443 0.0256443 
AB016572.1_Symbiodinium_sp.                                        0.0685664 0.0584046 0.0324163 0.0325894 0.0310457 0.0078372 0.0056774 0.0078315 0.0042457 0.0071165 0.0078509 0.0056915 0.0028295 0.0021193 0.0007046 0.0000010 0.0000000 0.0064209 0.0071093 0.0064094 0.0049660 0.0064029 0.0056885 0.0042562 0.0042577 0.0035403 0.0035450 0.0035471 0.0028332 0.0028292 0.0028290 0.0028290 0.0028639 0.0021214 0.0021198 0.0021198 0.0021541 0.0381291 0.0342365 0.0341459 0.0333737 0.0333737 0.0323831 0.0318527 0.0326343 0.0326118 0.0318273 0.0318131 0.0318131 0.0322222 0.0241841 0.0249064 0.0293803 0.0241041 0.0278850 0.0259272 0.0381037 0.0404510 0.0380503 0.0348276 0.0394407 0.0396140 0.0381332 0.0403879 0.0397039 0.0388111 0.0388521 0.0395317 0.0396728 0.0404680 0.0396101 0.0379334 0.0372566 0.0326002 0.0325677 0.0326338 0.0326338 0.0349349 0.0357103 0.0348624 0.0325368 0.0326795 0.0341121 0.0333534 0.0334384 0.0310095 0.0325915 0.0325358 0.0296092 0.0317990 0.0325327 0.0318153 0.0309565 0.0318023 0.0279204 0.0286807 0.0286807 0.0301951 0.0309873 0.0294948 0.0318823 0.0295245 0.0302399 0.0294635 0.0310012 0.0310022 0.0309724 0.0294969 0.0302926 0.0287261 0.0302469 0.0287229 0.0294604 0.0279209 0.0295320 0.0279101 0.0294599 0.0294855 0.0279548 0.0286918 0.0286734 0.0290710 0.0286694 0.0273039 0.0279393 0.0263933 0.0263933 0.0257994 0.0256443 0.0256443 
L13717.1_Symbiodinium_corculorum                                   0.0663448 0.0603282 0.0332921 0.0327504 0.0311986 0.0144408 0.0122255 0.0085844 0.0107549 0.0078657 0.0014194 0.0064337 0.0093175 0.0085894 0.0071458 0.0064209 0.0064209 0.0000000 0.0021263 0.0014199 0.0014166 0.0014185 0.0064302 0.0049893 0.0049911 0.0057001 0.0042743 0.0042770 0.0035584 0.0049823 0.0035531 0.0035531 0.0035971 0.0042696 0.0042663 0.0042663 0.0043357 0.0375445 0.0344064 0.0343149 0.0335387 0.0335387 0.0325457 0.0311973 0.0327956 0.0327729 0.0319843 0.0319699 0.0319699 0.0323832 0.0250400 0.0257655 0.0318073 0.0249567 0.0302993 0.0283505 0.0406353 0.0430060 0.0405779 0.0373149 0.0419712 0.0421573 0.0406670 0.0429384 0.0422539 0.0413450 0.0413891 0.0420688 0.0422204 0.0430244 0.0413539 0.0404522 0.0397751 0.0350718 0.0350365 0.0366581 0.0366581 0.0374311 0.0382142 0.0373527 0.0350029 0.0351579 0.0365966 0.0358309 0.0359231 0.0334609 0.0350621 0.0350018 0.0320574 0.0327004 0.0349984 0.0327375 0.0334032 0.0342636 0.0288143 0.0280580 0.0280580 0.0326345 0.0334367 0.0319323 0.0343504 0.0319648 0.0326834 0.0318983 0.0334519 0.0334530 0.0334206 0.0319347 0.0327408 0.0311557 0.0326910 0.0296055 0.0318948 0.0303387 0.0319730 0.0303268 0.0318943 0.0319223 0.0303757 0.0311180 0.0310980 0.0315322 0.0310935 0.0297278 0.0303588 0.0287950 0.0287950 0.0282101 0.0280392 0.0280392 
AB055918.1_Symbiodinium_sp.                                        0.0668690 0.0608651 0.0339209 0.0333710 0.0318238 0.0151089 0.0128987 0.0092671 0.0114314 0.0085506 0.0035452 0.0071234 0.0099988 0.0092724 0.0078327 0.0071093 0.0071093 0.0021263 0.0000000 0.0021225 0.0021176 0.0021204 0.0071196 0.0056821 0.0056842 0.0063902 0.0049693 0.0049723 0.0042552 0.0056741 0.0042488 0.0042488 0.0043013 0.0049637 0.0049600 0.0049600 0.0050404 0.0389247 0.0350238 0.0349310 0.0341572 0.0341572 0.0331775 0.0318375 0.0334169 0.0333939 0.0326073 0.0325927 0.0325927 0.0330124 0.0256824 0.0264050 0.0324275 0.0255974 0.0309245 0.0289889 0.0412328 0.0435961 0.0411748 0.0379199 0.0425611 0.0427493 0.0412649 0.0435278 0.0428470 0.0419391 0.0419838 0.0426598 0.0428130 0.0436147 0.0427448 0.0410476 0.0403741 0.0356852 0.0356494 0.0372671 0.0372671 0.0380376 0.0388183 0.0379582 0.0356154 0.0357726 0.0372049 0.0364417 0.0365351 0.0340781 0.0356754 0.0356142 0.0326816 0.0348753 0.0356108 0.0333578 0.0340196 0.0348790 0.0294449 0.0286910 0.0286910 0.0332533 0.0340536 0.0325544 0.0349670 0.0325875 0.0333029 0.0325199 0.0340691 0.0340702 0.0340373 0.0325570 0.0333612 0.0317801 0.0333107 0.0302342 0.0325163 0.0309646 0.0325959 0.0309525 0.0325158 0.0325444 0.0310022 0.0317418 0.0317214 0.0321626 0.0317168 0.0295998 0.0309850 0.0294252 0.0294252 0.0288459 0.0286718 0.0286718 
X62650.1_S.pilosum                                                 0.0662175 0.0602145 0.0332299 0.0326902 0.0311414 0.0144149 0.0122035 0.0085690 0.0107354 0.0078515 0.0028410 0.0064221 0.0093007 0.0085739 0.0071329 0.0064094 0.0064094 0.0014199 0.0021225 0.0000000 0.0014141 0.0014160 0.0064187 0.0049804 0.0049822 0.0056899 0.0042667 0.0042693 0.0035521 0.0049734 0.0035467 0.0035467 0.0035906 0.0042619 0.0042587 0.0042587 0.0043279 0.0382484 0.0343429 0.0342518 0.0334770 0.0334770 0.0324849 0.0311386 0.0327353 0.0327127 0.0319255 0.0319112 0.0319112 0.0323229 0.0249943 0.0257185 0.0317492 0.0249113 0.0302440 0.0282982 0.0405601 0.0429263 0.0405030 0.0372463 0.0418939 0.0420793 0.0405917 0.0428590 0.0421756 0.0412686 0.0413126 0.0419912 0.0421422 0.0429446 0.0420750 0.0403777 0.0397016 0.0350072 0.0349721 0.0365905 0.0365905 0.0373620 0.0381437 0.0372839 0.0349387 0.0350930 0.0365292 0.0357650 0.0358568 0.0333995 0.0349976 0.0349375 0.0319984 0.0341970 0.0349342 0.0326773 0.0333420 0.0342007 0.0287617 0.0280068 0.0280068 0.0325747 0.0333754 0.0318737 0.0342872 0.0319061 0.0326234 0.0318399 0.0333906 0.0333917 0.0333593 0.0318762 0.0326807 0.0310986 0.0326310 0.0295513 0.0318364 0.0302832 0.0319143 0.0302714 0.0318358 0.0318638 0.0303201 0.0310611 0.0310411 0.0314737 0.0310366 0.0296732 0.0303032 0.0287424 0.0287424 0.0281583 0.0279880 0.0279880 
AB016723.1_Symbiodinium_sp.                                        0.0660408 0.0600577 0.0331461 0.0310794 0.0295399 0.0129229 0.0107254 0.0071135 0.0092684 0.0063994 0.0028344 0.0049758 0.0078397 0.0071176 0.0056845 0.0049660 0.0049660 0.0014166 0.0021176 0.0014141 0.0000000 0.0014127 0.0049732 0.0035438 0.0035451 0.0042511 0.0028336 0.0028353 0.0021231 0.0035388 0.0021199 0.0021199 0.0021460 0.0028304 0.0028283 0.0028283 0.0028740 0.0381524 0.0342573 0.0341666 0.0333939 0.0333939 0.0324030 0.0310598 0.0326540 0.0326315 0.0318464 0.0318322 0.0318322 0.0322419 0.0234310 0.0241529 0.0301525 0.0233535 0.0286546 0.0267016 0.0389005 0.0412530 0.0388459 0.0356136 0.0402359 0.0404131 0.0389307 0.0411885 0.0405049 0.0396080 0.0396499 0.0403289 0.0404731 0.0412704 0.0404090 0.0387264 0.0380501 0.0333834 0.0333500 0.0349562 0.0349562 0.0357235 0.0365007 0.0356493 0.0333183 0.0334647 0.0348979 0.0341377 0.0342249 0.0317879 0.0333744 0.0333173 0.0303879 0.0325796 0.0333141 0.0310675 0.0317334 0.0325830 0.0271785 0.0279380 0.0279380 0.0309704 0.0317650 0.0302702 0.0326650 0.0303007 0.0310164 0.0302381 0.0317793 0.0317804 0.0317497 0.0302724 0.0310706 0.0294997 0.0310236 0.0279622 0.0302348 0.0286916 0.0303084 0.0286805 0.0302343 0.0302607 0.0287264 0.0294644 0.0294455 0.0298543 0.0294413 0.0280771 0.0287105 0.0271604 0.0271604 0.0265699 0.0264099 0.0264099 
AB016724.1_Symbiodinium_sp.                                        0.0661446 0.0601495 0.0331944 0.0326558 0.0311086 0.0144001 0.0121910 0.0085603 0.0107245 0.0078435 0.0028381 0.0064156 0.0092912 0.0085652 0.0071256 0.0064029 0.0064029 0.0014185 0.0021204 0.0014160 0.0014127 0.0000000 0.0064121 0.0049753 0.0049771 0.0056841 0.0042623 0.0042650 0.0035485 0.0049683 0.0035431 0.0035431 0.0035869 0.0042576 0.0042544 0.0042544 0.0043234 0.0382079 0.0343066 0.0342157 0.0334418 0.0334418 0.0324501 0.0311051 0.0327008 0.0326782 0.0318920 0.0318777 0.0318777 0.0322885 0.0249682 0.0256917 0.0317160 0.0248854 0.0302123 0.0282683 0.0405171 0.0428808 0.0404601 0.0372071 0.0418497 0.0420347 0.0405487 0.0428135 0.0421308 0.0412249 0.0412688 0.0419468 0.0420974 0.0428990 0.0420304 0.0403351 0.0396596 0.0349703 0.0349353 0.0365519 0.0365519 0.0373226 0.0381034 0.0372447 0.0349019 0.0350559 0.0364907 0.0357273 0.0358190 0.0333644 0.0349608 0.0349007 0.0319647 0.0341611 0.0348974 0.0326430 0.0333071 0.0341647 0.0287316 0.0279775 0.0279775 0.0325406 0.0333403 0.0318403 0.0342510 0.0318726 0.0325892 0.0318065 0.0333555 0.0333566 0.0333243 0.0318427 0.0326463 0.0310659 0.0325968 0.0295204 0.0318030 0.0302515 0.0318807 0.0302397 0.0318025 0.0318303 0.0302883 0.0310285 0.0310086 0.0314403 0.0310041 0.0296420 0.0302715 0.0287124 0.0287124 0.0281287 0.0279588 0.0279588 
KU188515.1_Symbiodinium_sp.                                        0.0686169 0.0626116 0.0356181 0.0334289 0.0318790 0.0136725 0.0114668 0.0078428 0.0100043 0.0071268 0.0078623 0.0056912 0.0085720 0.0078473 0.0064097 0.0056885 0.0056885 0.0064302 0.0071196 0.0064187 0.0049732 0.0064121 0.0000000 0.0042559 0.0042575 0.0049710 0.0035448 0.0035469 0.0028330 0.0042564 0.0028330 0.0028330 0.0028680 0.0035462 0.0035435 0.0035435 0.0028781 0.0389927 0.0350848 0.0349917 0.0342165 0.0342165 0.0324510 0.0319199 0.0334750 0.0334518 0.0326638 0.0326492 0.0326492 0.0330703 0.0242198 0.0249431 0.0309602 0.0241396 0.0294582 0.0275082 0.0397425 0.0421025 0.0396866 0.0364411 0.0410774 0.0412588 0.0397734 0.0420366 0.0413529 0.0404506 0.0404936 0.0411726 0.0413203 0.0421204 0.0412546 0.0395641 0.0388877 0.0342057 0.0341715 0.0357843 0.0357843 0.0365540 0.0373336 0.0364777 0.0341389 0.0342893 0.0357245 0.0349620 0.0350516 0.0326036 0.0341964 0.0341378 0.0312026 0.0333985 0.0341345 0.0334157 0.0325476 0.0334020 0.0294957 0.0302601 0.0302601 0.0317822 0.0325801 0.0310814 0.0334863 0.0311129 0.0318296 0.0310484 0.0325948 0.0325959 0.0325644 0.0310837 0.0318853 0.0303083 0.0318370 0.0287654 0.0310450 0.0294963 0.0311208 0.0294848 0.0310445 0.0310717 0.0295322 0.0302719 0.0302524 0.0306734 0.0302481 0.0288839 0.0295158 0.0279598 0.0279598 0.0273723 0.0272071 0.0272071 
KU188511.1_Symbiodinium_sp.                                        0.0668632 0.0609090 0.0340156 0.0318635 0.0303204 0.0122036 0.0100095 0.0064016 0.0085547 0.0056878 0.0064174 0.0042582 0.0071263 0.0064052 0.0049735 0.0042562 0.0042562 0.0049893 0.0056821 0.0049804 0.0035438 0.0049753 0.0042559 0.0000000 0.0028316 0.0035423 0.0021218 0.0021231 0.0014131 0.0028308 0.0014131 0.0014131 0.0014306 0.0021226 0.0021210 0.0021210 0.0021552 0.0373988 0.0335077 0.0334191 0.0326472 0.0326472 0.0316449 0.0311091 0.0319074 0.0318854 0.0311015 0.0310876 0.0310876 0.0314877 0.0226959 0.0234181 0.0294132 0.0226209 0.0279161 0.0259565 0.0381468 0.0404968 0.0380933 0.0348668 0.0394851 0.0396587 0.0381764 0.0404335 0.0397488 0.0388549 0.0388960 0.0395763 0.0397176 0.0405138 0.0396548 0.0379761 0.0372986 0.0326369 0.0326044 0.0342076 0.0342076 0.0349742 0.0357506 0.0349016 0.0325734 0.0327163 0.0341505 0.0333909 0.0327118 0.0310444 0.0326281 0.0325724 0.0296426 0.0318347 0.0325693 0.0318511 0.0309912 0.0318380 0.0279517 0.0287128 0.0287128 0.0302290 0.0310220 0.0295279 0.0319182 0.0295576 0.0302738 0.0294966 0.0310360 0.0310371 0.0310071 0.0295300 0.0303267 0.0287583 0.0302808 0.0272228 0.0294934 0.0279522 0.0295652 0.0279414 0.0294929 0.0295186 0.0279861 0.0287239 0.0287055 0.0291041 0.0287015 0.0273346 0.0279706 0.0264229 0.0264229 0.0258285 0.0256730 0.0256730 
KU188514.1_Symbiodinium_sp.                                        0.0668934 0.0609356 0.0340296 0.0318762 0.0303326 0.0122082 0.0100131 0.0064039 0.0085578 0.0056899 0.0064197 0.0042597 0.0071289 0.0064076 0.0049753 0.0042577 0.0042577 0.0049911 0.0056842 0.0049822 0.0035451 0.0049771 0.0042575 0.0028316 0.0000000 0.0035435 0.0021226 0.0021239 0.0014137 0.0028318 0.0014137 0.0014137 0.0014311 0.0021234 0.0021218 0.0021218 0.0021552 0.0374141 0.0335213 0.0334326 0.0326603 0.0326603 0.0316578 0.0311218 0.0319202 0.0318982 0.0311140 0.0311001 0.0311001 0.0315004 0.0227048 0.0234272 0.0294248 0.0226297 0.0279272 0.0259668 0.0381624 0.0405135 0.0381089 0.0348809 0.0395012 0.0396750 0.0381920 0.0404502 0.0397652 0.0388709 0.0389120 0.0395925 0.0397340 0.0405305 0.0396711 0.0379916 0.0373138 0.0326501 0.0326175 0.0342214 0.0342214 0.0349884 0.0357651 0.0349157 0.0325865 0.0327295 0.0341643 0.0334044 0.0334896 0.0310568 0.0326413 0.0325854 0.0296544 0.0318475 0.0325824 0.0318639 0.0310036 0.0318508 0.0279627 0.0287242 0.0287242 0.0302410 0.0310344 0.0295397 0.0319310 0.0295694 0.0302859 0.0295083 0.0310484 0.0310494 0.0310195 0.0295418 0.0303388 0.0287698 0.0302929 0.0272335 0.0295052 0.0279632 0.0295770 0.0279524 0.0295046 0.0295303 0.0279972 0.0287353 0.0287169 0.0291157 0.0287129 0.0273455 0.0279817 0.0264333 0.0264333 0.0258387 0.0256831 0.0256831 
AF238256.1_Symbiodinium_sp._Type_A                                 0.0676851 0.0600293 0.0331976 0.0325942 0.0310502 0.0114646 0.0092774 0.0071104 0.0078274 0.0063966 0.0071280 0.0049737 0.0064019 0.0056830 0.0042551 0.0035403 0.0035403 0.0057001 0.0063902 0.0056899 0.0042511 0.0056841 0.0049710 0.0035423 0.0035435 0.0000000 0.0028323 0.0028341 0.0021222 0.0021192 0.0021190 0.0021190 0.0021451 0.0014125 0.0014114 0.0014114 0.0014340 0.0381349 0.0342416 0.0341510 0.0333787 0.0333787 0.0323880 0.0318575 0.0326391 0.0326166 0.0318319 0.0318177 0.0318177 0.0322270 0.0234204 0.0241421 0.0301389 0.0233430 0.0286416 0.0266894 0.0388827 0.0412340 0.0388281 0.0355974 0.0402175 0.0403945 0.0389128 0.0411696 0.0404863 0.0395898 0.0396317 0.0403104 0.0404545 0.0412513 0.0403904 0.0387087 0.0380327 0.0333682 0.0333349 0.0349402 0.0349402 0.0357072 0.0364840 0.0356331 0.0333032 0.0334494 0.0348820 0.0341222 0.0342092 0.0317734 0.0333592 0.0333021 0.0303740 0.0325647 0.0332990 0.0325815 0.0317190 0.0325682 0.0286780 0.0294396 0.0294396 0.0309564 0.0317506 0.0302565 0.0326502 0.0302870 0.0310024 0.0302244 0.0317649 0.0317660 0.0317354 0.0302586 0.0310565 0.0294864 0.0310095 0.0279496 0.0302211 0.0286786 0.0302947 0.0286675 0.0302206 0.0302470 0.0287134 0.0294511 0.0294322 0.0298406 0.0294280 0.0280644 0.0286975 0.0271481 0.0271481 0.0265579 0.0263980 0.0263980 
KU188513.1_Symbiodinium_sp.                                        0.0660457 0.0601102 0.0332429 0.0311069 0.0295661 0.0114798 0.0092897 0.0056873 0.0078378 0.0049743 0.0057014 0.0035466 0.0064104 0.0056906 0.0042608 0.0035450 0.0035450 0.0042743 0.0049693 0.0042667 0.0028336 0.0042623 0.0035448 0.0021218 0.0021226 0.0028323 0.0000000 0.0014147 0.0007056 0.0021220 0.0007056 0.0007056 0.0007149 0.0014143 0.0014133 0.0014133 0.0014361 0.0366329 0.0327468 0.0326603 0.0318894 0.0318894 0.0308759 0.0303349 0.0311498 0.0311284 0.0303459 0.0303324 0.0303324 0.0307226 0.0219527 0.0226748 0.0286636 0.0218802 0.0271680 0.0252022 0.0373805 0.0397275 0.0373281 0.0341082 0.0387214 0.0388915 0.0374095 0.0396655 0.0389797 0.0380892 0.0381294 0.0388108 0.0389492 0.0397442 0.0388877 0.0372134 0.0365348 0.0318794 0.0318476 0.0334474 0.0334474 0.0342132 0.0349885 0.0341422 0.0318174 0.0319568 0.0333916 0.0326328 0.0327159 0.0302902 0.0318708 0.0318164 0.0288870 0.0310789 0.0318134 0.0310950 0.0302384 0.0310822 0.0272026 0.0279627 0.0279627 0.0294771 0.0302684 0.0287754 0.0311604 0.0288043 0.0295208 0.0287448 0.0302820 0.0302831 0.0302539 0.0287774 0.0295722 0.0280069 0.0295276 0.0264738 0.0287418 0.0272030 0.0288116 0.0271925 0.0287413 0.0287663 0.0272361 0.0279735 0.0279556 0.0283435 0.0279517 0.0265825 0.0272209 0.0256760 0.0256760 0.0250778 0.0249269 0.0249269 
KU188510.1_Symbiodinium_sp.                                        0.0660943 0.0601532 0.0332655 0.0311276 0.0295857 0.0114871 0.0092955 0.0056908 0.0078426 0.0049773 0.0057049 0.0035488 0.0064143 0.0056941 0.0042634 0.0035471 0.0035471 0.0042770 0.0049723 0.0042693 0.0028353 0.0042650 0.0035469 0.0021231 0.0021239 0.0028341 0.0014147 0.0000000 0.0007066 0.0021233 0.0007066 0.0007066 0.0007153 0.0014152 0.0014141 0.0014141 0.0014361 0.0366576 0.0327688 0.0326822 0.0319107 0.0319107 0.0308968 0.0303555 0.0311706 0.0311492 0.0303661 0.0303525 0.0303525 0.0307432 0.0219670 0.0226896 0.0286825 0.0218944 0.0271858 0.0252189 0.0374058 0.0397546 0.0373533 0.0341311 0.0387475 0.0389179 0.0374348 0.0396924 0.0390062 0.0381150 0.0381552 0.0388371 0.0389757 0.0397712 0.0389141 0.0372385 0.0365595 0.0319006 0.0318688 0.0334698 0.0334698 0.0342361 0.0350120 0.0341651 0.0318385 0.0319782 0.0334139 0.0326546 0.0327379 0.0303103 0.0318921 0.0318375 0.0289062 0.0310996 0.0318345 0.0311157 0.0302584 0.0311029 0.0272205 0.0279811 0.0279811 0.0294965 0.0302885 0.0287944 0.0311812 0.0288234 0.0295403 0.0287638 0.0303021 0.0303031 0.0302739 0.0287964 0.0295919 0.0280254 0.0295471 0.0264912 0.0287608 0.0272209 0.0288307 0.0272104 0.0287603 0.0287853 0.0272540 0.0279919 0.0279740 0.0283625 0.0279701 0.0266000 0.0272389 0.0256929 0.0256929 0.0250944 0.0249433 0.0249433 
KU188509.1_Symbiodinium_sp.                                        0.0651891 0.0592772 0.0324535 0.0303351 0.0287974 0.0107507 0.0085667 0.0049715 0.0071182 0.0042595 0.0049838 0.0028345 0.0056925 0.0049744 0.0035471 0.0028332 0.0028332 0.0035584 0.0042552 0.0035521 0.0021231 0.0035485 0.0028330 0.0014131 0.0014137 0.0021222 0.0007056 0.0007066 0.0000000 0.0014133 0.0000010 0.0000010 0.0000010 0.0007060 0.0007056 0.0007056 0.0007177 0.0358483 0.0319697 0.0318854 0.0311160 0.0311160 0.0300915 0.0295456 0.0303770 0.0303562 0.0295755 0.0295624 0.0295624 0.0299423 0.0211995 0.0219212 0.0279004 0.0211295 0.0264069 0.0244360 0.0365952 0.0389378 0.0365439 0.0333328 0.0379380 0.0381044 0.0366235 0.0388770 0.0381906 0.0373040 0.0373433 0.0380255 0.0381608 0.0389540 0.0381007 0.0364318 0.0357526 0.0311061 0.0310752 0.0326706 0.0326706 0.0334351 0.0342090 0.0333659 0.0310457 0.0311815 0.0326161 0.0318586 0.0319396 0.0295213 0.0310978 0.0310448 0.0281175 0.0303080 0.0310418 0.0303237 0.0294709 0.0303112 0.0264405 0.0271993 0.0271993 0.0287110 0.0295001 0.0280090 0.0303873 0.0280371 0.0287534 0.0279793 0.0295133 0.0295144 0.0294860 0.0280109 0.0288035 0.0272422 0.0287600 0.0257122 0.0279764 0.0264409 0.0280442 0.0264308 0.0279759 0.0280001 0.0264730 0.0272097 0.0271923 0.0275693 0.0271885 0.0258178 0.0264584 0.0249172 0.0249172 0.0243155 0.0241693 0.0241693 
