130
GU362426_Gymnodinium_catenatum                                     0.0000000 0.0454806 0.0659515 0.0706874 0.0689720 0.0774788 0.0756189 0.0694944 0.0737841 0.0650095 0.0680524 0.0687500 0.0721666 0.0712820 0.0695708 0.0686542 0.0686542 0.0664290 0.0669535 0.0663032 0.0661237 0.0662299 0.0687056 0.0669475 0.0669780 0.0677715 0.0661285 0.0661773 0.0652701 0.0669041 0.0652173 0.0652173 0.0661041 0.0660985 0.0660450 0.0660450 0.0654779 0.0736640 0.0675465 0.0673505 0.0665061 0.0665061 0.0659945 0.0666659 0.0666622 0.0656823 0.0657303 0.0665859 0.0665859 0.0674882 0.0631134 0.0629450 0.0679251 0.0637069 0.0663037 0.0646028 0.0744057 0.0769894 0.0742915 0.0696665 0.0696014 0.0751738 0.0733800 0.0768622 0.0762105 0.0751086 0.0743537 0.0732527 0.0735415 0.0770470 0.0743078 0.0740441 0.0716555 0.0698574 0.0697810 0.0698878 0.0698878 0.0725628 0.0708722 0.0706448 0.0697895 0.0709704 0.0681977 0.0707451 0.0709473 0.0636934 0.0699186 0.0697846 0.0666889 0.0690123 0.0681038 0.0658173 0.0671518 0.0681272 0.0605032 0.0596899 0.0596899 0.0671430 0.0680536 0.0664504 0.0692062 0.0665284 0.0680970 0.0663814 0.0680921 0.0680908 0.0680206 0.0673170 0.0665557 0.0656008 0.0672735 0.0613523 0.0663707 0.0663078 0.0665476 0.0646185 0.0638690 0.0664362 0.0620818 0.0655116 0.0654676 0.0664271 0.0654535 0.0641628 0.0646926 0.0629425 0.0629425 0.0633749 0.0637781 0.0637781 
EF492511                                                           0.0454806 0.0000000 0.0450993 0.0639154 0.0622472 0.0677897 0.0651627 0.0633986 0.0634083 0.0615485 0.0619736 0.0627160 0.0618365 0.0609858 0.0593361 0.0584616 0.0584616 0.0603893 0.0609264 0.0602770 0.0601178 0.0602117 0.0626766 0.0609703 0.0609973 0.0600896 0.0601704 0.0602136 0.0593360 0.0592507 0.0592417 0.0592417 0.0600306 0.0584657 0.0584193 0.0584193 0.0577124 0.0666285 0.0607025 0.0605323 0.0580927 0.0580927 0.0574237 0.0579940 0.0615178 0.0589102 0.0606168 0.0597808 0.0597808 0.0605737 0.0532230 0.0521562 0.0538053 0.0513973 0.0522422 0.0504570 0.0681921 0.0707041 0.0680897 0.0620543 0.0628600 0.0656479 0.0655638 0.0689340 0.0682810 0.0672381 0.0656203 0.0654541 0.0657043 0.0690952 0.0664560 0.0662263 0.0655333 0.0639067 0.0638386 0.0647893 0.0647893 0.0647671 0.0647647 0.0629299 0.0637309 0.0632517 0.0621913 0.0630173 0.0623651 0.0587102 0.0622133 0.0612754 0.0591059 0.0613405 0.0620916 0.0582236 0.0579020 0.0604870 0.0531025 0.0523115 0.0523115 0.0595479 0.0604238 0.0588606 0.0615084 0.0589274 0.0604612 0.0588003 0.0604566 0.0604558 0.0595767 0.0588700 0.0589503 0.0580368 0.0588421 0.0554330 0.0587916 0.0587371 0.0589438 0.0571000 0.0579743 0.0588473 0.0546703 0.0579603 0.0563126 0.0571191 0.0579107 0.0566171 0.0571640 0.0554750 0.0554750 0.0558470 0.0562855 0.0562855 
JF791031                                                           0.0659515 0.0450993 0.0000000 0.0418009 0.0401976 0.0404186 0.0387942 0.0379673 0.0371552 0.0354628 0.0348438 0.0356606 0.0355956 0.0348194 0.0332459 0.0324340 0.0324340 0.0333109 0.0339400 0.0332495 0.0331646 0.0332139 0.0356394 0.0340350 0.0340491 0.0332164 0.0332616 0.0332843 0.0324714 0.0324243 0.0324201 0.0324201 0.0328453 0.0316619 0.0316369 0.0316369 0.0313800 0.0442550 0.0402525 0.0401430 0.0393495 0.0393495 0.0392425 0.0379249 0.0393806 0.0385683 0.0385408 0.0377420 0.0377420 0.0382370 0.0322225 0.0336987 0.0375433 0.0336488 0.0360075 0.0340831 0.0449522 0.0473636 0.0448856 0.0407768 0.0431365 0.0440836 0.0449621 0.0472598 0.0465757 0.0456372 0.0456859 0.0455527 0.0457211 0.0473842 0.0464615 0.0455820 0.0449054 0.0409128 0.0408706 0.0417540 0.0417540 0.0392516 0.0424539 0.0408461 0.0400239 0.0402346 0.0416553 0.0408761 0.0394066 0.0384527 0.0400951 0.0376639 0.0362529 0.0392294 0.0384296 0.0377844 0.0376060 0.0392758 0.0329281 0.0321594 0.0321594 0.0376005 0.0384232 0.0361188 0.0393770 0.0369343 0.0368813 0.0368560 0.0384425 0.0384427 0.0360668 0.0368986 0.0369486 0.0376654 0.0361057 0.0368732 0.0352853 0.0337011 0.0369440 0.0352464 0.0368503 0.0368845 0.0337287 0.0360573 0.0360340 0.0356994 0.0360282 0.0346638 0.0352853 0.0336842 0.0336842 0.0339060 0.0329149 0.0329149 
AY160124.1_Symbiodinium_sp._G15                                    0.0706874 0.0639154 0.0418009 0.0000000 0.0014078 0.0397086 0.0388548 0.0357264 0.0372445 0.0332853 0.0342759 0.0334670 0.0357401 0.0349498 0.0334038 0.0326059 0.0326059 0.0327683 0.0333892 0.0327089 0.0310956 0.0326743 0.0334476 0.0318803 0.0318932 0.0326119 0.0311232 0.0311439 0.0303507 0.0318349 0.0303037 0.0303037 0.0306933 0.0310865 0.0310624 0.0310624 0.0300157 0.0402746 0.0363794 0.0362831 0.0355107 0.0355107 0.0345516 0.0348846 0.0355379 0.0347492 0.0347250 0.0339483 0.0339483 0.0343838 0.0309215 0.0339049 0.0361471 0.0315713 0.0346393 0.0327360 0.0434512 0.0458185 0.0433879 0.0408874 0.0439828 0.0457456 0.0450431 0.0465269 0.0458521 0.0449309 0.0433846 0.0456478 0.0458141 0.0457340 0.0457415 0.0440277 0.0433603 0.0402250 0.0401843 0.0401870 0.0401870 0.0417994 0.0410258 0.0409297 0.0378101 0.0403286 0.0401745 0.0394100 0.0395138 0.0331883 0.0386435 0.0385744 0.0356452 0.0386189 0.0385711 0.0356103 0.0354450 0.0378409 0.0308623 0.0316255 0.0316255 0.0362012 0.0370069 0.0355059 0.0379367 0.0370808 0.0370284 0.0354694 0.0370251 0.0370253 0.0362262 0.0355096 0.0363210 0.0347295 0.0362653 0.0354949 0.0354654 0.0339058 0.0355525 0.0338920 0.0354640 0.0354962 0.0331718 0.0346865 0.0346644 0.0351472 0.0346589 0.0333131 0.0339287 0.0323595 0.0323595 0.0317930 0.0316044 0.0316044 
HE653239_Symbiodinium_voratum                                      0.0689720 0.0622472 0.0401976 0.0014078 0.0000000 0.0381319 0.0372842 0.0341681 0.0356821 0.0317417 0.0327186 0.0319145 0.0341813 0.0333945 0.0318543 0.0310606 0.0310606 0.0312150 0.0318404 0.0311584 0.0295547 0.0311256 0.0318960 0.0303358 0.0303480 0.0310663 0.0295809 0.0296005 0.0288116 0.0302926 0.0287670 0.0287670 0.0291362 0.0295461 0.0295233 0.0295233 0.0284562 0.0387044 0.0348239 0.0347321 0.0339625 0.0339625 0.0329817 0.0332989 0.0339884 0.0332035 0.0331804 0.0324070 0.0324070 0.0328219 0.0293899 0.0323657 0.0346022 0.0300426 0.0330987 0.0311847 0.0418678 0.0442263 0.0418069 0.0393213 0.0424064 0.0441561 0.0434532 0.0449347 0.0442584 0.0433453 0.0418038 0.0440620 0.0442220 0.0441448 0.0441522 0.0424494 0.0417805 0.0386568 0.0386178 0.0386204 0.0386204 0.0402249 0.0394539 0.0393618 0.0362541 0.0387559 0.0386083 0.0378463 0.0379457 0.0316495 0.0370822 0.0370160 0.0340907 0.0370586 0.0370129 0.0340576 0.0338999 0.0362836 0.0293337 0.0300941 0.0300941 0.0346538 0.0354552 0.0339580 0.0363752 0.0355257 0.0354757 0.0339231 0.0354725 0.0354727 0.0346777 0.0339614 0.0347682 0.0331847 0.0347149 0.0339475 0.0339194 0.0323665 0.0340024 0.0323533 0.0339180 0.0339486 0.0316339 0.0331437 0.0331227 0.0335831 0.0331175 0.0317683 0.0323884 0.0308267 0.0308267 0.0302531 0.0300740 0.0300740 
AJ271758.1_Symbiodinium_sp.                                        0.0774788 0.0677897 0.0404186 0.0397086 0.0381319 0.0000000 0.0136482 0.0158550 0.0121741 0.0151277 0.0158954 0.0136823 0.0107377 0.0100086 0.0085642 0.0078379 0.0078379 0.0144434 0.0151116 0.0144178 0.0129249 0.0144029 0.0136748 0.0122054 0.0122100 0.0114662 0.0114814 0.0114887 0.0107521 0.0107369 0.0107358 0.0107358 0.0108708 0.0100188 0.0100112 0.0100112 0.0101750 0.0453847 0.0414112 0.0412994 0.0405116 0.0405116 0.0396201 0.0391333 0.0397666 0.0397363 0.0389337 0.0389149 0.0389149 0.0394209 0.0311283 0.0318566 0.0363997 0.0310234 0.0348810 0.0329663 0.0453564 0.0477506 0.0452897 0.0419769 0.0466763 0.0468865 0.0453936 0.0476753 0.0469967 0.0460631 0.0461119 0.0467852 0.0469574 0.0477712 0.0468822 0.0451482 0.0444771 0.0397224 0.0396819 0.0397651 0.0397651 0.0421103 0.0429006 0.0420210 0.0396440 0.0398252 0.0412591 0.0404874 0.0405951 0.0380880 0.0397139 0.0396422 0.0366896 0.0388989 0.0388656 0.0397008 0.0380197 0.0389028 0.0357017 0.0364784 0.0364784 0.0372446 0.0380591 0.0365448 0.0390021 0.0381357 0.0373008 0.0365070 0.0380780 0.0380782 0.0380406 0.0365488 0.0373691 0.0357609 0.0373112 0.0357559 0.0365029 0.0349277 0.0365933 0.0349133 0.0365014 0.0365349 0.0349702 0.0357162 0.0356933 0.0361945 0.0356875 0.0343346 0.0349515 0.0333662 0.0333662 0.0328034 0.0326042 0.0326042 
AJ271759.1_Symbiodinium_sp.                                        0.0756189 0.0651627 0.0387942 0.0388548 0.0372842 0.0136482 0.0000000 0.0136380 0.0099863 0.0129147 0.0136726 0.0114758 0.0085564 0.0078330 0.0063979 0.0056779 0.0056779 0.0122276 0.0129010 0.0122060 0.0107270 0.0121935 0.0114687 0.0100109 0.0100146 0.0092787 0.0092910 0.0092967 0.0085678 0.0085558 0.0085549 0.0085549 0.0086612 0.0078409 0.0078350 0.0078350 0.0079627 0.0445065 0.0405483 0.0404393 0.0396545 0.0396545 0.0387522 0.0382607 0.0389114 0.0388819 0.0380827 0.0380644 0.0380644 0.0385579 0.0303075 0.0310341 0.0355625 0.0302056 0.0340487 0.0321315 0.0444789 0.0468638 0.0444137 0.0411165 0.0457988 0.0460043 0.0445152 0.0467901 0.0461120 0.0451845 0.0452322 0.0459053 0.0460736 0.0468839 0.0460000 0.0442753 0.0436046 0.0388683 0.0388288 0.0389099 0.0389099 0.0412466 0.0420339 0.0411594 0.0372194 0.0389685 0.0403999 0.0396309 0.0397359 0.0372416 0.0388601 0.0387901 0.0358448 0.0380488 0.0387868 0.0380658 0.0371750 0.0380526 0.0340928 0.0348654 0.0348654 0.0364028 0.0372134 0.0357038 0.0381494 0.0357417 0.0364575 0.0356670 0.0372318 0.0372320 0.0371954 0.0357076 0.0365240 0.0349230 0.0364676 0.0349182 0.0356630 0.0340942 0.0357510 0.0340802 0.0356615 0.0356941 0.0341356 0.0348794 0.0348571 0.0353453 0.0348516 0.0334991 0.0341174 0.0325389 0.0325389 0.0319731 0.0317795 0.0317795 
AJ271754.1_Symbiodinium_sp.                                        0.0694944 0.0633986 0.0379673 0.0357264 0.0341681 0.0158550 0.0136380 0.0000000 0.0121652 0.0092778 0.0100207 0.0078478 0.0107299 0.0100013 0.0085580 0.0078322 0.0078322 0.0085854 0.0092681 0.0085701 0.0071141 0.0085614 0.0078437 0.0064021 0.0064044 0.0071111 0.0056877 0.0056912 0.0049719 0.0063931 0.0049644 0.0049644 0.0050258 0.0056814 0.0056771 0.0056771 0.0057692 0.0397635 0.0358471 0.0357517 0.0349751 0.0349751 0.0340050 0.0334830 0.0342351 0.0342094 0.0334207 0.0334047 0.0334047 0.0338358 0.0249602 0.0256839 0.0317075 0.0248768 0.0302040 0.0282595 0.0405152 0.0428788 0.0404560 0.0372014 0.0418459 0.0420321 0.0405480 0.0428117 0.0421295 0.0412220 0.0404885 0.0411670 0.0413164 0.0428968 0.0404395 0.0403309 0.0396561 0.0349634 0.0349282 0.0365462 0.0365462 0.0373178 0.0380983 0.0372396 0.0348952 0.0350527 0.0364844 0.0357214 0.0358153 0.0333583 0.0349562 0.0348937 0.0319572 0.0341552 0.0348907 0.0333931 0.0332990 0.0341585 0.0302431 0.0310087 0.0310087 0.0325332 0.0333331 0.0325935 0.0342450 0.0318661 0.0325817 0.0317998 0.0333493 0.0333496 0.0333170 0.0318358 0.0326408 0.0310592 0.0325906 0.0279770 0.0317964 0.0302440 0.0318743 0.0302318 0.0317951 0.0318238 0.0302807 0.0310209 0.0310012 0.0314335 0.0309965 0.0296349 0.0302646 0.0287045 0.0287045 0.0281204 0.0279509 0.0279509 
AJ271756.1_Symbiodinium_sp.                                        0.0737841 0.0634083 0.0371552 0.0372445 0.0356821 0.0121741 0.0099863 0.0121652 0.0000000 0.0114447 0.0121968 0.0100109 0.0071093 0.0063899 0.0049615 0.0042459 0.0042459 0.0107562 0.0114328 0.0107371 0.0092694 0.0107261 0.0100056 0.0085555 0.0085587 0.0078281 0.0078385 0.0078433 0.0071188 0.0071088 0.0071081 0.0071081 0.0071962 0.0063964 0.0063916 0.0063916 0.0064954 0.0428637 0.0389251 0.0388209 0.0380399 0.0380399 0.0371153 0.0366140 0.0372988 0.0372707 0.0364761 0.0364587 0.0364587 0.0369300 0.0287408 0.0294657 0.0339763 0.0286444 0.0324685 0.0305423 0.0428372 0.0452105 0.0427746 0.0394990 0.0441600 0.0443573 0.0428720 0.0451396 0.0444606 0.0435425 0.0435882 0.0442624 0.0444238 0.0452297 0.0443533 0.0426419 0.0419703 0.0372576 0.0372200 0.0372974 0.0372974 0.0396232 0.0404068 0.0395399 0.0356206 0.0365824 0.0387830 0.0380175 0.0381178 0.0356418 0.0372499 0.0371830 0.0342448 0.0364438 0.0371799 0.0364601 0.0355783 0.0364474 0.0325105 0.0332793 0.0332793 0.0348096 0.0356149 0.0341108 0.0365398 0.0341468 0.0348617 0.0340756 0.0356323 0.0356325 0.0355976 0.0341143 0.0349250 0.0333339 0.0348713 0.0333294 0.0340719 0.0325117 0.0341556 0.0309740 0.0340705 0.0341014 0.0325511 0.0332926 0.0332714 0.0337360 0.0332662 0.0319115 0.0325338 0.0309647 0.0309647 0.0303920 0.0302086 0.0302086 
AJ271764.1_Symbiodinium_sp.                                        0.0650095 0.0615485 0.0354628 0.0332853 0.0317417 0.0151277 0.0129147 0.0092778 0.0114447 0.0000000 0.0093010 0.0071314 0.0100103 0.0092830 0.0078415 0.0071172 0.0071172 0.0078666 0.0085516 0.0078526 0.0064000 0.0078446 0.0071276 0.0056883 0.0056904 0.0063973 0.0049747 0.0049777 0.0042598 0.0056804 0.0042534 0.0042534 0.0043060 0.0049691 0.0049654 0.0049654 0.0050459 0.0372776 0.0333971 0.0333090 0.0325394 0.0325394 0.0315381 0.0310023 0.0310174 0.0317800 0.0302161 0.0309848 0.0309848 0.0313823 0.0241151 0.0233255 0.0308267 0.0240349 0.0293312 0.0273878 0.0364553 0.0387884 0.0364025 0.0332032 0.0377918 0.0379580 0.0364845 0.0387282 0.0380447 0.0371607 0.0371989 0.0378783 0.0380142 0.0388043 0.0379549 0.0362911 0.0356149 0.0309839 0.0309531 0.0325432 0.0325432 0.0333054 0.0340760 0.0332366 0.0309242 0.0310620 0.0324885 0.0317343 0.0318168 0.0294063 0.0309778 0.0309229 0.0280063 0.0301900 0.0309203 0.0309595 0.0301334 0.0301929 0.0270847 0.0278417 0.0278417 0.0285982 0.0293843 0.0278986 0.0302686 0.0279274 0.0286403 0.0278698 0.0293983 0.0293986 0.0293701 0.0279011 0.0286916 0.0271355 0.0286479 0.0256108 0.0278671 0.0263369 0.0279345 0.0263264 0.0278658 0.0278906 0.0263687 0.0271025 0.0270854 0.0274601 0.0270814 0.0257160 0.0263547 0.0248188 0.0248188 0.0242184 0.0240738 0.0240738 
L13718.1_Symbiodinium_meandrinae                                   0.0680524 0.0619736 0.0348438 0.0342759 0.0327186 0.0158954 0.0136726 0.0100207 0.0121968 0.0093010 0.0000000 0.0078675 0.0107568 0.0100264 0.0085794 0.0078518 0.0078518 0.0014194 0.0035455 0.0028413 0.0028346 0.0028384 0.0078633 0.0064181 0.0064204 0.0071288 0.0057019 0.0057054 0.0049842 0.0064090 0.0049767 0.0049767 0.0050384 0.0056955 0.0056913 0.0056913 0.0057838 0.0398705 0.0359430 0.0358470 0.0350682 0.0350682 0.0340969 0.0327537 0.0343262 0.0343004 0.0335094 0.0334934 0.0334934 0.0339268 0.0265383 0.0272644 0.0333206 0.0264493 0.0318094 0.0298720 0.0421939 0.0445719 0.0421320 0.0388521 0.0435230 0.0437179 0.0422282 0.0445019 0.0438198 0.0429018 0.0429469 0.0436241 0.0437836 0.0445909 0.0429115 0.0420010 0.0413264 0.0366047 0.0365676 0.0381984 0.0381984 0.0389745 0.0397596 0.0388923 0.0365329 0.0366988 0.0381336 0.0373664 0.0374652 0.0349869 0.0365971 0.0365313 0.0335845 0.0342245 0.0365282 0.0342613 0.0349244 0.0357935 0.0303227 0.0295645 0.0295645 0.0341543 0.0349604 0.0334528 0.0358845 0.0334882 0.0342055 0.0334182 0.0349776 0.0349778 0.0349435 0.0334562 0.0342678 0.0326745 0.0342149 0.0311178 0.0334145 0.0318518 0.0334968 0.0318388 0.0334131 0.0334435 0.0318906 0.0326339 0.0326131 0.0330698 0.0326080 0.0312472 0.0318735 0.0303023 0.0303023 0.0297245 0.0295446 0.0295446 
KU188508.1_Symbiodinium_sp.                                        0.0687500 0.0627160 0.0356606 0.0334670 0.0319145 0.0136823 0.0114758 0.0078478 0.0100109 0.0071314 0.0078675 0.0000000 0.0085775 0.0078523 0.0064136 0.0056919 0.0056919 0.0064342 0.0071240 0.0064228 0.0049761 0.0064162 0.0056916 0.0042584 0.0042600 0.0049740 0.0035468 0.0035490 0.0028346 0.0042588 0.0028346 0.0028346 0.0028697 0.0035482 0.0035455 0.0035455 0.0036030 0.0390426 0.0351268 0.0350332 0.0342568 0.0342568 0.0332749 0.0327474 0.0335161 0.0334909 0.0327027 0.0326870 0.0326870 0.0331092 0.0242445 0.0249689 0.0309934 0.0241634 0.0294895 0.0275369 0.0390085 0.0413678 0.0389515 0.0364849 0.0411295 0.0413126 0.0398271 0.0420922 0.0414083 0.0405030 0.0405453 0.0412247 0.0413745 0.0421760 0.0413091 0.0396138 0.0389373 0.0342453 0.0342108 0.0358273 0.0358273 0.0365990 0.0373794 0.0365223 0.0341785 0.0343327 0.0357666 0.0350036 0.0350956 0.0326416 0.0342383 0.0341770 0.0312376 0.0334379 0.0341741 0.0334529 0.0325836 0.0334411 0.0295278 0.0302933 0.0302933 0.0318178 0.0326170 0.0311159 0.0335258 0.0311485 0.0318652 0.0310837 0.0326328 0.0326330 0.0326011 0.0311189 0.0319230 0.0303426 0.0318739 0.0287967 0.0310804 0.0295286 0.0311565 0.0295167 0.0310791 0.0311071 0.0295645 0.0303052 0.0302858 0.0307086 0.0302813 0.0289160 0.0295487 0.0279896 0.0279896 0.0274011 0.0272359 0.0272359 
AB055917.1_Symbiodinium_sp.                                        0.0721666 0.0618365 0.0355956 0.0357401 0.0341813 0.0107377 0.0085564 0.0107299 0.0071093 0.0100103 0.0107568 0.0085775 0.0000000 0.0049680 0.0035426 0.0028295 0.0028295 0.0093185 0.0099999 0.0093019 0.0078403 0.0092924 0.0085729 0.0071269 0.0071295 0.0064023 0.0064108 0.0064148 0.0056929 0.0056849 0.0056843 0.0056843 0.0057547 0.0049731 0.0049693 0.0049693 0.0043258 0.0413430 0.0374127 0.0373128 0.0365334 0.0365334 0.0348065 0.0342895 0.0357924 0.0357654 0.0349732 0.0349565 0.0349565 0.0354083 0.0272561 0.0279813 0.0324863 0.0271647 0.0309804 0.0290409 0.0413175 0.0436858 0.0412571 0.0379934 0.0426462 0.0404260 0.0389450 0.0412024 0.0405192 0.0396204 0.0412212 0.0418980 0.0420501 0.0437042 0.0419837 0.0411293 0.0404553 0.0357529 0.0357168 0.0357909 0.0357909 0.0372790 0.0365100 0.0380325 0.0356830 0.0358444 0.0372762 0.0365119 0.0366081 0.0341431 0.0357455 0.0356815 0.0327426 0.0349423 0.0356784 0.0349579 0.0340823 0.0349456 0.0310205 0.0317877 0.0317877 0.0333151 0.0341173 0.0326147 0.0350342 0.0326490 0.0333648 0.0325810 0.0341340 0.0341342 0.0341008 0.0326180 0.0334254 0.0318396 0.0333740 0.0318353 0.0325775 0.0310215 0.0326574 0.0310089 0.0325761 0.0326056 0.0310592 0.0318002 0.0317800 0.0322237 0.0317751 0.0304151 0.0310426 0.0294785 0.0294785 0.0288978 0.0287235 0.0287235 
AJ271757.1_Symbiodinium_sp.                                        0.0712820 0.0609858 0.0348194 0.0349498 0.0333945 0.0100086 0.0078330 0.0100013 0.0063899 0.0092830 0.0100264 0.0078523 0.0049680 0.0000000 0.0028303 0.0021193 0.0021193 0.0085903 0.0092734 0.0085750 0.0071181 0.0085662 0.0078481 0.0064057 0.0064080 0.0056834 0.0056910 0.0056944 0.0049747 0.0049677 0.0049672 0.0049672 0.0050286 0.0042570 0.0042538 0.0042538 0.0043227 0.0405386 0.0366166 0.0365189 0.0357412 0.0357412 0.0347825 0.0342657 0.0350010 0.0349746 0.0341845 0.0341681 0.0341681 0.0346093 0.0264846 0.0272092 0.0317067 0.0263959 0.0302033 0.0282590 0.0405137 0.0428771 0.0404545 0.0372002 0.0418442 0.0420305 0.0405464 0.0428099 0.0421279 0.0412204 0.0412634 0.0419409 0.0413148 0.0428951 0.0420268 0.0403294 0.0396547 0.0349624 0.0349272 0.0349995 0.0349995 0.0373166 0.0380970 0.0372384 0.0348942 0.0350517 0.0364832 0.0357203 0.0358142 0.0333574 0.0349552 0.0348927 0.0319564 0.0341543 0.0348897 0.0341696 0.0332981 0.0341575 0.0302424 0.0310080 0.0310080 0.0325324 0.0333322 0.0318319 0.0342440 0.0318653 0.0325809 0.0317990 0.0333484 0.0333487 0.0333161 0.0318350 0.0326399 0.0310585 0.0325898 0.0310543 0.0317956 0.0302433 0.0318735 0.0302311 0.0317943 0.0318230 0.0302800 0.0310202 0.0310004 0.0314328 0.0309957 0.0296343 0.0302639 0.0287040 0.0287040 0.0281198 0.0279504 0.0279504 
AB863030.1_Symbiodinium_sp.                                        0.0695708 0.0593361 0.0332459 0.0334038 0.0318543 0.0085642 0.0063979 0.0085580 0.0049615 0.0078415 0.0085794 0.0064136 0.0035426 0.0028303 0.0000000 0.0007046 0.0007046 0.0071463 0.0078334 0.0071336 0.0056848 0.0071264 0.0064103 0.0049737 0.0049755 0.0042553 0.0042610 0.0042636 0.0035473 0.0035423 0.0035419 0.0035419 0.0035857 0.0028332 0.0028310 0.0028310 0.0028768 0.0389684 0.0350602 0.0349670 0.0341920 0.0341920 0.0332110 0.0326841 0.0334527 0.0334277 0.0326409 0.0326253 0.0326253 0.0330460 0.0249697 0.0256936 0.0301795 0.0248862 0.0286800 0.0267247 0.0389446 0.0412998 0.0388877 0.0356499 0.0402795 0.0404582 0.0389760 0.0412353 0.0405516 0.0396519 0.0396931 0.0403724 0.0405186 0.0413170 0.0404548 0.0387678 0.0380915 0.0334159 0.0333824 0.0334513 0.0334513 0.0357610 0.0365387 0.0356863 0.0333510 0.0335010 0.0349327 0.0341721 0.0342616 0.0318192 0.0334092 0.0333495 0.0304164 0.0326122 0.0333467 0.0326268 0.0317628 0.0326153 0.0287172 0.0294801 0.0294801 0.0309996 0.0317952 0.0302984 0.0326977 0.0303300 0.0310456 0.0302670 0.0318106 0.0318109 0.0317798 0.0303013 0.0311017 0.0295278 0.0310541 0.0295239 0.0302639 0.0287179 0.0303378 0.0287064 0.0302626 0.0302898 0.0287528 0.0294915 0.0294728 0.0298832 0.0294684 0.0281033 0.0287375 0.0271846 0.0271846 0.0265932 0.0264333 0.0264333 
AB016579.1_Symbiodinium_sp.                                        0.0686542 0.0584616 0.0324340 0.0326059 0.0310606 0.0078379 0.0056779 0.0078322 0.0042459 0.0071172 0.0078518 0.0056919 0.0028295 0.0021193 0.0007046 0.0000000 0.0000010 0.0064214 0.0071098 0.0064100 0.0049663 0.0064035 0.0056889 0.0042564 0.0042579 0.0035404 0.0035451 0.0035473 0.0028333 0.0028293 0.0028290 0.0028290 0.0028640 0.0021215 0.0021199 0.0021199 0.0021541 0.0381533 0.0342555 0.0341647 0.0333918 0.0333918 0.0324001 0.0318684 0.0326536 0.0326292 0.0318449 0.0318297 0.0318297 0.0322394 0.0241947 0.0249177 0.0293939 0.0241139 0.0278977 0.0259384 0.0381301 0.0404791 0.0380745 0.0348479 0.0394661 0.0396408 0.0381607 0.0404159 0.0397320 0.0388370 0.0388773 0.0395569 0.0396998 0.0404959 0.0396374 0.0379574 0.0372808 0.0326178 0.0325851 0.0326522 0.0326522 0.0349561 0.0357318 0.0348834 0.0325545 0.0327005 0.0341312 0.0333724 0.0334596 0.0310266 0.0326112 0.0325532 0.0296242 0.0318169 0.0325504 0.0318312 0.0309717 0.0318199 0.0279338 0.0286947 0.0286947 0.0302105 0.0310033 0.0295095 0.0319002 0.0295402 0.0302552 0.0294790 0.0310182 0.0310185 0.0309883 0.0295122 0.0303098 0.0287410 0.0302634 0.0287372 0.0294760 0.0279345 0.0295477 0.0279233 0.0294747 0.0295011 0.0279683 0.0287058 0.0286876 0.0290864 0.0286834 0.0273175 0.0279535 0.0264055 0.0264055 0.0258109 0.0256559 0.0256559 
AB016572.1_Symbiodinium_sp.                                        0.0686542 0.0584616 0.0324340 0.0326059 0.0310606 0.0078379 0.0056779 0.0078322 0.0042459 0.0071172 0.0078518 0.0056919 0.0028295 0.0021193 0.0007046 0.0000010 0.0000000 0.0064214 0.0071098 0.0064100 0.0049663 0.0064035 0.0056889 0.0042564 0.0042579 0.0035404 0.0035451 0.0035473 0.0028333 0.0028293 0.0028290 0.0028290 0.0028640 0.0021215 0.0021199 0.0021199 0.0021541 0.0381533 0.0342555 0.0341647 0.0333918 0.0333918 0.0324001 0.0318684 0.0326536 0.0326292 0.0318449 0.0318297 0.0318297 0.0322394 0.0241947 0.0249177 0.0293939 0.0241139 0.0278977 0.0259384 0.0381301 0.0404791 0.0380745 0.0348479 0.0394661 0.0396408 0.0381607 0.0404159 0.0397320 0.0388370 0.0388773 0.0395569 0.0396998 0.0404959 0.0396374 0.0379574 0.0372808 0.0326178 0.0325851 0.0326522 0.0326522 0.0349561 0.0357318 0.0348834 0.0325545 0.0327005 0.0341312 0.0333724 0.0334596 0.0310266 0.0326112 0.0325532 0.0296242 0.0318169 0.0325504 0.0318312 0.0309717 0.0318199 0.0279338 0.0286947 0.0286947 0.0302105 0.0310033 0.0295095 0.0319002 0.0295402 0.0302552 0.0294790 0.0310182 0.0310185 0.0309883 0.0295122 0.0303098 0.0287410 0.0302634 0.0287372 0.0294760 0.0279345 0.0295477 0.0279233 0.0294747 0.0295011 0.0279683 0.0287058 0.0286876 0.0290864 0.0286834 0.0273175 0.0279535 0.0264055 0.0264055 0.0258109 0.0256559 0.0256559 
L13717.1_Symbiodinium_corculorum                                   0.0664290 0.0603893 0.0333109 0.0327683 0.0312150 0.0144434 0.0122276 0.0085854 0.0107562 0.0078666 0.0014194 0.0064342 0.0093185 0.0085903 0.0071463 0.0064214 0.0064214 0.0000000 0.0021263 0.0014200 0.0014167 0.0014186 0.0064308 0.0049896 0.0049914 0.0057005 0.0042746 0.0042772 0.0035586 0.0049826 0.0035532 0.0035532 0.0035973 0.0042698 0.0042666 0.0042666 0.0043359 0.0375697 0.0344270 0.0343353 0.0335583 0.0335583 0.0325642 0.0312138 0.0328165 0.0327918 0.0320034 0.0319881 0.0319881 0.0324019 0.0250514 0.0257776 0.0318234 0.0249674 0.0303144 0.0283639 0.0406651 0.0430377 0.0406055 0.0373382 0.0419999 0.0421876 0.0406981 0.0429701 0.0422857 0.0413743 0.0414177 0.0420974 0.0422509 0.0430558 0.0413836 0.0404794 0.0398025 0.0350921 0.0350566 0.0366809 0.0366809 0.0374554 0.0382388 0.0373767 0.0350234 0.0351821 0.0366186 0.0358529 0.0359475 0.0334807 0.0350849 0.0350219 0.0320749 0.0327195 0.0350189 0.0327546 0.0334210 0.0342841 0.0288289 0.0280720 0.0280720 0.0326524 0.0334554 0.0319495 0.0343712 0.0319831 0.0327012 0.0319163 0.0334717 0.0334720 0.0334391 0.0319526 0.0327607 0.0311731 0.0327102 0.0296208 0.0319130 0.0303547 0.0319914 0.0303424 0.0319116 0.0319405 0.0303917 0.0311345 0.0311146 0.0315502 0.0311099 0.0297439 0.0303754 0.0288094 0.0288094 0.0282237 0.0280531 0.0280531 
AB055918.1_Symbiodinium_sp.                                        0.0669535 0.0609264 0.0339400 0.0333892 0.0318404 0.0151116 0.0129010 0.0092681 0.0114328 0.0085516 0.0035455 0.0071240 0.0099999 0.0092734 0.0078334 0.0071098 0.0071098 0.0021263 0.0000000 0.0021226 0.0021176 0.0021204 0.0071202 0.0056825 0.0056845 0.0063906 0.0049695 0.0049726 0.0042554 0.0056745 0.0042490 0.0042490 0.0043015 0.0049640 0.0049603 0.0049603 0.0050406 0.0389511 0.0350447 0.0349517 0.0341770 0.0341770 0.0331963 0.0318543 0.0334381 0.0334131 0.0326267 0.0326111 0.0326111 0.0330314 0.0256941 0.0264174 0.0324438 0.0256082 0.0309398 0.0290025 0.0412629 0.0436280 0.0412026 0.0379435 0.0425902 0.0427798 0.0412963 0.0435597 0.0428790 0.0419687 0.0420126 0.0426886 0.0428438 0.0436464 0.0427761 0.0410752 0.0404019 0.0357058 0.0356698 0.0372903 0.0372903 0.0380623 0.0388432 0.0379825 0.0356362 0.0357971 0.0372272 0.0364639 0.0365598 0.0340983 0.0356984 0.0356346 0.0326994 0.0348963 0.0356315 0.0333752 0.0340376 0.0348997 0.0294597 0.0287052 0.0287052 0.0332714 0.0340725 0.0325719 0.0349881 0.0326061 0.0333210 0.0325383 0.0340891 0.0340894 0.0340560 0.0325751 0.0333814 0.0317978 0.0333302 0.0302498 0.0325348 0.0309808 0.0326145 0.0309683 0.0325334 0.0325628 0.0310184 0.0317585 0.0317383 0.0321809 0.0317335 0.0296155 0.0310019 0.0294399 0.0294399 0.0288598 0.0286859 0.0286859 
X62650.1_S.pilosum                                                 0.0663032 0.0602770 0.0332495 0.0327089 0.0311584 0.0144178 0.0122060 0.0085701 0.0107371 0.0078526 0.0028413 0.0064228 0.0093019 0.0085750 0.0071336 0.0064100 0.0064100 0.0014200 0.0021226 0.0000000 0.0014142 0.0014161 0.0064194 0.0049808 0.0049826 0.0056904 0.0042670 0.0042696 0.0035523 0.0049738 0.0035470 0.0035470 0.0035909 0.0042622 0.0042590 0.0042590 0.0043282 0.0382754 0.0343643 0.0342729 0.0334974 0.0334974 0.0325041 0.0311559 0.0327569 0.0327323 0.0319454 0.0319301 0.0319301 0.0323424 0.0250063 0.0257312 0.0317660 0.0249226 0.0302597 0.0283122 0.0405908 0.0429590 0.0405314 0.0372705 0.0419236 0.0421106 0.0406237 0.0428916 0.0422084 0.0412989 0.0413421 0.0420207 0.0421737 0.0429771 0.0421069 0.0404058 0.0397300 0.0350284 0.0349930 0.0366142 0.0366142 0.0373873 0.0381692 0.0373088 0.0349599 0.0351180 0.0365521 0.0357878 0.0358820 0.0334201 0.0350212 0.0349584 0.0320166 0.0342186 0.0349554 0.0326952 0.0333606 0.0342219 0.0287769 0.0280214 0.0280214 0.0325934 0.0333948 0.0318917 0.0343087 0.0319252 0.0326421 0.0318586 0.0334111 0.0334114 0.0333786 0.0318948 0.0327013 0.0311167 0.0326510 0.0295673 0.0318553 0.0302999 0.0319334 0.0302876 0.0318539 0.0318827 0.0303367 0.0310783 0.0310584 0.0314924 0.0310537 0.0296899 0.0303206 0.0287575 0.0287575 0.0281726 0.0280025 0.0280025 
AB016723.1_Symbiodinium_sp.                                        0.0661237 0.0601178 0.0331646 0.0310956 0.0295547 0.0129249 0.0107270 0.0071141 0.0092694 0.0064000 0.0028346 0.0049761 0.0078403 0.0071181 0.0056848 0.0049663 0.0049663 0.0014167 0.0021176 0.0014142 0.0000000 0.0014127 0.0049735 0.0035439 0.0035452 0.0042513 0.0028337 0.0028354 0.0021231 0.0035390 0.0021200 0.0021200 0.0021461 0.0028305 0.0028284 0.0028284 0.0028741 0.0381780 0.0342774 0.0341865 0.0334131 0.0334131 0.0324211 0.0310759 0.0326744 0.0326500 0.0318652 0.0318499 0.0318499 0.0322602 0.0234411 0.0241637 0.0301669 0.0233629 0.0286681 0.0267135 0.0389280 0.0412822 0.0388712 0.0356349 0.0402624 0.0404410 0.0389594 0.0412177 0.0405343 0.0396350 0.0396762 0.0403552 0.0405013 0.0412994 0.0404376 0.0387514 0.0380754 0.0334019 0.0333683 0.0349771 0.0349771 0.0357459 0.0365233 0.0356713 0.0333370 0.0334868 0.0349180 0.0341577 0.0342472 0.0318059 0.0333951 0.0333355 0.0304037 0.0325985 0.0333327 0.0310830 0.0317495 0.0326016 0.0271915 0.0279517 0.0279517 0.0309866 0.0317819 0.0302857 0.0326839 0.0303173 0.0310326 0.0302544 0.0317973 0.0317975 0.0317665 0.0302886 0.0310887 0.0295155 0.0310411 0.0279760 0.0302513 0.0287060 0.0303251 0.0286944 0.0302499 0.0302771 0.0287408 0.0294792 0.0294605 0.0298706 0.0294561 0.0280915 0.0287255 0.0271733 0.0271733 0.0265821 0.0264223 0.0264223 
AB016724.1_Symbiodinium_sp.                                        0.0662299 0.0602117 0.0332139 0.0326743 0.0311256 0.0144029 0.0121935 0.0085614 0.0107261 0.0078446 0.0028384 0.0064162 0.0092924 0.0085662 0.0071264 0.0064035 0.0064035 0.0014186 0.0021204 0.0014161 0.0014127 0.0000000 0.0064128 0.0049757 0.0049775 0.0056847 0.0042627 0.0042653 0.0035487 0.0049687 0.0035434 0.0035434 0.0035872 0.0042579 0.0042547 0.0042547 0.0043237 0.0382347 0.0343279 0.0342367 0.0334620 0.0334620 0.0324693 0.0311223 0.0327223 0.0326978 0.0319117 0.0318964 0.0318964 0.0323079 0.0249801 0.0257043 0.0317327 0.0248966 0.0302280 0.0282822 0.0405477 0.0429132 0.0404884 0.0372311 0.0418793 0.0420658 0.0405805 0.0428460 0.0421634 0.0412550 0.0412981 0.0419761 0.0421288 0.0429313 0.0420622 0.0403631 0.0396879 0.0349914 0.0349561 0.0365754 0.0365754 0.0373477 0.0381288 0.0372694 0.0349231 0.0350808 0.0365135 0.0357499 0.0358440 0.0333849 0.0349842 0.0349215 0.0319828 0.0341825 0.0349186 0.0326608 0.0333255 0.0341858 0.0287467 0.0279920 0.0279920 0.0325592 0.0333597 0.0318581 0.0342724 0.0318916 0.0326077 0.0318251 0.0333759 0.0333762 0.0333435 0.0318612 0.0326669 0.0310840 0.0326166 0.0295363 0.0318218 0.0302681 0.0318997 0.0302559 0.0318204 0.0318492 0.0303049 0.0310456 0.0310258 0.0314589 0.0310211 0.0296586 0.0302887 0.0287274 0.0287274 0.0281429 0.0279732 0.0279732 
KU188515.1_Symbiodinium_sp.                                        0.0687056 0.0626766 0.0356394 0.0334476 0.0318960 0.0136748 0.0114687 0.0078437 0.0100056 0.0071276 0.0078633 0.0056916 0.0085729 0.0078481 0.0064103 0.0056889 0.0056889 0.0064308 0.0071202 0.0064194 0.0049735 0.0064128 0.0000000 0.0042562 0.0042577 0.0049714 0.0035449 0.0035471 0.0028331 0.0042566 0.0028331 0.0028331 0.0028682 0.0035463 0.0035437 0.0035437 0.0028782 0.0390196 0.0351062 0.0350128 0.0342368 0.0342368 0.0324695 0.0319372 0.0334966 0.0334715 0.0326837 0.0326681 0.0326681 0.0330898 0.0242307 0.0249548 0.0309757 0.0241497 0.0294727 0.0275210 0.0397714 0.0421332 0.0397132 0.0364636 0.0411053 0.0412882 0.0398035 0.0420673 0.0413838 0.0404791 0.0405213 0.0412003 0.0413499 0.0421509 0.0412846 0.0395905 0.0389144 0.0342254 0.0341909 0.0358064 0.0358064 0.0365775 0.0373574 0.0365010 0.0341587 0.0343127 0.0357458 0.0349832 0.0350751 0.0326227 0.0342184 0.0341572 0.0312195 0.0334185 0.0341543 0.0334335 0.0325647 0.0334217 0.0295109 0.0302759 0.0302759 0.0317995 0.0325981 0.0310980 0.0335064 0.0311305 0.0318468 0.0310658 0.0326139 0.0326142 0.0325823 0.0311010 0.0319045 0.0303251 0.0318555 0.0287802 0.0310625 0.0295117 0.0311385 0.0294998 0.0310612 0.0310892 0.0295475 0.0302877 0.0302685 0.0306907 0.0302639 0.0288993 0.0295318 0.0279737 0.0279737 0.0273854 0.0272204 0.0272204 
KU188511.1_Symbiodinium_sp.                                        0.0669475 0.0609703 0.0340350 0.0318803 0.0303358 0.0122054 0.0100109 0.0064021 0.0085555 0.0056883 0.0064181 0.0042584 0.0071269 0.0064057 0.0049737 0.0042564 0.0042564 0.0049896 0.0056825 0.0049808 0.0035439 0.0049757 0.0042562 0.0000000 0.0028316 0.0035424 0.0021218 0.0021231 0.0014132 0.0028309 0.0014132 0.0014132 0.0014306 0.0021227 0.0021211 0.0021211 0.0021552 0.0374236 0.0335272 0.0334384 0.0326657 0.0326657 0.0316623 0.0311253 0.0319271 0.0319032 0.0311195 0.0311047 0.0311047 0.0315053 0.0227055 0.0234283 0.0294270 0.0226298 0.0279291 0.0259679 0.0381734 0.0405252 0.0381178 0.0348873 0.0395107 0.0396858 0.0382042 0.0404619 0.0397773 0.0388811 0.0389215 0.0396018 0.0397450 0.0405420 0.0396825 0.0380003 0.0373231 0.0326547 0.0326220 0.0342277 0.0342277 0.0349958 0.0357724 0.0349228 0.0325913 0.0327377 0.0341699 0.0334102 0.0327326 0.0310617 0.0326482 0.0325900 0.0296577 0.0318529 0.0325872 0.0318672 0.0310067 0.0318559 0.0279653 0.0287271 0.0287271 0.0302445 0.0310383 0.0295428 0.0319364 0.0295736 0.0302894 0.0295122 0.0310533 0.0310535 0.0310233 0.0295456 0.0303441 0.0287735 0.0302976 0.0272359 0.0295092 0.0279660 0.0295811 0.0279547 0.0295079 0.0295344 0.0279999 0.0287382 0.0287199 0.0291196 0.0287157 0.0273484 0.0279850 0.0264352 0.0264352 0.0258401 0.0256848 0.0256848 
KU188514.1_Symbiodinium_sp.                                        0.0669780 0.0609973 0.0340491 0.0318932 0.0303480 0.0122100 0.0100146 0.0064044 0.0085587 0.0056904 0.0064204 0.0042600 0.0071295 0.0064080 0.0049755 0.0042579 0.0042579 0.0049914 0.0056845 0.0049826 0.0035452 0.0049775 0.0042577 0.0028316 0.0000000 0.0035437 0.0021226 0.0021239 0.0014137 0.0028319 0.0014137 0.0014137 0.0014311 0.0021234 0.0021218 0.0021218 0.0021552 0.0374390 0.0335408 0.0334519 0.0326789 0.0326789 0.0316753 0.0311381 0.0319400 0.0319161 0.0311321 0.0311172 0.0311172 0.0315182 0.0227144 0.0234375 0.0294387 0.0226386 0.0279402 0.0259782 0.0381892 0.0405420 0.0381335 0.0349015 0.0395270 0.0397022 0.0382199 0.0404786 0.0397938 0.0388972 0.0389375 0.0396181 0.0397614 0.0405588 0.0396989 0.0380159 0.0373384 0.0326679 0.0326352 0.0342416 0.0342416 0.0350100 0.0357870 0.0349370 0.0326045 0.0327510 0.0341838 0.0334237 0.0335113 0.0310742 0.0326614 0.0326031 0.0296697 0.0318658 0.0326004 0.0318801 0.0310191 0.0318688 0.0279764 0.0287385 0.0287385 0.0302566 0.0310508 0.0295547 0.0319493 0.0295855 0.0303015 0.0295240 0.0310658 0.0310660 0.0310357 0.0295574 0.0303563 0.0287850 0.0303097 0.0272468 0.0295210 0.0279771 0.0295930 0.0279659 0.0295197 0.0295462 0.0280110 0.0287496 0.0287314 0.0291314 0.0287271 0.0273594 0.0279962 0.0264457 0.0264457 0.0258504 0.0256949 0.0256949 
AF238256.1_Symbiodinium_sp._Type_A                                 0.0677715 0.0600896 0.0332164 0.0326119 0.0310663 0.0114662 0.0092787 0.0071111 0.0078281 0.0063973 0.0071288 0.0049740 0.0064023 0.0056834 0.0042553 0.0035404 0.0035404 0.0057005 0.0063906 0.0056904 0.0042513 0.0056847 0.0049714 0.0035424 0.0035437 0.0000000 0.0028324 0.0028342 0.0021222 0.0021192 0.0021190 0.0021190 0.0021452 0.0014125 0.0014114 0.0014114 0.0014340 0.0381606 0.0342619 0.0341711 0.0333980 0.0333980 0.0324062 0.0318745 0.0326597 0.0326353 0.0318508 0.0318356 0.0318356 0.0322454 0.0234306 0.0241530 0.0301534 0.0233525 0.0286553 0.0267014 0.0389103 0.0412634 0.0388536 0.0356188 0.0402442 0.0404226 0.0389416 0.0411989 0.0405158 0.0396170 0.0396581 0.0403369 0.0404828 0.0412805 0.0404191 0.0387339 0.0380581 0.0333868 0.0333533 0.0349613 0.0349613 0.0357297 0.0365067 0.0356552 0.0333219 0.0334717 0.0349022 0.0341423 0.0342317 0.0317916 0.0333800 0.0333205 0.0303900 0.0325838 0.0333177 0.0325984 0.0317352 0.0325869 0.0286924 0.0294546 0.0294546 0.0309727 0.0317676 0.0302721 0.0326692 0.0303037 0.0310187 0.0302408 0.0317830 0.0317832 0.0317523 0.0302750 0.0310747 0.0295022 0.0310271 0.0279634 0.0302377 0.0286931 0.0303114 0.0286816 0.0302364 0.0302635 0.0287279 0.0294660 0.0294473 0.0298570 0.0294429 0.0280789 0.0287126 0.0271612 0.0271612 0.0265701 0.0264105 0.0264105 
KU188513.1_Symbiodinium_sp.                                        0.0661285 0.0601704 0.0332616 0.0311232 0.0295809 0.0114814 0.0092910 0.0056877 0.0078385 0.0049747 0.0057019 0.0035468 0.0064108 0.0056910 0.0042610 0.0035451 0.0035451 0.0042746 0.0049695 0.0042670 0.0028337 0.0042627 0.0035449 0.0021218 0.0021226 0.0028324 0.0000000 0.0014147 0.0007056 0.0021221 0.0007056 0.0007056 0.0007149 0.0014144 0.0014133 0.0014133 0.0014361 0.0366569 0.0327656 0.0326789 0.0319073 0.0319073 0.0308927 0.0303505 0.0311689 0.0311456 0.0303633 0.0303488 0.0303488 0.0307395 0.0219619 0.0226846 0.0286770 0.0218886 0.0271804 0.0252130 0.0374064 0.0397551 0.0373519 0.0341281 0.0387463 0.0389179 0.0374365 0.0396930 0.0390074 0.0381146 0.0381541 0.0388355 0.0389758 0.0397715 0.0389146 0.0372369 0.0365586 0.0318965 0.0318646 0.0334669 0.0334669 0.0342340 0.0350097 0.0341628 0.0318347 0.0319774 0.0334103 0.0326514 0.0327368 0.0303069 0.0318902 0.0318334 0.0289016 0.0310965 0.0318307 0.0311105 0.0302533 0.0310995 0.0272156 0.0279764 0.0279764 0.0294921 0.0302841 0.0287897 0.0311779 0.0288197 0.0295357 0.0287599 0.0302987 0.0302990 0.0302694 0.0287924 0.0295890 0.0280215 0.0295437 0.0264864 0.0287570 0.0272163 0.0288270 0.0272053 0.0287557 0.0287815 0.0272493 0.0279872 0.0279694 0.0283585 0.0279653 0.0265958 0.0272348 0.0256879 0.0256879 0.0250890 0.0249383 0.0249383 
KU188510.1_Symbiodinium_sp.                                        0.0661773 0.0602136 0.0332843 0.0311439 0.0296005 0.0114887 0.0092967 0.0056912 0.0078433 0.0049777 0.0057054 0.0035490 0.0064148 0.0056944 0.0042636 0.0035473 0.0035473 0.0042772 0.0049726 0.0042696 0.0028354 0.0042653 0.0035471 0.0021231 0.0021239 0.0028342 0.0014147 0.0000000 0.0007066 0.0021233 0.0007066 0.0007066 0.0007154 0.0014152 0.0014142 0.0014142 0.0014361 0.0366817 0.0327876 0.0327008 0.0319286 0.0319286 0.0309136 0.0303711 0.0311897 0.0311664 0.0303835 0.0303690 0.0303690 0.0307603 0.0219761 0.0226994 0.0286959 0.0219028 0.0271983 0.0252297 0.0374317 0.0397822 0.0373771 0.0341510 0.0387725 0.0389443 0.0374619 0.0397200 0.0390340 0.0381404 0.0381800 0.0388619 0.0390023 0.0397987 0.0389410 0.0372620 0.0365832 0.0319178 0.0318858 0.0334893 0.0334893 0.0342570 0.0350332 0.0341857 0.0318559 0.0319988 0.0334327 0.0326732 0.0327587 0.0303270 0.0319114 0.0318546 0.0289208 0.0311172 0.0318519 0.0311312 0.0302733 0.0311202 0.0272335 0.0279949 0.0279949 0.0295116 0.0303042 0.0288088 0.0311988 0.0288388 0.0295553 0.0287789 0.0303188 0.0303191 0.0302895 0.0288114 0.0296087 0.0280400 0.0295633 0.0265038 0.0287760 0.0272342 0.0288461 0.0272232 0.0287747 0.0288005 0.0272672 0.0280056 0.0279878 0.0283775 0.0279837 0.0266133 0.0272527 0.0257047 0.0257047 0.0251055 0.0249546 0.0249546 
KU188509.1_Symbiodinium_sp.                                        0.0652701 0.0593360 0.0324714 0.0303507 0.0288116 0.0107521 0.0085678 0.0049719 0.0071188 0.0042598 0.0049842 0.0028346 0.0056929 0.0049747 0.0035473 0.0028333 0.0028333 0.0035586 0.0042554 0.0035523 0.0021231 0.0035487 0.0028331 0.0014132 0.0014137 0.0021222 0.0007056 0.0007066 0.0000000 0.0014133 0.0000010 0.0000010 0.0000010 0.0007060 0.0007056 0.0007056 0.0007177 0.0358714 0.0319877 0.0319032 0.0311331 0.0311331 0.0301076 0.0295605 0.0303953 0.0303727 0.0295922 0.0295781 0.0295781 0.0299585 0.0212081 0.0219304 0.0279131 0.0211375 0.0264188 0.0244463 0.0366202 0.0389644 0.0365668 0.0333519 0.0379620 0.0381298 0.0366496 0.0389036 0.0382173 0.0373285 0.0373671 0.0380493 0.0381865 0.0389805 0.0381266 0.0364545 0.0357754 0.0311225 0.0310914 0.0326893 0.0326893 0.0334551 0.0342293 0.0333856 0.0310623 0.0312014 0.0326341 0.0318764 0.0319596 0.0295373 0.0311164 0.0310610 0.0281314 0.0303248 0.0310584 0.0303385 0.0294851 0.0303277 0.0264530 0.0272123 0.0272123 0.0287253 0.0295151 0.0280227 0.0304041 0.0280518 0.0287677 0.0279937 0.0295293 0.0295296 0.0295008 0.0280252 0.0288196 0.0272561 0.0287755 0.0257243 0.0279909 0.0264536 0.0280589 0.0264430 0.0279896 0.0280146 0.0264856 0.0272227 0.0272055 0.0275836 0.0272015 0.0258304 0.0264716 0.0249284 0.0249284 0.0243260 0.0241800 0.0241800 
