130
GU362426_Gymnodinium_catenatum                                     0.0000000 0.0454267 0.0658356 0.0705552 0.0688455 0.0773176 0.0754644 0.0693635 0.0736389 0.0648964 0.0679223 0.0686207 0.0720264 0.0711441 0.0694386 0.0685257 0.0685257 0.0663067 0.0668301 0.0661790 0.0660027 0.0661060 0.0685772 0.0668251 0.0668552 0.0676462 0.0660084 0.0660563 0.0651527 0.0667817 0.0651000 0.0651000 0.0659838 0.0659787 0.0659253 0.0659253 0.0653589 0.0735201 0.0674259 0.0672323 0.0663905 0.0663905 0.0658809 0.0665495 0.0665416 0.0655690 0.0656161 0.0664680 0.0664680 0.0673683 0.0630113 0.0628449 0.0678113 0.0636054 0.0661941 0.0644983 0.0742604 0.0768368 0.0741517 0.0695464 0.0694821 0.0750269 0.0732417 0.0767119 0.0760578 0.0749646 0.0742111 0.0731158 0.0733993 0.0768919 0.0741667 0.0739078 0.0715232 0.0697352 0.0696599 0.0697633 0.0697633 0.0724273 0.0707424 0.0705183 0.0696670 0.0708360 0.0680770 0.0706174 0.0708141 0.0635920 0.0697923 0.0696618 0.0665752 0.0688906 0.0679874 0.0657069 0.0670393 0.0680100 0.0604095 0.0595982 0.0595982 0.0670307 0.0679379 0.0663396 0.0690826 0.0664144 0.0679806 0.0662689 0.0679742 0.0679747 0.0679051 0.0672016 0.0664368 0.0654900 0.0671579 0.0612557 0.0662585 0.0661978 0.0664330 0.0645132 0.0637651 0.0663227 0.0619863 0.0654033 0.0653601 0.0663145 0.0653461 0.0640568 0.0645852 0.0628423 0.0628423 0.0632734 0.0636755 0.0636755 
EF492511                                                           0.0454267 0.0000000 0.0450469 0.0638168 0.0621533 0.0676717 0.0650536 0.0632971 0.0633066 0.0614540 0.0618729 0.0626159 0.0617389 0.0608901 0.0592449 0.0583733 0.0583733 0.0602953 0.0608314 0.0601812 0.0600248 0.0601161 0.0625773 0.0608760 0.0609027 0.0599972 0.0600781 0.0601205 0.0592459 0.0591607 0.0591518 0.0591518 0.0599384 0.0583778 0.0583315 0.0583315 0.0576271 0.0665200 0.0606134 0.0604451 0.0580115 0.0580115 0.0573453 0.0579137 0.0614248 0.0588270 0.0605284 0.0596947 0.0596947 0.0604855 0.0531550 0.0520931 0.0537380 0.0513353 0.0521781 0.0503969 0.0680785 0.0705843 0.0679810 0.0619644 0.0627667 0.0655422 0.0654607 0.0688210 0.0681659 0.0671303 0.0655179 0.0653521 0.0655979 0.0689782 0.0663507 0.0661250 0.0654308 0.0638109 0.0637436 0.0646889 0.0646889 0.0646664 0.0646643 0.0628374 0.0636376 0.0631500 0.0621006 0.0629239 0.0622685 0.0586298 0.0621201 0.0611881 0.0590230 0.0612519 0.0620025 0.0581436 0.0578245 0.0604013 0.0530360 0.0522467 0.0522467 0.0594663 0.0603394 0.0587803 0.0614176 0.0588443 0.0603761 0.0587184 0.0603704 0.0603711 0.0594945 0.0587880 0.0588639 0.0579563 0.0587598 0.0553619 0.0587099 0.0586574 0.0588603 0.0570241 0.0578958 0.0587647 0.0546010 0.0578819 0.0562386 0.0570413 0.0578331 0.0565408 0.0570864 0.0554032 0.0554032 0.0557744 0.0562118 0.0562118 
JF791031                                                           0.0658356 0.0450469 0.0000000 0.0417587 0.0401583 0.0403760 0.0387540 0.0379299 0.0371192 0.0354307 0.0348106 0.0356268 0.0355620 0.0347869 0.0332159 0.0324055 0.0324055 0.0332815 0.0339098 0.0332191 0.0331354 0.0331835 0.0356060 0.0340043 0.0340183 0.0331868 0.0332321 0.0332544 0.0324431 0.0323960 0.0323918 0.0323918 0.0328163 0.0316347 0.0316098 0.0316098 0.0313533 0.0442068 0.0402128 0.0401044 0.0393123 0.0393123 0.0392058 0.0378919 0.0393421 0.0385323 0.0385051 0.0377077 0.0377077 0.0382019 0.0321978 0.0336727 0.0375121 0.0336232 0.0359784 0.0340569 0.0449027 0.0473102 0.0448391 0.0407387 0.0430944 0.0440372 0.0449124 0.0472087 0.0465235 0.0455894 0.0456385 0.0455066 0.0456723 0.0473305 0.0464124 0.0455352 0.0448576 0.0408739 0.0408321 0.0417122 0.0417122 0.0392166 0.0424132 0.0408075 0.0399876 0.0401921 0.0416155 0.0408372 0.0393672 0.0384182 0.0400563 0.0376312 0.0362218 0.0391949 0.0383960 0.0377514 0.0375742 0.0392393 0.0329031 0.0321354 0.0321354 0.0375687 0.0383898 0.0360889 0.0393399 0.0369017 0.0368499 0.0368241 0.0384080 0.0384091 0.0360370 0.0368667 0.0369141 0.0376320 0.0360747 0.0368421 0.0352559 0.0336749 0.0369112 0.0352180 0.0368192 0.0368521 0.0337026 0.0360275 0.0360045 0.0356706 0.0359988 0.0346353 0.0352559 0.0336583 0.0336583 0.0338798 0.0328899 0.0328899 
AY160124.1_Symbiodinium_sp._G15                                    0.0705552 0.0638168 0.0417587 0.0000000 0.0014078 0.0396702 0.0388177 0.0356948 0.0372115 0.0332584 0.0342451 0.0334387 0.0357093 0.0349200 0.0333763 0.0325799 0.0325799 0.0327409 0.0333611 0.0326805 0.0310707 0.0326461 0.0334196 0.0318548 0.0318675 0.0325852 0.0310986 0.0311190 0.0303272 0.0318093 0.0302802 0.0302802 0.0306693 0.0310620 0.0310380 0.0310380 0.0299928 0.0402366 0.0363488 0.0362533 0.0354821 0.0354821 0.0345249 0.0348570 0.0355082 0.0347217 0.0346978 0.0339222 0.0339222 0.0343570 0.0308993 0.0338794 0.0361197 0.0315493 0.0346138 0.0327133 0.0434052 0.0457688 0.0433448 0.0408509 0.0439413 0.0456979 0.0449940 0.0464779 0.0458020 0.0448850 0.0433423 0.0456021 0.0457657 0.0456874 0.0456944 0.0439858 0.0433174 0.0401892 0.0401489 0.0401507 0.0401507 0.0417603 0.0409872 0.0408930 0.0377782 0.0402879 0.0401392 0.0393754 0.0394762 0.0331626 0.0386091 0.0385421 0.0356168 0.0385858 0.0385390 0.0355824 0.0354172 0.0378086 0.0308415 0.0316037 0.0316037 0.0361732 0.0369774 0.0354787 0.0379037 0.0370498 0.0369986 0.0354413 0.0369946 0.0369956 0.0361970 0.0354815 0.0362901 0.0347022 0.0362358 0.0354666 0.0354374 0.0338809 0.0355236 0.0338671 0.0354367 0.0354677 0.0331481 0.0346603 0.0346386 0.0351196 0.0346332 0.0332882 0.0339029 0.0323369 0.0323369 0.0317712 0.0315827 0.0315827 
HE653239_Symbiodinium_voratum                                      0.0688455 0.0621533 0.0401583 0.0014078 0.0000000 0.0380962 0.0372499 0.0341390 0.0356516 0.0317170 0.0326903 0.0318885 0.0341530 0.0333671 0.0318291 0.0310368 0.0310368 0.0311899 0.0318147 0.0311324 0.0295320 0.0310997 0.0318703 0.0303124 0.0303246 0.0310418 0.0295585 0.0295778 0.0287902 0.0302693 0.0287456 0.0287456 0.0291143 0.0295238 0.0295009 0.0295009 0.0284354 0.0386692 0.0347957 0.0347047 0.0339362 0.0339362 0.0329572 0.0332737 0.0339611 0.0331782 0.0331554 0.0323831 0.0323831 0.0327975 0.0293697 0.0323424 0.0345771 0.0300226 0.0330754 0.0311641 0.0418249 0.0441798 0.0417667 0.0392874 0.0423676 0.0441114 0.0434073 0.0448889 0.0442115 0.0433025 0.0417643 0.0440193 0.0441767 0.0441012 0.0441082 0.0424104 0.0417405 0.0386236 0.0385850 0.0385868 0.0385868 0.0401885 0.0394181 0.0393277 0.0362247 0.0387181 0.0385756 0.0378143 0.0379107 0.0316260 0.0370503 0.0369862 0.0340646 0.0370280 0.0369832 0.0340319 0.0338744 0.0362537 0.0293148 0.0300743 0.0300743 0.0346281 0.0354281 0.0339330 0.0363448 0.0354972 0.0354483 0.0338973 0.0354444 0.0354454 0.0346509 0.0339356 0.0347397 0.0331596 0.0346878 0.0339215 0.0338937 0.0323437 0.0339758 0.0323306 0.0338929 0.0339224 0.0316122 0.0331197 0.0330990 0.0335579 0.0330939 0.0317455 0.0323647 0.0308061 0.0308061 0.0302333 0.0300542 0.0300542 
AJ271758.1_Symbiodinium_sp.                                        0.0773176 0.0676717 0.0403760 0.0396702 0.0380962 0.0000000 0.0136440 0.0158497 0.0121711 0.0151224 0.0158895 0.0136783 0.0107353 0.0100064 0.0085626 0.0078366 0.0078366 0.0144389 0.0151067 0.0144128 0.0129213 0.0143980 0.0136709 0.0122023 0.0122068 0.0114634 0.0114786 0.0114858 0.0107497 0.0107345 0.0107334 0.0107334 0.0108683 0.0100166 0.0100091 0.0100091 0.0101729 0.0453313 0.0413668 0.0412561 0.0404698 0.0404698 0.0395802 0.0390954 0.0397239 0.0396958 0.0388939 0.0388762 0.0388762 0.0393812 0.0311031 0.0318302 0.0363678 0.0309992 0.0348512 0.0329395 0.0453014 0.0476914 0.0452378 0.0419328 0.0466234 0.0468299 0.0453372 0.0476173 0.0469376 0.0460086 0.0460578 0.0467308 0.0469000 0.0477118 0.0468263 0.0450979 0.0444259 0.0396819 0.0396419 0.0397232 0.0397232 0.0420647 0.0428537 0.0419765 0.0396047 0.0397799 0.0412162 0.0404454 0.0405498 0.0380506 0.0396721 0.0396027 0.0366546 0.0388600 0.0388267 0.0396625 0.0379845 0.0388634 0.0356695 0.0364450 0.0364450 0.0372099 0.0380227 0.0365110 0.0389620 0.0380978 0.0372654 0.0364723 0.0380406 0.0380416 0.0380044 0.0365140 0.0373313 0.0357271 0.0372750 0.0357231 0.0364683 0.0348966 0.0365577 0.0348822 0.0364675 0.0364997 0.0349392 0.0356836 0.0356611 0.0361604 0.0356554 0.0343034 0.0349194 0.0333377 0.0333377 0.0327757 0.0325767 0.0325767 
AJ271759.1_Symbiodinium_sp.                                        0.0754644 0.0650536 0.0387540 0.0388177 0.0372499 0.0136440 0.0000000 0.0136340 0.0099842 0.0129106 0.0136680 0.0114719 0.0085548 0.0078316 0.0063969 0.0056772 0.0056772 0.0122243 0.0128973 0.0122023 0.0107244 0.0121898 0.0114659 0.0100088 0.0100124 0.0092768 0.0092891 0.0092948 0.0085662 0.0085541 0.0085532 0.0085532 0.0086595 0.0078395 0.0078336 0.0078336 0.0079613 0.0444550 0.0405055 0.0403976 0.0396142 0.0396142 0.0387138 0.0382242 0.0388703 0.0388429 0.0380444 0.0380271 0.0380271 0.0385197 0.0302834 0.0310088 0.0355319 0.0301825 0.0340202 0.0321059 0.0444257 0.0468065 0.0443635 0.0410739 0.0457476 0.0459495 0.0444607 0.0467340 0.0460548 0.0451318 0.0451800 0.0458526 0.0460181 0.0468264 0.0459460 0.0442268 0.0435552 0.0388293 0.0387903 0.0388696 0.0388696 0.0412026 0.0419887 0.0411165 0.0371843 0.0389248 0.0403585 0.0395904 0.0396923 0.0372056 0.0388198 0.0387520 0.0358111 0.0380114 0.0387489 0.0380303 0.0371412 0.0380146 0.0340631 0.0348345 0.0348345 0.0363694 0.0371785 0.0356714 0.0381108 0.0357078 0.0364235 0.0356336 0.0371958 0.0371969 0.0371605 0.0356743 0.0364876 0.0348905 0.0364327 0.0348866 0.0356297 0.0340643 0.0357168 0.0340504 0.0356290 0.0356603 0.0341058 0.0348482 0.0348262 0.0353125 0.0348207 0.0334692 0.0340866 0.0325115 0.0325115 0.0319466 0.0317532 0.0317532 
AJ271754.1_Symbiodinium_sp.                                        0.0693635 0.0632971 0.0379299 0.0356948 0.0341390 0.0158497 0.0136340 0.0000000 0.0121624 0.0092758 0.0100184 0.0078466 0.0107276 0.0099993 0.0085565 0.0078311 0.0078311 0.0085839 0.0092665 0.0085684 0.0071131 0.0085597 0.0078425 0.0064013 0.0064036 0.0071101 0.0056871 0.0056906 0.0049714 0.0063923 0.0049639 0.0049639 0.0050253 0.0056808 0.0056765 0.0056765 0.0057686 0.0397213 0.0358128 0.0357182 0.0349429 0.0349429 0.0339747 0.0334544 0.0342023 0.0341784 0.0333903 0.0333752 0.0333752 0.0338056 0.0249437 0.0256664 0.0316835 0.0248611 0.0301818 0.0282399 0.0404711 0.0428310 0.0404146 0.0371668 0.0418035 0.0419866 0.0405027 0.0427649 0.0420818 0.0411783 0.0404457 0.0411238 0.0412707 0.0428488 0.0403977 0.0402909 0.0396154 0.0349320 0.0348972 0.0365111 0.0365111 0.0372820 0.0380613 0.0372047 0.0348648 0.0350172 0.0364508 0.0356887 0.0357798 0.0333295 0.0349237 0.0348631 0.0319305 0.0341252 0.0348603 0.0333660 0.0332722 0.0341280 0.0302199 0.0309845 0.0309845 0.0325068 0.0333053 0.0325668 0.0342140 0.0318392 0.0325547 0.0317734 0.0333205 0.0333216 0.0332892 0.0318094 0.0326117 0.0310336 0.0325629 0.0279565 0.0317701 0.0302207 0.0318471 0.0302085 0.0317693 0.0317970 0.0302574 0.0309963 0.0309769 0.0314077 0.0309722 0.0296116 0.0302404 0.0286834 0.0286834 0.0281000 0.0279307 0.0279307 
AJ271756.1_Symbiodinium_sp.                                        0.0736389 0.0633066 0.0371192 0.0372115 0.0356516 0.0121711 0.0099842 0.0121624 0.0000000 0.0114419 0.0121925 0.0100089 0.0071084 0.0063892 0.0049611 0.0042456 0.0042456 0.0107540 0.0114303 0.0107345 0.0092677 0.0107235 0.0100037 0.0085542 0.0085573 0.0078270 0.0078373 0.0078421 0.0071179 0.0071079 0.0071072 0.0071072 0.0071952 0.0063957 0.0063908 0.0063908 0.0064946 0.0428170 0.0388866 0.0387834 0.0380038 0.0380038 0.0370811 0.0365815 0.0372620 0.0372358 0.0364419 0.0364254 0.0364254 0.0368959 0.0287198 0.0294436 0.0339493 0.0286244 0.0324434 0.0305200 0.0427889 0.0451583 0.0427291 0.0394607 0.0441137 0.0443075 0.0428225 0.0450885 0.0444085 0.0434947 0.0435408 0.0442146 0.0443734 0.0451773 0.0443042 0.0425980 0.0419256 0.0372228 0.0371855 0.0372612 0.0372612 0.0395837 0.0403660 0.0395013 0.0355893 0.0365436 0.0387459 0.0379812 0.0380785 0.0356097 0.0372138 0.0371491 0.0342149 0.0364103 0.0371461 0.0364285 0.0355483 0.0364134 0.0324843 0.0332520 0.0332520 0.0347800 0.0355838 0.0340821 0.0365053 0.0341167 0.0348315 0.0340460 0.0356002 0.0356013 0.0355666 0.0340847 0.0348926 0.0333052 0.0348403 0.0333015 0.0340424 0.0324854 0.0341252 0.0309497 0.0340416 0.0340714 0.0325248 0.0332649 0.0332440 0.0337069 0.0332389 0.0318852 0.0325066 0.0309407 0.0309407 0.0303688 0.0301855 0.0301855 
AJ271764.1_Symbiodinium_sp.                                        0.0648964 0.0614540 0.0354307 0.0332584 0.0317170 0.0151224 0.0129106 0.0092758 0.0114419 0.0000000 0.0092987 0.0071301 0.0100080 0.0092810 0.0078400 0.0071160 0.0071160 0.0078651 0.0085499 0.0078509 0.0063990 0.0078429 0.0071264 0.0056876 0.0056896 0.0063963 0.0049741 0.0049771 0.0042593 0.0056796 0.0042529 0.0042529 0.0043055 0.0049685 0.0049648 0.0049648 0.0050453 0.0372410 0.0333677 0.0332804 0.0325120 0.0325120 0.0315124 0.0309782 0.0309913 0.0317536 0.0301921 0.0309598 0.0309598 0.0313567 0.0241003 0.0233119 0.0308048 0.0240209 0.0293110 0.0273701 0.0364205 0.0387504 0.0363700 0.0331765 0.0377585 0.0379219 0.0364486 0.0386911 0.0380068 0.0371262 0.0371649 0.0378439 0.0379776 0.0387661 0.0379194 0.0362599 0.0355830 0.0309601 0.0309296 0.0325162 0.0325162 0.0332778 0.0340474 0.0332098 0.0309012 0.0310346 0.0324629 0.0317094 0.0317894 0.0293847 0.0309530 0.0308999 0.0279865 0.0301674 0.0308974 0.0309375 0.0301118 0.0301698 0.0270671 0.0278231 0.0278231 0.0285786 0.0293635 0.0278798 0.0302451 0.0279074 0.0286202 0.0278503 0.0293767 0.0293777 0.0293494 0.0278815 0.0286698 0.0271166 0.0286272 0.0255945 0.0278476 0.0263199 0.0279143 0.0263094 0.0278468 0.0278707 0.0263517 0.0270844 0.0270676 0.0274411 0.0270637 0.0256990 0.0263370 0.0248036 0.0248036 0.0242040 0.0240594 0.0240594 
L13718.1_Symbiodinium_meandrinae                                   0.0679223 0.0618729 0.0348106 0.0342451 0.0326903 0.0158895 0.0136680 0.0100184 0.0121925 0.0092987 0.0000000 0.0078659 0.0107541 0.0100240 0.0085776 0.0078503 0.0078503 0.0014194 0.0035451 0.0028409 0.0028343 0.0028381 0.0078618 0.0064171 0.0064194 0.0071276 0.0057011 0.0057046 0.0049836 0.0064080 0.0049761 0.0049761 0.0050378 0.0056947 0.0056904 0.0056904 0.0057830 0.0398264 0.0359070 0.0358119 0.0350344 0.0350344 0.0340650 0.0327251 0.0342918 0.0342678 0.0334775 0.0334623 0.0334623 0.0338950 0.0265190 0.0272439 0.0332930 0.0264308 0.0317838 0.0298491 0.0421449 0.0445190 0.0420858 0.0388131 0.0434758 0.0436673 0.0421780 0.0444500 0.0437670 0.0428532 0.0428988 0.0435755 0.0437324 0.0445377 0.0428633 0.0419564 0.0412810 0.0365693 0.0365326 0.0381590 0.0381590 0.0389343 0.0397181 0.0388531 0.0364985 0.0366589 0.0380958 0.0373295 0.0374253 0.0349543 0.0365604 0.0364967 0.0335540 0.0341931 0.0364937 0.0342315 0.0348939 0.0357590 0.0302982 0.0295410 0.0295410 0.0341241 0.0349288 0.0334236 0.0358494 0.0334575 0.0341747 0.0333881 0.0349449 0.0349460 0.0349119 0.0334261 0.0342348 0.0326453 0.0341833 0.0310918 0.0333845 0.0318250 0.0334659 0.0318120 0.0333837 0.0334130 0.0318638 0.0326058 0.0325852 0.0330402 0.0325802 0.0312204 0.0318458 0.0302778 0.0302778 0.0297008 0.0295211 0.0295211 
KU188508.1_Symbiodinium_sp.                                        0.0686207 0.0626159 0.0356268 0.0334387 0.0318885 0.0136783 0.0114719 0.0078466 0.0100089 0.0071301 0.0078659 0.0000000 0.0085760 0.0078510 0.0064128 0.0056912 0.0056912 0.0064333 0.0071230 0.0064217 0.0049756 0.0064152 0.0056909 0.0042581 0.0042596 0.0049735 0.0035465 0.0035487 0.0028345 0.0042585 0.0028345 0.0028345 0.0028695 0.0035479 0.0035453 0.0035453 0.0036027 0.0390017 0.0350935 0.0350009 0.0342256 0.0342256 0.0332455 0.0327197 0.0334843 0.0334609 0.0326733 0.0326585 0.0326585 0.0330800 0.0242287 0.0249522 0.0309703 0.0241484 0.0294682 0.0275181 0.0389671 0.0413228 0.0389127 0.0364513 0.0410883 0.0412683 0.0397830 0.0420467 0.0413619 0.0404605 0.0405032 0.0411822 0.0413295 0.0421292 0.0412654 0.0395749 0.0388977 0.0342149 0.0341808 0.0357933 0.0357933 0.0365642 0.0373435 0.0364884 0.0341491 0.0342983 0.0357342 0.0349719 0.0350612 0.0326138 0.0342068 0.0341474 0.0312118 0.0334088 0.0341447 0.0334256 0.0325577 0.0334116 0.0295054 0.0302699 0.0302699 0.0317923 0.0325900 0.0310912 0.0334958 0.0311225 0.0318391 0.0310582 0.0326050 0.0326060 0.0325743 0.0310934 0.0318949 0.0303179 0.0318471 0.0287749 0.0310550 0.0295061 0.0311303 0.0294942 0.0310542 0.0310812 0.0295420 0.0302814 0.0302624 0.0306836 0.0302579 0.0288935 0.0295254 0.0279693 0.0279693 0.0273816 0.0272165 0.0272165 
AB055917.1_Symbiodinium_sp.                                        0.0720264 0.0617389 0.0355620 0.0357093 0.0341530 0.0107353 0.0085548 0.0107276 0.0071084 0.0100080 0.0107541 0.0085760 0.0000000 0.0049676 0.0035423 0.0028294 0.0028294 0.0093167 0.0099979 0.0092998 0.0078391 0.0092904 0.0085715 0.0071259 0.0071285 0.0064015 0.0064100 0.0064139 0.0056923 0.0056842 0.0056837 0.0056837 0.0057541 0.0049726 0.0049689 0.0049689 0.0043255 0.0412989 0.0373767 0.0372777 0.0364996 0.0364996 0.0347757 0.0342604 0.0357579 0.0357328 0.0349413 0.0349254 0.0349254 0.0353765 0.0272368 0.0279609 0.0324612 0.0271464 0.0309572 0.0290204 0.0412719 0.0436365 0.0412143 0.0379575 0.0426025 0.0403848 0.0389040 0.0411600 0.0404759 0.0395809 0.0411795 0.0418559 0.0420054 0.0436547 0.0419403 0.0410880 0.0404131 0.0357203 0.0356846 0.0357571 0.0357571 0.0372445 0.0364769 0.0379964 0.0356514 0.0358075 0.0372415 0.0364780 0.0365713 0.0341132 0.0357117 0.0356497 0.0327148 0.0349110 0.0356468 0.0349285 0.0340544 0.0349140 0.0309963 0.0317624 0.0317624 0.0332876 0.0340883 0.0325880 0.0350020 0.0326210 0.0333367 0.0325535 0.0341040 0.0341051 0.0340719 0.0325904 0.0333952 0.0318129 0.0333451 0.0318095 0.0325501 0.0309971 0.0326292 0.0309845 0.0325493 0.0325777 0.0310348 0.0317746 0.0317546 0.0321967 0.0317498 0.0303907 0.0310174 0.0294563 0.0294563 0.0288765 0.0287023 0.0287023 
AJ271757.1_Symbiodinium_sp.                                        0.0711441 0.0608901 0.0347869 0.0349200 0.0333671 0.0100064 0.0078316 0.0099993 0.0063892 0.0092810 0.0100240 0.0078510 0.0049676 0.0000000 0.0028301 0.0021192 0.0021192 0.0085887 0.0092716 0.0085732 0.0071170 0.0085644 0.0078469 0.0064049 0.0064072 0.0056828 0.0056903 0.0056937 0.0049742 0.0049671 0.0049667 0.0049667 0.0050281 0.0042566 0.0042534 0.0042534 0.0043224 0.0404957 0.0365816 0.0364849 0.0357085 0.0357085 0.0347516 0.0342365 0.0349675 0.0349430 0.0341535 0.0341380 0.0341380 0.0345785 0.0264661 0.0271896 0.0316825 0.0263783 0.0301809 0.0282392 0.0404693 0.0428290 0.0404128 0.0371653 0.0418016 0.0419847 0.0405009 0.0427629 0.0420799 0.0411765 0.0412200 0.0418970 0.0412689 0.0428468 0.0419817 0.0402892 0.0396137 0.0349308 0.0348960 0.0349667 0.0349667 0.0372805 0.0380598 0.0372033 0.0348636 0.0350159 0.0364495 0.0356874 0.0357785 0.0333284 0.0349225 0.0348619 0.0319295 0.0341240 0.0348591 0.0341411 0.0332711 0.0341269 0.0302190 0.0309836 0.0309836 0.0325058 0.0333042 0.0318061 0.0342128 0.0318382 0.0325537 0.0317724 0.0333194 0.0333205 0.0332881 0.0318084 0.0326107 0.0310327 0.0325618 0.0310294 0.0317691 0.0302198 0.0318461 0.0302076 0.0317684 0.0317960 0.0302565 0.0309954 0.0309759 0.0314067 0.0309713 0.0296108 0.0302396 0.0286826 0.0286826 0.0280993 0.0279300 0.0279300 
AB863030.1_Symbiodinium_sp.                                        0.0694386 0.0592449 0.0332159 0.0333763 0.0318291 0.0085626 0.0063969 0.0085565 0.0049611 0.0078400 0.0085776 0.0064128 0.0035423 0.0028301 0.0000000 0.0007046 0.0007046 0.0071453 0.0078321 0.0071323 0.0056841 0.0071251 0.0064094 0.0049732 0.0049750 0.0042549 0.0042606 0.0042632 0.0035470 0.0035420 0.0035417 0.0035417 0.0035855 0.0028330 0.0028309 0.0028309 0.0028767 0.0389284 0.0350277 0.0349355 0.0341617 0.0341617 0.0331825 0.0326572 0.0334218 0.0333984 0.0326123 0.0325976 0.0325976 0.0330175 0.0249530 0.0256759 0.0301573 0.0248703 0.0286596 0.0267068 0.0389031 0.0412548 0.0388489 0.0356176 0.0402397 0.0404154 0.0389334 0.0411912 0.0405067 0.0396108 0.0396524 0.0403313 0.0404751 0.0412718 0.0404125 0.0387303 0.0380533 0.0333867 0.0333536 0.0334210 0.0334210 0.0357275 0.0365041 0.0356537 0.0333227 0.0334678 0.0349015 0.0341416 0.0342285 0.0317925 0.0333789 0.0333211 0.0303918 0.0325842 0.0333185 0.0326005 0.0317380 0.0325869 0.0286958 0.0294577 0.0294577 0.0309752 0.0317694 0.0302747 0.0326688 0.0303051 0.0310206 0.0302426 0.0317839 0.0317849 0.0317541 0.0302768 0.0310748 0.0295042 0.0310283 0.0295011 0.0302396 0.0286965 0.0303127 0.0286849 0.0302388 0.0302650 0.0287313 0.0294689 0.0294504 0.0298593 0.0294460 0.0280818 0.0287152 0.0271652 0.0271652 0.0265745 0.0264147 0.0264147 
AB016579.1_Symbiodinium_sp.                                        0.0685257 0.0583733 0.0324055 0.0325799 0.0310368 0.0078366 0.0056772 0.0078311 0.0042456 0.0071160 0.0078503 0.0056912 0.0028294 0.0021192 0.0007046 0.0000000 0.0000010 0.0064205 0.0071088 0.0064090 0.0049658 0.0064025 0.0056882 0.0042560 0.0042576 0.0035402 0.0035449 0.0035470 0.0028331 0.0028292 0.0028289 0.0028289 0.0028638 0.0021214 0.0021198 0.0021198 0.0021540 0.0381152 0.0342247 0.0341348 0.0333630 0.0333630 0.0323731 0.0318431 0.0326242 0.0326015 0.0318178 0.0318035 0.0318035 0.0322125 0.0241791 0.0249011 0.0293731 0.0240991 0.0278785 0.0259216 0.0380905 0.0404360 0.0380375 0.0348172 0.0394281 0.0395998 0.0381201 0.0403738 0.0396890 0.0387978 0.0388385 0.0395177 0.0396582 0.0404526 0.0395971 0.0379216 0.0372443 0.0325901 0.0325578 0.0326235 0.0326235 0.0349243 0.0356989 0.0348524 0.0325277 0.0326690 0.0341016 0.0333435 0.0334281 0.0310014 0.0325825 0.0325262 0.0296009 0.0317905 0.0325236 0.0318064 0.0309483 0.0317931 0.0279137 0.0286737 0.0286737 0.0301874 0.0309789 0.0294872 0.0318728 0.0295167 0.0302316 0.0294559 0.0309930 0.0309940 0.0309640 0.0294891 0.0302843 0.0287187 0.0302391 0.0287157 0.0294530 0.0279143 0.0295240 0.0279031 0.0294522 0.0294777 0.0279481 0.0286844 0.0286665 0.0290639 0.0286623 0.0272973 0.0279325 0.0263873 0.0263873 0.0257934 0.0256385 0.0256385 
AB016572.1_Symbiodinium_sp.                                        0.0685257 0.0583733 0.0324055 0.0325799 0.0310368 0.0078366 0.0056772 0.0078311 0.0042456 0.0071160 0.0078503 0.0056912 0.0028294 0.0021192 0.0007046 0.0000010 0.0000000 0.0064205 0.0071088 0.0064090 0.0049658 0.0064025 0.0056882 0.0042560 0.0042576 0.0035402 0.0035449 0.0035470 0.0028331 0.0028292 0.0028289 0.0028289 0.0028638 0.0021214 0.0021198 0.0021198 0.0021540 0.0381152 0.0342247 0.0341348 0.0333630 0.0333630 0.0323731 0.0318431 0.0326242 0.0326015 0.0318178 0.0318035 0.0318035 0.0322125 0.0241791 0.0249011 0.0293731 0.0240991 0.0278785 0.0259216 0.0380905 0.0404360 0.0380375 0.0348172 0.0394281 0.0395998 0.0381201 0.0403738 0.0396890 0.0387978 0.0388385 0.0395177 0.0396582 0.0404526 0.0395971 0.0379216 0.0372443 0.0325901 0.0325578 0.0326235 0.0326235 0.0349243 0.0356989 0.0348524 0.0325277 0.0326690 0.0341016 0.0333435 0.0334281 0.0310014 0.0325825 0.0325262 0.0296009 0.0317905 0.0325236 0.0318064 0.0309483 0.0317931 0.0279137 0.0286737 0.0286737 0.0301874 0.0309789 0.0294872 0.0318728 0.0295167 0.0302316 0.0294559 0.0309930 0.0309940 0.0309640 0.0294891 0.0302843 0.0287187 0.0302391 0.0287157 0.0294530 0.0279143 0.0295240 0.0279031 0.0294522 0.0294777 0.0279481 0.0286844 0.0286665 0.0290639 0.0286623 0.0272973 0.0279325 0.0263873 0.0263873 0.0257934 0.0256385 0.0256385 
L13717.1_Symbiodinium_corculorum                                   0.0663067 0.0602953 0.0332815 0.0327409 0.0311899 0.0144389 0.0122243 0.0085839 0.0107540 0.0078651 0.0014194 0.0064333 0.0093167 0.0085887 0.0071453 0.0064205 0.0064205 0.0000000 0.0021263 0.0014199 0.0014166 0.0014185 0.0064300 0.0049891 0.0049910 0.0056999 0.0042742 0.0042768 0.0035584 0.0049821 0.0035530 0.0035530 0.0035970 0.0042694 0.0042662 0.0042662 0.0043356 0.0375312 0.0343948 0.0343039 0.0335282 0.0335282 0.0325359 0.0311886 0.0327858 0.0327628 0.0319750 0.0319605 0.0319605 0.0323736 0.0250347 0.0257599 0.0317991 0.0249515 0.0302919 0.0283440 0.0406205 0.0429894 0.0405636 0.0373032 0.0419571 0.0421416 0.0406524 0.0429228 0.0422375 0.0413302 0.0413740 0.0420533 0.0422043 0.0430074 0.0413399 0.0404391 0.0397614 0.0350604 0.0350253 0.0366455 0.0366455 0.0374192 0.0382015 0.0373414 0.0349927 0.0351462 0.0365848 0.0358198 0.0359116 0.0334516 0.0350520 0.0349910 0.0320479 0.0326916 0.0349882 0.0327282 0.0333939 0.0342533 0.0288074 0.0280514 0.0280514 0.0326257 0.0334272 0.0319236 0.0343398 0.0319559 0.0326739 0.0318897 0.0334426 0.0334437 0.0334110 0.0319259 0.0327314 0.0311472 0.0326822 0.0295980 0.0318863 0.0303311 0.0319639 0.0303188 0.0318856 0.0319134 0.0303681 0.0311096 0.0310900 0.0315240 0.0310854 0.0297203 0.0303510 0.0287880 0.0287880 0.0282031 0.0280326 0.0280326 
AB055918.1_Symbiodinium_sp.                                        0.0668301 0.0608314 0.0339098 0.0333611 0.0318147 0.0151067 0.0128973 0.0092665 0.0114303 0.0085499 0.0035451 0.0071230 0.0099979 0.0092716 0.0078321 0.0071088 0.0071088 0.0021263 0.0000000 0.0021225 0.0021175 0.0021203 0.0071192 0.0056819 0.0056839 0.0063899 0.0049691 0.0049721 0.0042551 0.0056739 0.0042486 0.0042486 0.0043011 0.0049635 0.0049598 0.0049598 0.0050401 0.0389104 0.0350117 0.0349195 0.0341461 0.0341461 0.0331671 0.0318283 0.0334066 0.0333833 0.0325976 0.0325828 0.0325828 0.0330024 0.0256768 0.0263990 0.0324188 0.0255918 0.0309167 0.0289820 0.0412174 0.0435788 0.0411599 0.0379076 0.0425465 0.0427329 0.0412497 0.0435116 0.0428299 0.0419238 0.0419681 0.0426436 0.0427963 0.0435970 0.0427298 0.0410340 0.0403599 0.0356733 0.0356377 0.0372540 0.0372540 0.0380253 0.0388050 0.0379464 0.0356047 0.0357603 0.0371925 0.0364300 0.0365231 0.0340684 0.0356648 0.0356029 0.0326717 0.0348652 0.0356001 0.0333481 0.0340098 0.0348681 0.0294375 0.0286840 0.0286840 0.0332440 0.0340436 0.0325453 0.0349559 0.0325782 0.0332930 0.0325108 0.0340593 0.0340603 0.0340272 0.0325477 0.0333513 0.0317712 0.0333014 0.0302263 0.0325074 0.0309566 0.0325863 0.0309440 0.0325067 0.0325350 0.0309941 0.0317330 0.0317130 0.0321540 0.0317082 0.0295922 0.0309768 0.0294178 0.0294178 0.0288385 0.0286648 0.0286648 
X62650.1_S.pilosum                                                 0.0661790 0.0601812 0.0332191 0.0326805 0.0311324 0.0144128 0.0122023 0.0085684 0.0107345 0.0078509 0.0028409 0.0064217 0.0092998 0.0085732 0.0071323 0.0064090 0.0064090 0.0014199 0.0021225 0.0000000 0.0014141 0.0014159 0.0064183 0.0049802 0.0049820 0.0056896 0.0042665 0.0042691 0.0035520 0.0049731 0.0035466 0.0035466 0.0035905 0.0042618 0.0042585 0.0042585 0.0043277 0.0382344 0.0343311 0.0342405 0.0334663 0.0334663 0.0324748 0.0311297 0.0327252 0.0327023 0.0319160 0.0319016 0.0319016 0.0323132 0.0249888 0.0257127 0.0317407 0.0249059 0.0302364 0.0282915 0.0405450 0.0429094 0.0404883 0.0372343 0.0418795 0.0420633 0.0405768 0.0428431 0.0421589 0.0412535 0.0412971 0.0419753 0.0421258 0.0429273 0.0420603 0.0403642 0.0396876 0.0349956 0.0349606 0.0365777 0.0365777 0.0373499 0.0381307 0.0372724 0.0349281 0.0350810 0.0365172 0.0357536 0.0358451 0.0333900 0.0349872 0.0349265 0.0319887 0.0341872 0.0349236 0.0326678 0.0333325 0.0341900 0.0287545 0.0280000 0.0280000 0.0325657 0.0333657 0.0318648 0.0342763 0.0318970 0.0326138 0.0318310 0.0333810 0.0333820 0.0333495 0.0318671 0.0326710 0.0310899 0.0326220 0.0295436 0.0318277 0.0302754 0.0319050 0.0302631 0.0318269 0.0318547 0.0303122 0.0310525 0.0310329 0.0314653 0.0310283 0.0296655 0.0302952 0.0287352 0.0287352 0.0281511 0.0279812 0.0279812 
AB016723.1_Symbiodinium_sp.                                        0.0660027 0.0600248 0.0331354 0.0310707 0.0295320 0.0129213 0.0107244 0.0071131 0.0092677 0.0063990 0.0028343 0.0049756 0.0078391 0.0071170 0.0056841 0.0049658 0.0049658 0.0014166 0.0021175 0.0014141 0.0000000 0.0014127 0.0049730 0.0035437 0.0035450 0.0042510 0.0028335 0.0028352 0.0021231 0.0035387 0.0021199 0.0021199 0.0021460 0.0028303 0.0028282 0.0028282 0.0028739 0.0381386 0.0342456 0.0341555 0.0333833 0.0333833 0.0323931 0.0310510 0.0326440 0.0326213 0.0318371 0.0318227 0.0318227 0.0322323 0.0234262 0.0241479 0.0301449 0.0233488 0.0286478 0.0266957 0.0388867 0.0412374 0.0388326 0.0356027 0.0402228 0.0403984 0.0389170 0.0411739 0.0404896 0.0395942 0.0396358 0.0403144 0.0404581 0.0412544 0.0403955 0.0387141 0.0380373 0.0333728 0.0333397 0.0349445 0.0349445 0.0357126 0.0364888 0.0356389 0.0333088 0.0334538 0.0348869 0.0341274 0.0342142 0.0317793 0.0333650 0.0333073 0.0303791 0.0325707 0.0333046 0.0310589 0.0317248 0.0325734 0.0271722 0.0279313 0.0279313 0.0309623 0.0317563 0.0302622 0.0326552 0.0302926 0.0310078 0.0302301 0.0317707 0.0317717 0.0317409 0.0302642 0.0310619 0.0294920 0.0310155 0.0279553 0.0302271 0.0286846 0.0303001 0.0286731 0.0302263 0.0302525 0.0287194 0.0294567 0.0294382 0.0298468 0.0294339 0.0280702 0.0287033 0.0271540 0.0271540 0.0265635 0.0264038 0.0264038 
AB016724.1_Symbiodinium_sp.                                        0.0661060 0.0601161 0.0331835 0.0326461 0.0310997 0.0143980 0.0121898 0.0085597 0.0107235 0.0078429 0.0028381 0.0064152 0.0092904 0.0085644 0.0071251 0.0064025 0.0064025 0.0014185 0.0021203 0.0014159 0.0014127 0.0000000 0.0064118 0.0049751 0.0049769 0.0056838 0.0042622 0.0042648 0.0035483 0.0049681 0.0035430 0.0035430 0.0035868 0.0042574 0.0042542 0.0042542 0.0043232 0.0381938 0.0342948 0.0342044 0.0334310 0.0334310 0.0324400 0.0310962 0.0326907 0.0326679 0.0318824 0.0318680 0.0318680 0.0322788 0.0249627 0.0256859 0.0317075 0.0248800 0.0302047 0.0282616 0.0405020 0.0428638 0.0404454 0.0371951 0.0418353 0.0420187 0.0405337 0.0427976 0.0421140 0.0412098 0.0412533 0.0419309 0.0420810 0.0428816 0.0420156 0.0403216 0.0396456 0.0349587 0.0349238 0.0365390 0.0365390 0.0373104 0.0380903 0.0372331 0.0348914 0.0350439 0.0364786 0.0357159 0.0358071 0.0333549 0.0349503 0.0348897 0.0319549 0.0341512 0.0348869 0.0326334 0.0332975 0.0341540 0.0287244 0.0279707 0.0279707 0.0325315 0.0333306 0.0318313 0.0342401 0.0318634 0.0325795 0.0317976 0.0333459 0.0333469 0.0333145 0.0318336 0.0326366 0.0310573 0.0325877 0.0295126 0.0317943 0.0302437 0.0318714 0.0302314 0.0317935 0.0318212 0.0302804 0.0310199 0.0310004 0.0314319 0.0309957 0.0296342 0.0302634 0.0287052 0.0287052 0.0281215 0.0279519 0.0279519 
KU188515.1_Symbiodinium_sp.                                        0.0685772 0.0625773 0.0356060 0.0334196 0.0318703 0.0136709 0.0114659 0.0078425 0.0100037 0.0071264 0.0078618 0.0056909 0.0085715 0.0078469 0.0064094 0.0056882 0.0056882 0.0064300 0.0071192 0.0064183 0.0049730 0.0064118 0.0000000 0.0042558 0.0042574 0.0049709 0.0035447 0.0035468 0.0028330 0.0042563 0.0028330 0.0028330 0.0028680 0.0035461 0.0035434 0.0035434 0.0028781 0.0389790 0.0350733 0.0349808 0.0342060 0.0342060 0.0324416 0.0319110 0.0334651 0.0334418 0.0326546 0.0326398 0.0326398 0.0330609 0.0242152 0.0249382 0.0309528 0.0241350 0.0294515 0.0275024 0.0397288 0.0420871 0.0396734 0.0364303 0.0410645 0.0412442 0.0397599 0.0420221 0.0413377 0.0404370 0.0404796 0.0411582 0.0413054 0.0421045 0.0412413 0.0395520 0.0388751 0.0341953 0.0341612 0.0357727 0.0357727 0.0365431 0.0373219 0.0364675 0.0341295 0.0342786 0.0357136 0.0349518 0.0350410 0.0325952 0.0341872 0.0341279 0.0311940 0.0333898 0.0341252 0.0334065 0.0325391 0.0333925 0.0294888 0.0302528 0.0302528 0.0317743 0.0325715 0.0310735 0.0334766 0.0311048 0.0318210 0.0310406 0.0325864 0.0325874 0.0325557 0.0310757 0.0318767 0.0303007 0.0318290 0.0287587 0.0310374 0.0294895 0.0311126 0.0294776 0.0310366 0.0310636 0.0295253 0.0302643 0.0302453 0.0306660 0.0302408 0.0288771 0.0295088 0.0279535 0.0279535 0.0273661 0.0272012 0.0272012 
KU188511.1_Symbiodinium_sp.                                        0.0668251 0.0608760 0.0340043 0.0318548 0.0303124 0.0122023 0.0100088 0.0064013 0.0085542 0.0056876 0.0064171 0.0042581 0.0071259 0.0064049 0.0049732 0.0042560 0.0042560 0.0049891 0.0056819 0.0049802 0.0035437 0.0049751 0.0042558 0.0000000 0.0028315 0.0035422 0.0021218 0.0021231 0.0014131 0.0028308 0.0014131 0.0014131 0.0014306 0.0021226 0.0021210 0.0021210 0.0021552 0.0373860 0.0334969 0.0334089 0.0326374 0.0326374 0.0316358 0.0311004 0.0318982 0.0318761 0.0310930 0.0310789 0.0310789 0.0314789 0.0226917 0.0234136 0.0294063 0.0226167 0.0279101 0.0259512 0.0381340 0.0404822 0.0380809 0.0348567 0.0394729 0.0396450 0.0381637 0.0404199 0.0397345 0.0388421 0.0388829 0.0395627 0.0397036 0.0404989 0.0396423 0.0379648 0.0372868 0.0326272 0.0325948 0.0341968 0.0341968 0.0349641 0.0357396 0.0348920 0.0325647 0.0327063 0.0341404 0.0333814 0.0327024 0.0310366 0.0326196 0.0325632 0.0296346 0.0318266 0.0325606 0.0318425 0.0309834 0.0318292 0.0279453 0.0287061 0.0287061 0.0302216 0.0310141 0.0295207 0.0319092 0.0295502 0.0302659 0.0294893 0.0310282 0.0310292 0.0309991 0.0295226 0.0303187 0.0287513 0.0302734 0.0272165 0.0294864 0.0279459 0.0295576 0.0279347 0.0294856 0.0295111 0.0279798 0.0287169 0.0286989 0.0290973 0.0286948 0.0273284 0.0279642 0.0264171 0.0264171 0.0258227 0.0256675 0.0256675 
KU188514.1_Symbiodinium_sp.                                        0.0668552 0.0609027 0.0340183 0.0318675 0.0303246 0.0122068 0.0100124 0.0064036 0.0085573 0.0056896 0.0064194 0.0042596 0.0071285 0.0064072 0.0049750 0.0042576 0.0042576 0.0049910 0.0056839 0.0049820 0.0035450 0.0049769 0.0042574 0.0028315 0.0000000 0.0035435 0.0021225 0.0021238 0.0014136 0.0028318 0.0014136 0.0014136 0.0014311 0.0021234 0.0021218 0.0021218 0.0021552 0.0374013 0.0335105 0.0334224 0.0326506 0.0326506 0.0316487 0.0311131 0.0319111 0.0318889 0.0311054 0.0310914 0.0310914 0.0314917 0.0227006 0.0234227 0.0294179 0.0226255 0.0279211 0.0259615 0.0381496 0.0404989 0.0380964 0.0348708 0.0394891 0.0396613 0.0381793 0.0404366 0.0397508 0.0388580 0.0388988 0.0395790 0.0397199 0.0405156 0.0396586 0.0379803 0.0373020 0.0326403 0.0326079 0.0342106 0.0342106 0.0349783 0.0357542 0.0349061 0.0325778 0.0327195 0.0341541 0.0333949 0.0334798 0.0310490 0.0326327 0.0325763 0.0296464 0.0318394 0.0325736 0.0318553 0.0309958 0.0318420 0.0279564 0.0287175 0.0287175 0.0302336 0.0310265 0.0295324 0.0319220 0.0295620 0.0302780 0.0295011 0.0310406 0.0310416 0.0310115 0.0295344 0.0303308 0.0287627 0.0302855 0.0272273 0.0294981 0.0279570 0.0295693 0.0279457 0.0294974 0.0295229 0.0279909 0.0287283 0.0287103 0.0291090 0.0287061 0.0273392 0.0279752 0.0264275 0.0264275 0.0258329 0.0256776 0.0256776 
AF238256.1_Symbiodinium_sp._Type_A                                 0.0676462 0.0599972 0.0331868 0.0325852 0.0310418 0.0114634 0.0092768 0.0071101 0.0078270 0.0063963 0.0071276 0.0049735 0.0064015 0.0056828 0.0042549 0.0035402 0.0035402 0.0056999 0.0063899 0.0056896 0.0042510 0.0056838 0.0049709 0.0035422 0.0035435 0.0000000 0.0028323 0.0028340 0.0021222 0.0021192 0.0021190 0.0021190 0.0021451 0.0014125 0.0014114 0.0014114 0.0014340 0.0381216 0.0342304 0.0341404 0.0333685 0.0333685 0.0323785 0.0318484 0.0326296 0.0326069 0.0318230 0.0318086 0.0318086 0.0322178 0.0234160 0.0241373 0.0301317 0.0233386 0.0286352 0.0266838 0.0388694 0.0412189 0.0388152 0.0355870 0.0402049 0.0403803 0.0388996 0.0411555 0.0404714 0.0395765 0.0396181 0.0402964 0.0404399 0.0412359 0.0403775 0.0386969 0.0380204 0.0333580 0.0333249 0.0349290 0.0349290 0.0356967 0.0364726 0.0356230 0.0332941 0.0334390 0.0348714 0.0341122 0.0341990 0.0317653 0.0333502 0.0332925 0.0303657 0.0325563 0.0332899 0.0325725 0.0317108 0.0325590 0.0286714 0.0294326 0.0294326 0.0309487 0.0317422 0.0302488 0.0326407 0.0302792 0.0309941 0.0302168 0.0317567 0.0317577 0.0317269 0.0302509 0.0310482 0.0294790 0.0310018 0.0279430 0.0302137 0.0286720 0.0302867 0.0286605 0.0302130 0.0302391 0.0287068 0.0294437 0.0294253 0.0298335 0.0294209 0.0280578 0.0286907 0.0271421 0.0271421 0.0265518 0.0263923 0.0263923 
KU188513.1_Symbiodinium_sp.                                        0.0660084 0.0600781 0.0332321 0.0310986 0.0295585 0.0114786 0.0092891 0.0056871 0.0078373 0.0049741 0.0057011 0.0035465 0.0064100 0.0056903 0.0042606 0.0035449 0.0035449 0.0042742 0.0049691 0.0042665 0.0028335 0.0042622 0.0035447 0.0021218 0.0021225 0.0028323 0.0000000 0.0014146 0.0007056 0.0021220 0.0007056 0.0007056 0.0007149 0.0014143 0.0014133 0.0014133 0.0014361 0.0366205 0.0327365 0.0326506 0.0318801 0.0318801 0.0308672 0.0303266 0.0311411 0.0311195 0.0303377 0.0303240 0.0303240 0.0307142 0.0219488 0.0226706 0.0286571 0.0218763 0.0271622 0.0251972 0.0373682 0.0397135 0.0373162 0.0340986 0.0387097 0.0388783 0.0373973 0.0396524 0.0389659 0.0380768 0.0381167 0.0387978 0.0389357 0.0397298 0.0388757 0.0372025 0.0365235 0.0318701 0.0318384 0.0334370 0.0334370 0.0342035 0.0349780 0.0341331 0.0318090 0.0319472 0.0333819 0.0326237 0.0327065 0.0302828 0.0318626 0.0318076 0.0288794 0.0310712 0.0318050 0.0310868 0.0302309 0.0310738 0.0271965 0.0279564 0.0279564 0.0294701 0.0302608 0.0287685 0.0311518 0.0287973 0.0295132 0.0287380 0.0302745 0.0302756 0.0302462 0.0287704 0.0295647 0.0280003 0.0295205 0.0264679 0.0287351 0.0271971 0.0288044 0.0271861 0.0287344 0.0287592 0.0272301 0.0279668 0.0279493 0.0283371 0.0279453 0.0265766 0.0272148 0.0256706 0.0256706 0.0250724 0.0249218 0.0249218 
KU188510.1_Symbiodinium_sp.                                        0.0660563 0.0601205 0.0332544 0.0311190 0.0295778 0.0114858 0.0092948 0.0056906 0.0078421 0.0049771 0.0057046 0.0035487 0.0064139 0.0056937 0.0042632 0.0035470 0.0035470 0.0042768 0.0049721 0.0042691 0.0028352 0.0042648 0.0035468 0.0021231 0.0021238 0.0028340 0.0014146 0.0000000 0.0007066 0.0021233 0.0007066 0.0007066 0.0007153 0.0014152 0.0014141 0.0014141 0.0014361 0.0366449 0.0327581 0.0326721 0.0319010 0.0319010 0.0308878 0.0303469 0.0311616 0.0311399 0.0303576 0.0303439 0.0303439 0.0307346 0.0219629 0.0226852 0.0286757 0.0218903 0.0271798 0.0252136 0.0373931 0.0397401 0.0373410 0.0341211 0.0387355 0.0389043 0.0374222 0.0396789 0.0389920 0.0381022 0.0381422 0.0388236 0.0389618 0.0397564 0.0389017 0.0372272 0.0365477 0.0318910 0.0318594 0.0334591 0.0334591 0.0342261 0.0350012 0.0341556 0.0318299 0.0319683 0.0334039 0.0326452 0.0327281 0.0303026 0.0318836 0.0318285 0.0288983 0.0310916 0.0318259 0.0311072 0.0302507 0.0310942 0.0272142 0.0279745 0.0279745 0.0294893 0.0302806 0.0287873 0.0311723 0.0288160 0.0295325 0.0287567 0.0302943 0.0302954 0.0302660 0.0287891 0.0295840 0.0280185 0.0295398 0.0264850 0.0287538 0.0272147 0.0288232 0.0272038 0.0287531 0.0287779 0.0272478 0.0279850 0.0279675 0.0283558 0.0279634 0.0265939 0.0272325 0.0256872 0.0256872 0.0250887 0.0249379 0.0249379 
KU188509.1_Symbiodinium_sp.                                        0.0651527 0.0592459 0.0324431 0.0303272 0.0287902 0.0107497 0.0085662 0.0049714 0.0071179 0.0042593 0.0049836 0.0028345 0.0056923 0.0049742 0.0035470 0.0028331 0.0028331 0.0035584 0.0042551 0.0035520 0.0021231 0.0035483 0.0028330 0.0014131 0.0014136 0.0021222 0.0007056 0.0007066 0.0000000 0.0014133 0.0000010 0.0000010 0.0000010 0.0007060 0.0007056 0.0007056 0.0007177 0.0358364 0.0319598 0.0318761 0.0311070 0.0311070 0.0300832 0.0295377 0.0303687 0.0303476 0.0295677 0.0295544 0.0295544 0.0299343 0.0211958 0.0219173 0.0278942 0.0211259 0.0264015 0.0244313 0.0365834 0.0389242 0.0365325 0.0333235 0.0379267 0.0380917 0.0366118 0.0388644 0.0381773 0.0372921 0.0373311 0.0380129 0.0381478 0.0389401 0.0380891 0.0364214 0.0357416 0.0310972 0.0310664 0.0326606 0.0326606 0.0334258 0.0341989 0.0333571 0.0310378 0.0311723 0.0326068 0.0318499 0.0319306 0.0295143 0.0310900 0.0310364 0.0281102 0.0303007 0.0310339 0.0303158 0.0294638 0.0303031 0.0264348 0.0271932 0.0271932 0.0287043 0.0294929 0.0280025 0.0303791 0.0280304 0.0287462 0.0279727 0.0295062 0.0295072 0.0294786 0.0280042 0.0287963 0.0272358 0.0287533 0.0257067 0.0279700 0.0264353 0.0280373 0.0264247 0.0279693 0.0279934 0.0264674 0.0272034 0.0271863 0.0275632 0.0271824 0.0258122 0.0264526 0.0249121 0.0249121 0.0243103 0.0241645 0.0241645 
