130
GU362426_Gymnodinium_catenatum                                     0.0000000 0.0453687 0.0657312 0.0703987 0.0686959 0.0771517 0.0752941 0.0692159 0.0734809 0.0647696 0.0677775 0.0684781 0.0718776 0.0709966 0.0692973 0.0683856 0.0683856 0.0661699 0.0666951 0.0660395 0.0658697 0.0659676 0.0684314 0.0666871 0.0667174 0.0675053 0.0658721 0.0659226 0.0650192 0.0666439 0.0649671 0.0649671 0.0658465 0.0658432 0.0657904 0.0657904 0.0652295 0.0733735 0.0673016 0.0671073 0.0662677 0.0662677 0.0657604 0.0664237 0.0664153 0.0654480 0.0654969 0.0663462 0.0663462 0.0672404 0.0628966 0.0627386 0.0676890 0.0634949 0.0660725 0.0643820 0.0741111 0.0766867 0.0740120 0.0694310 0.0693630 0.0748754 0.0731001 0.0765562 0.0759058 0.0748177 0.0740659 0.0729792 0.0732552 0.0767381 0.0740131 0.0737624 0.0713882 0.0696229 0.0695478 0.0696489 0.0696489 0.0722812 0.0706055 0.0703848 0.0695422 0.0707018 0.0679555 0.0704894 0.0706736 0.0634842 0.0696523 0.0695427 0.0664649 0.0687601 0.0678669 0.0655941 0.0669222 0.0678970 0.0603089 0.0594992 0.0594992 0.0669136 0.0678197 0.0662264 0.0689576 0.0662949 0.0678654 0.0661503 0.0678483 0.0678544 0.0677888 0.0670823 0.0663078 0.0653737 0.0670325 0.0611555 0.0661379 0.0660815 0.0663148 0.0644076 0.0636573 0.0662046 0.0618890 0.0652933 0.0652460 0.0661920 0.0652348 0.0639441 0.0644702 0.0627371 0.0627371 0.0631706 0.0635683 0.0635683 
EF492511                                                           0.0453687 0.0000000 0.0450106 0.0637302 0.0620715 0.0675753 0.0649546 0.0632042 0.0632170 0.0613654 0.0617819 0.0625265 0.0616562 0.0608080 0.0591672 0.0582961 0.0582961 0.0602106 0.0607484 0.0600941 0.0599431 0.0600298 0.0624851 0.0607907 0.0608167 0.0599125 0.0599938 0.0600378 0.0591637 0.0590792 0.0590705 0.0590705 0.0598534 0.0582978 0.0582519 0.0582519 0.0575492 0.0664372 0.0605473 0.0603771 0.0579476 0.0579476 0.0572813 0.0578460 0.0613506 0.0587617 0.0604600 0.0596291 0.0596291 0.0604166 0.0530940 0.0520387 0.0536829 0.0512834 0.0521228 0.0503455 0.0679866 0.0704931 0.0678976 0.0618947 0.0626850 0.0654548 0.0653779 0.0687278 0.0680758 0.0670438 0.0654418 0.0652744 0.0655131 0.0688868 0.0662579 0.0660400 0.0653500 0.0637430 0.0636758 0.0646157 0.0646157 0.0645793 0.0645824 0.0627601 0.0635647 0.0630653 0.0620334 0.0628515 0.0621871 0.0585587 0.0620378 0.0611243 0.0589639 0.0611764 0.0619327 0.0580821 0.0577640 0.0603406 0.0529821 0.0521938 0.0521938 0.0594013 0.0602740 0.0587185 0.0613480 0.0587772 0.0603135 0.0586519 0.0602984 0.0603039 0.0594323 0.0587232 0.0587885 0.0578914 0.0586894 0.0553030 0.0586416 0.0585928 0.0587943 0.0569678 0.0578349 0.0586987 0.0545447 0.0578224 0.0561779 0.0569746 0.0577723 0.0564784 0.0570220 0.0553465 0.0553465 0.0557203 0.0561538 0.0561538 
JF791031                                                           0.0657312 0.0450106 0.0000000 0.0417302 0.0401325 0.0403456 0.0387215 0.0378986 0.0370920 0.0354036 0.0347824 0.0356005 0.0355387 0.0347637 0.0331950 0.0323847 0.0323847 0.0332565 0.0338856 0.0331927 0.0331119 0.0331576 0.0355780 0.0339800 0.0339936 0.0331628 0.0332083 0.0332315 0.0324203 0.0323736 0.0323696 0.0323696 0.0327925 0.0316131 0.0315884 0.0315884 0.0313333 0.0441763 0.0401921 0.0400824 0.0392910 0.0392910 0.0391850 0.0378723 0.0393164 0.0385116 0.0384830 0.0376872 0.0376872 0.0381797 0.0321786 0.0336552 0.0374914 0.0336056 0.0359574 0.0340384 0.0448663 0.0472745 0.0448083 0.0407150 0.0430648 0.0440067 0.0448766 0.0471751 0.0464918 0.0455597 0.0456125 0.0454841 0.0456452 0.0472968 0.0463767 0.0455013 0.0448247 0.0408534 0.0408117 0.0416883 0.0416883 0.0391931 0.0423905 0.0407786 0.0399645 0.0401609 0.0415930 0.0408127 0.0393378 0.0383934 0.0400255 0.0376132 0.0362060 0.0391708 0.0383755 0.0377319 0.0375538 0.0392167 0.0328873 0.0321201 0.0321201 0.0375483 0.0383693 0.0360710 0.0393170 0.0368801 0.0368324 0.0368028 0.0383835 0.0383876 0.0360194 0.0368465 0.0368872 0.0376102 0.0360517 0.0368221 0.0352356 0.0336581 0.0368902 0.0352026 0.0368005 0.0368311 0.0336865 0.0360103 0.0359851 0.0356518 0.0359807 0.0346163 0.0352356 0.0336423 0.0336423 0.0338657 0.0328745 0.0328745 
AY160124.1_Symbiodinium_sp._G15                                    0.0703987 0.0637302 0.0417302 0.0000000 0.0014078 0.0396415 0.0387854 0.0356634 0.0371843 0.0332312 0.0342161 0.0334121 0.0356858 0.0348968 0.0333553 0.0325590 0.0325590 0.0327153 0.0333361 0.0326535 0.0310480 0.0326195 0.0333915 0.0318301 0.0318426 0.0325593 0.0310746 0.0310958 0.0303042 0.0317851 0.0302577 0.0302577 0.0306453 0.0310386 0.0310147 0.0310147 0.0299724 0.0402070 0.0363284 0.0362318 0.0354613 0.0354613 0.0345060 0.0348364 0.0354836 0.0347015 0.0346763 0.0339022 0.0339022 0.0343356 0.0308767 0.0338566 0.0360976 0.0315286 0.0345917 0.0326936 0.0433649 0.0457288 0.0433098 0.0408229 0.0439063 0.0456618 0.0449509 0.0464375 0.0457636 0.0448488 0.0433127 0.0455708 0.0457299 0.0456552 0.0456522 0.0439505 0.0432832 0.0401663 0.0401260 0.0401239 0.0401239 0.0417281 0.0409558 0.0408612 0.0377514 0.0402538 0.0401151 0.0393495 0.0394439 0.0331388 0.0385772 0.0385204 0.0355988 0.0385570 0.0385146 0.0355620 0.0353933 0.0377846 0.0308251 0.0315866 0.0315866 0.0361515 0.0369556 0.0354588 0.0378795 0.0370254 0.0369783 0.0354187 0.0369689 0.0369728 0.0361739 0.0354600 0.0362643 0.0346805 0.0362101 0.0354423 0.0354137 0.0338608 0.0355013 0.0338503 0.0354165 0.0354454 0.0331299 0.0346417 0.0346179 0.0350956 0.0346137 0.0332680 0.0338815 0.0323197 0.0323197 0.0317571 0.0315660 0.0315660 
HE653239_Symbiodinium_voratum                                      0.0686959 0.0620715 0.0401325 0.0014078 0.0000000 0.0380703 0.0372204 0.0341103 0.0356270 0.0316924 0.0326639 0.0318644 0.0341318 0.0333463 0.0318104 0.0310182 0.0310182 0.0311668 0.0317921 0.0311080 0.0295116 0.0310756 0.0318449 0.0302903 0.0303021 0.0310185 0.0295369 0.0295570 0.0287695 0.0302474 0.0287254 0.0287254 0.0290927 0.0295027 0.0294801 0.0294801 0.0284172 0.0386423 0.0347776 0.0346854 0.0339177 0.0339177 0.0329406 0.0332554 0.0339389 0.0331603 0.0331362 0.0323653 0.0323653 0.0327783 0.0293494 0.0323219 0.0345573 0.0300041 0.0330556 0.0311466 0.0417877 0.0441430 0.0417347 0.0392621 0.0423357 0.0440785 0.0433675 0.0448517 0.0441763 0.0432693 0.0417375 0.0439909 0.0441440 0.0440720 0.0440692 0.0423781 0.0417093 0.0386031 0.0385645 0.0385626 0.0385626 0.0401592 0.0393894 0.0392987 0.0362005 0.0386869 0.0385540 0.0377910 0.0378813 0.0316046 0.0370213 0.0369669 0.0340488 0.0370019 0.0369614 0.0340138 0.0338529 0.0362322 0.0293004 0.0300592 0.0300592 0.0346087 0.0354085 0.0339154 0.0363230 0.0354752 0.0354303 0.0338770 0.0354212 0.0354249 0.0346302 0.0339164 0.0347165 0.0331403 0.0346647 0.0338997 0.0338724 0.0323259 0.0339559 0.0323159 0.0338750 0.0339025 0.0315961 0.0331033 0.0330806 0.0335363 0.0330767 0.0317275 0.0323456 0.0307909 0.0307909 0.0302210 0.0300396 0.0300396 
AJ271758.1_Symbiodinium_sp.                                        0.0771517 0.0675753 0.0403456 0.0396415 0.0380703 0.0000000 0.0136407 0.0158461 0.0121694 0.0151195 0.0158862 0.0136763 0.0107345 0.0100057 0.0085622 0.0078361 0.0078361 0.0144368 0.0151050 0.0144101 0.0129200 0.0143955 0.0136683 0.0122008 0.0122052 0.0114620 0.0114772 0.0114847 0.0107485 0.0107335 0.0107324 0.0107324 0.0108669 0.0100157 0.0100082 0.0100082 0.0101722 0.0452908 0.0413371 0.0412251 0.0404397 0.0404397 0.0395516 0.0390693 0.0396871 0.0396665 0.0388608 0.0388472 0.0388472 0.0393503 0.0310791 0.0318046 0.0363411 0.0309778 0.0348246 0.0329156 0.0452517 0.0476416 0.0451937 0.0418940 0.0465744 0.0467816 0.0452829 0.0475642 0.0468868 0.0459603 0.0460131 0.0466874 0.0468520 0.0476640 0.0467715 0.0450508 0.0443800 0.0396516 0.0396116 0.0396903 0.0396903 0.0420226 0.0428137 0.0419337 0.0395700 0.0397385 0.0411816 0.0404091 0.0405069 0.0380148 0.0396298 0.0395709 0.0366273 0.0388222 0.0387900 0.0396329 0.0379555 0.0388294 0.0356406 0.0364152 0.0364152 0.0371788 0.0379912 0.0364819 0.0389277 0.0380636 0.0372365 0.0364404 0.0380050 0.0380090 0.0379739 0.0364832 0.0372959 0.0356963 0.0372396 0.0356934 0.0364352 0.0348676 0.0365261 0.0348566 0.0364381 0.0364681 0.0349106 0.0356559 0.0356313 0.0361269 0.0356269 0.0342744 0.0348890 0.0333121 0.0333121 0.0327528 0.0325519 0.0325519 
AJ271759.1_Symbiodinium_sp.                                        0.0752941 0.0649546 0.0387215 0.0387854 0.0372204 0.0136407 0.0000000 0.0136296 0.0099818 0.0129069 0.0136639 0.0114692 0.0085533 0.0078302 0.0063960 0.0056763 0.0056763 0.0122213 0.0128936 0.0121988 0.0107224 0.0121864 0.0114627 0.0100066 0.0100102 0.0092748 0.0092871 0.0092930 0.0085644 0.0085525 0.0085516 0.0085516 0.0086576 0.0078381 0.0078322 0.0078322 0.0079599 0.0444103 0.0404719 0.0403627 0.0395803 0.0395803 0.0386814 0.0381944 0.0388299 0.0388099 0.0380078 0.0379945 0.0379945 0.0384852 0.0302566 0.0309804 0.0355019 0.0301583 0.0339904 0.0320790 0.0443720 0.0467526 0.0443153 0.0410314 0.0456945 0.0458971 0.0444026 0.0466768 0.0459999 0.0450795 0.0451311 0.0458050 0.0459658 0.0467744 0.0458873 0.0441758 0.0435054 0.0387953 0.0387563 0.0388331 0.0388331 0.0411568 0.0419448 0.0410700 0.0371493 0.0388800 0.0403201 0.0395505 0.0396459 0.0371665 0.0387741 0.0387167 0.0357804 0.0379701 0.0387109 0.0379980 0.0371087 0.0379772 0.0340321 0.0348024 0.0348024 0.0363349 0.0371434 0.0356390 0.0380731 0.0356723 0.0363911 0.0355985 0.0371569 0.0371608 0.0371266 0.0356402 0.0364490 0.0348566 0.0363942 0.0348537 0.0355935 0.0340323 0.0356820 0.0340216 0.0355963 0.0356255 0.0340741 0.0348173 0.0347932 0.0352759 0.0347891 0.0334372 0.0340531 0.0324830 0.0324830 0.0319206 0.0317254 0.0317254 
AJ271754.1_Symbiodinium_sp.                                        0.0692159 0.0632042 0.0378986 0.0356634 0.0341103 0.0158461 0.0136296 0.0000000 0.0121597 0.0092738 0.0100162 0.0078453 0.0107260 0.0099978 0.0085555 0.0078300 0.0078300 0.0085825 0.0092652 0.0085666 0.0071122 0.0085580 0.0078409 0.0064004 0.0064027 0.0071089 0.0056863 0.0056899 0.0049707 0.0063914 0.0049633 0.0049633 0.0050246 0.0056801 0.0056758 0.0056758 0.0057680 0.0396800 0.0357818 0.0356862 0.0349119 0.0349119 0.0339452 0.0334272 0.0341656 0.0341482 0.0333571 0.0333455 0.0333455 0.0337741 0.0249239 0.0256452 0.0316580 0.0248434 0.0301567 0.0282174 0.0404238 0.0427834 0.0403724 0.0371298 0.0417567 0.0419404 0.0404514 0.0427144 0.0420334 0.0411323 0.0404006 0.0410797 0.0412225 0.0428029 0.0403496 0.0402461 0.0395717 0.0349029 0.0348681 0.0364779 0.0364779 0.0372421 0.0380231 0.0371643 0.0348319 0.0349783 0.0364177 0.0356542 0.0357395 0.0332959 0.0348841 0.0348328 0.0319046 0.0340897 0.0348276 0.0333396 0.0332444 0.0340959 0.0301937 0.0309573 0.0309573 0.0324774 0.0332753 0.0325385 0.0341815 0.0318089 0.0325272 0.0317434 0.0332872 0.0332908 0.0332602 0.0317804 0.0325786 0.0310048 0.0325298 0.0279338 0.0317391 0.0301936 0.0318174 0.0301842 0.0317416 0.0317673 0.0302306 0.0309702 0.0309489 0.0313765 0.0309454 0.0295845 0.0302121 0.0286594 0.0286594 0.0280784 0.0279075 0.0279075 
AJ271756.1_Symbiodinium_sp.                                        0.0734809 0.0632170 0.0370920 0.0371843 0.0356270 0.0121694 0.0099818 0.0121597 0.0000000 0.0114397 0.0121900 0.0100075 0.0071079 0.0063887 0.0049608 0.0042454 0.0042454 0.0107524 0.0114290 0.0107325 0.0092668 0.0107217 0.0100018 0.0085531 0.0085562 0.0078260 0.0078364 0.0078414 0.0071171 0.0071072 0.0071065 0.0071065 0.0071943 0.0063951 0.0063903 0.0063903 0.0064942 0.0427783 0.0388583 0.0387539 0.0379752 0.0379752 0.0370539 0.0365568 0.0372271 0.0372079 0.0364105 0.0363978 0.0363978 0.0368666 0.0286973 0.0294197 0.0339240 0.0286043 0.0324183 0.0304975 0.0427417 0.0451109 0.0426872 0.0394239 0.0440670 0.0442615 0.0427710 0.0450381 0.0443602 0.0434487 0.0434983 0.0441732 0.0443276 0.0451317 0.0442522 0.0425533 0.0418820 0.0371940 0.0371567 0.0372301 0.0372301 0.0395437 0.0403280 0.0394608 0.0355594 0.0365025 0.0387130 0.0379468 0.0380379 0.0355759 0.0371738 0.0371190 0.0341891 0.0363746 0.0371134 0.0364013 0.0355208 0.0363813 0.0324581 0.0332248 0.0332248 0.0347506 0.0355539 0.0340546 0.0364729 0.0340862 0.0348041 0.0340159 0.0355666 0.0355704 0.0355377 0.0340556 0.0348592 0.0332762 0.0348070 0.0332734 0.0340112 0.0324581 0.0340954 0.0309272 0.0340139 0.0340416 0.0324979 0.0332388 0.0332160 0.0336754 0.0332121 0.0318579 0.0324780 0.0309166 0.0309166 0.0303472 0.0301622 0.0301622 
AJ271764.1_Symbiodinium_sp.                                        0.0647696 0.0613654 0.0354036 0.0332312 0.0316924 0.0151195 0.0129069 0.0092738 0.0114397 0.0000000 0.0092968 0.0071291 0.0100068 0.0092798 0.0078393 0.0071152 0.0071152 0.0078640 0.0085489 0.0078495 0.0063984 0.0078416 0.0071251 0.0056869 0.0056889 0.0063954 0.0049735 0.0049766 0.0042589 0.0056790 0.0042525 0.0042525 0.0043050 0.0049680 0.0049643 0.0049643 0.0050449 0.0372046 0.0333409 0.0332526 0.0324851 0.0324851 0.0314869 0.0309549 0.0309637 0.0317275 0.0301675 0.0309341 0.0309341 0.0313294 0.0240821 0.0232965 0.0307815 0.0240047 0.0292879 0.0273495 0.0363848 0.0387145 0.0363388 0.0331497 0.0377232 0.0378873 0.0364094 0.0386526 0.0379702 0.0370916 0.0371331 0.0378131 0.0379431 0.0387318 0.0378796 0.0362264 0.0355504 0.0309400 0.0309095 0.0324926 0.0324926 0.0332484 0.0340195 0.0331798 0.0308778 0.0310059 0.0324394 0.0316846 0.0317595 0.0293605 0.0309237 0.0308787 0.0279689 0.0301416 0.0308740 0.0309181 0.0300886 0.0301470 0.0270484 0.0278036 0.0278036 0.0285580 0.0293425 0.0278607 0.0302220 0.0278860 0.0286012 0.0278291 0.0293527 0.0293559 0.0293292 0.0278612 0.0286460 0.0270964 0.0286035 0.0255772 0.0278255 0.0263011 0.0278934 0.0262931 0.0278276 0.0278498 0.0263332 0.0270665 0.0270481 0.0274189 0.0270452 0.0256802 0.0263171 0.0247874 0.0247874 0.0241898 0.0240437 0.0240437 
L13718.1_Symbiodinium_meandrinae                                   0.0677775 0.0617819 0.0347824 0.0342161 0.0326639 0.0158862 0.0136639 0.0100162 0.0121900 0.0092968 0.0000000 0.0078648 0.0107527 0.0100226 0.0085767 0.0078494 0.0078494 0.0014192 0.0035448 0.0028405 0.0028341 0.0028376 0.0078603 0.0064162 0.0064185 0.0071265 0.0057004 0.0057040 0.0049830 0.0064073 0.0049756 0.0049756 0.0050371 0.0056941 0.0056898 0.0056898 0.0057825 0.0397858 0.0358766 0.0357804 0.0350040 0.0350040 0.0340360 0.0326987 0.0342557 0.0342382 0.0334448 0.0334332 0.0334332 0.0338641 0.0264979 0.0272215 0.0332664 0.0264120 0.0317575 0.0298255 0.0420958 0.0444696 0.0420420 0.0387747 0.0434273 0.0436194 0.0421247 0.0443976 0.0437168 0.0428054 0.0428543 0.0435322 0.0436847 0.0444902 0.0428117 0.0419099 0.0412357 0.0365389 0.0365022 0.0381244 0.0381244 0.0388927 0.0396784 0.0388110 0.0364642 0.0366184 0.0380613 0.0372935 0.0373832 0.0349191 0.0365191 0.0364651 0.0335269 0.0341592 0.0364596 0.0342045 0.0348649 0.0357254 0.0302725 0.0295160 0.0295160 0.0340933 0.0348975 0.0333947 0.0358155 0.0334257 0.0341459 0.0333567 0.0349100 0.0349138 0.0348816 0.0333957 0.0342001 0.0326150 0.0341487 0.0310653 0.0333521 0.0317965 0.0334348 0.0317866 0.0333547 0.0333819 0.0318356 0.0325784 0.0325559 0.0330074 0.0325521 0.0311919 0.0318161 0.0302526 0.0302526 0.0296781 0.0294967 0.0294967 
KU188508.1_Symbiodinium_sp.                                        0.0684781 0.0625265 0.0356005 0.0334121 0.0318644 0.0136763 0.0114692 0.0078453 0.0100075 0.0071291 0.0078648 0.0000000 0.0085753 0.0078504 0.0064125 0.0056909 0.0056909 0.0064327 0.0071225 0.0064208 0.0049754 0.0064144 0.0056903 0.0042578 0.0042593 0.0049731 0.0035464 0.0035486 0.0028344 0.0042582 0.0028344 0.0028344 0.0028693 0.0035478 0.0035451 0.0035451 0.0036026 0.0389638 0.0350656 0.0349719 0.0341976 0.0341976 0.0332189 0.0326954 0.0334508 0.0334337 0.0326430 0.0326316 0.0326316 0.0330515 0.0242110 0.0249332 0.0309475 0.0241328 0.0294456 0.0274980 0.0389247 0.0412801 0.0388752 0.0364176 0.0410452 0.0412258 0.0397355 0.0420000 0.0413172 0.0404181 0.0404639 0.0411439 0.0412872 0.0420870 0.0412172 0.0395337 0.0388575 0.0341887 0.0341546 0.0357632 0.0357632 0.0365276 0.0373086 0.0364513 0.0341192 0.0342626 0.0357042 0.0349405 0.0350241 0.0325831 0.0341704 0.0341201 0.0311886 0.0333764 0.0341149 0.0334009 0.0325327 0.0333824 0.0294818 0.0302454 0.0302454 0.0317657 0.0325630 0.0310664 0.0334663 0.0310950 0.0318144 0.0310310 0.0325745 0.0325781 0.0325481 0.0310671 0.0318647 0.0302918 0.0318170 0.0287522 0.0310268 0.0294817 0.0311034 0.0294725 0.0310292 0.0310543 0.0295179 0.0302580 0.0302371 0.0306553 0.0302337 0.0288691 0.0294997 0.0279478 0.0279478 0.0273624 0.0271957 0.0271957 
AB055917.1_Symbiodinium_sp.                                        0.0718776 0.0616562 0.0355387 0.0356858 0.0341318 0.0107345 0.0085533 0.0107260 0.0071079 0.0100068 0.0107527 0.0085753 0.0000000 0.0049675 0.0035424 0.0028294 0.0028294 0.0093160 0.0099974 0.0092987 0.0078388 0.0092893 0.0085705 0.0071255 0.0071280 0.0064012 0.0064097 0.0064137 0.0056920 0.0056841 0.0056835 0.0056835 0.0057538 0.0049725 0.0049688 0.0049688 0.0043255 0.0412646 0.0373521 0.0372519 0.0364748 0.0364748 0.0347529 0.0342399 0.0357269 0.0357086 0.0349136 0.0349015 0.0349015 0.0353509 0.0272174 0.0279402 0.0324393 0.0271292 0.0309354 0.0290010 0.0412293 0.0435938 0.0411768 0.0379247 0.0425605 0.0403503 0.0388644 0.0411215 0.0404394 0.0395464 0.0411462 0.0418238 0.0419693 0.0436139 0.0418982 0.0410478 0.0403740 0.0356952 0.0356595 0.0357298 0.0357298 0.0372132 0.0364492 0.0379601 0.0356225 0.0357725 0.0372126 0.0364475 0.0365349 0.0340832 0.0356759 0.0356234 0.0326924 0.0348793 0.0356180 0.0349049 0.0340304 0.0348856 0.0309734 0.0317386 0.0317386 0.0332617 0.0340621 0.0325640 0.0349734 0.0325942 0.0333129 0.0325270 0.0340743 0.0340780 0.0340466 0.0325649 0.0333656 0.0317874 0.0333156 0.0317849 0.0325226 0.0309733 0.0326030 0.0309637 0.0325251 0.0325515 0.0310113 0.0317519 0.0317300 0.0321689 0.0317264 0.0303668 0.0309923 0.0294355 0.0294355 0.0288580 0.0286821 0.0286821 
AJ271757.1_Symbiodinium_sp.                                        0.0709966 0.0608080 0.0347637 0.0348968 0.0333463 0.0100057 0.0078302 0.0099978 0.0063887 0.0092798 0.0100226 0.0078504 0.0049675 0.0000000 0.0028302 0.0021193 0.0021193 0.0085880 0.0092712 0.0085721 0.0071168 0.0085635 0.0078459 0.0064045 0.0064068 0.0056824 0.0056900 0.0056936 0.0049739 0.0049670 0.0049665 0.0049665 0.0050278 0.0042565 0.0042533 0.0042533 0.0043223 0.0404619 0.0365574 0.0364595 0.0356840 0.0356840 0.0347285 0.0342157 0.0349371 0.0349192 0.0341264 0.0341145 0.0341145 0.0345534 0.0264472 0.0271694 0.0316610 0.0263616 0.0301596 0.0282203 0.0404273 0.0427869 0.0403759 0.0371332 0.0417602 0.0419439 0.0404549 0.0427179 0.0420370 0.0411358 0.0411824 0.0418606 0.0412260 0.0428065 0.0419352 0.0402496 0.0395752 0.0349061 0.0348713 0.0349399 0.0349399 0.0372454 0.0380265 0.0371676 0.0348351 0.0349816 0.0364210 0.0356574 0.0357427 0.0332990 0.0348873 0.0348360 0.0319076 0.0340928 0.0348308 0.0341179 0.0332476 0.0340991 0.0301966 0.0309603 0.0309603 0.0324805 0.0332785 0.0317826 0.0341847 0.0318119 0.0325303 0.0317464 0.0332903 0.0332939 0.0332633 0.0317834 0.0325817 0.0310078 0.0325329 0.0310053 0.0317422 0.0301965 0.0318205 0.0301872 0.0317446 0.0317703 0.0302335 0.0309732 0.0309519 0.0313795 0.0309484 0.0295875 0.0302150 0.0286622 0.0286622 0.0280812 0.0279103 0.0279103 
AB863030.1_Symbiodinium_sp.                                        0.0692973 0.0591672 0.0331950 0.0333553 0.0318104 0.0085622 0.0063960 0.0085555 0.0049608 0.0078393 0.0085767 0.0064125 0.0035424 0.0028302 0.0000000 0.0007046 0.0007046 0.0071449 0.0078320 0.0071317 0.0056841 0.0071245 0.0064089 0.0049731 0.0049749 0.0042548 0.0042605 0.0042632 0.0035470 0.0035420 0.0035417 0.0035417 0.0035854 0.0028330 0.0028309 0.0028309 0.0028768 0.0388973 0.0350058 0.0349124 0.0341395 0.0341395 0.0331616 0.0326385 0.0333939 0.0333769 0.0325876 0.0325763 0.0325763 0.0329947 0.0249360 0.0256577 0.0301380 0.0248555 0.0286404 0.0266898 0.0388641 0.0412157 0.0388147 0.0355880 0.0402013 0.0403776 0.0388906 0.0411494 0.0404668 0.0395730 0.0396178 0.0402977 0.0404375 0.0412345 0.0403693 0.0386937 0.0380176 0.0333643 0.0333312 0.0333965 0.0333965 0.0356952 0.0364735 0.0356208 0.0332967 0.0334362 0.0348755 0.0341142 0.0341955 0.0317656 0.0333465 0.0332976 0.0303720 0.0325556 0.0332926 0.0325796 0.0317167 0.0325615 0.0286756 0.0294366 0.0294366 0.0309521 0.0317460 0.0302534 0.0326432 0.0302812 0.0309994 0.0302190 0.0317572 0.0317607 0.0317316 0.0302541 0.0310483 0.0294815 0.0310019 0.0294792 0.0302150 0.0286753 0.0302893 0.0286665 0.0302173 0.0302417 0.0287105 0.0294488 0.0294286 0.0298345 0.0294253 0.0280607 0.0286929 0.0271468 0.0271468 0.0265584 0.0263970 0.0263970 
AB016579.1_Symbiodinium_sp.                                        0.0683856 0.0582961 0.0323847 0.0325590 0.0310182 0.0078361 0.0056763 0.0078300 0.0042454 0.0071152 0.0078494 0.0056909 0.0028294 0.0021193 0.0007046 0.0000000 0.0000010 0.0064202 0.0071086 0.0064083 0.0049657 0.0064019 0.0056877 0.0042559 0.0042574 0.0035400 0.0035448 0.0035470 0.0028331 0.0028291 0.0028289 0.0028289 0.0028637 0.0021214 0.0021198 0.0021198 0.0021541 0.0380842 0.0342028 0.0341118 0.0333409 0.0333409 0.0323523 0.0318244 0.0325966 0.0325801 0.0317933 0.0317823 0.0317823 0.0321898 0.0241623 0.0248831 0.0293538 0.0240844 0.0278595 0.0259048 0.0380518 0.0403972 0.0380035 0.0347878 0.0393899 0.0395623 0.0380777 0.0403323 0.0396495 0.0387603 0.0388040 0.0394843 0.0396209 0.0404155 0.0395542 0.0378853 0.0372090 0.0325678 0.0325355 0.0325991 0.0325991 0.0348922 0.0356685 0.0348198 0.0325019 0.0326377 0.0340757 0.0333163 0.0333955 0.0309747 0.0325505 0.0325028 0.0295812 0.0317622 0.0324979 0.0317855 0.0309271 0.0317679 0.0278936 0.0286528 0.0286528 0.0301645 0.0309557 0.0294660 0.0318474 0.0294930 0.0302106 0.0294325 0.0309666 0.0309700 0.0309416 0.0294666 0.0302580 0.0286963 0.0302130 0.0286941 0.0294287 0.0278934 0.0295009 0.0278848 0.0294309 0.0294546 0.0279275 0.0286645 0.0286449 0.0290394 0.0286417 0.0272764 0.0279104 0.0263691 0.0263691 0.0257774 0.0256210 0.0256210 
AB016572.1_Symbiodinium_sp.                                        0.0683856 0.0582961 0.0323847 0.0325590 0.0310182 0.0078361 0.0056763 0.0078300 0.0042454 0.0071152 0.0078494 0.0056909 0.0028294 0.0021193 0.0007046 0.0000010 0.0000000 0.0064202 0.0071086 0.0064083 0.0049657 0.0064019 0.0056877 0.0042559 0.0042574 0.0035400 0.0035448 0.0035470 0.0028331 0.0028291 0.0028289 0.0028289 0.0028637 0.0021214 0.0021198 0.0021198 0.0021541 0.0380842 0.0342028 0.0341118 0.0333409 0.0333409 0.0323523 0.0318244 0.0325966 0.0325801 0.0317933 0.0317823 0.0317823 0.0321898 0.0241623 0.0248831 0.0293538 0.0240844 0.0278595 0.0259048 0.0380518 0.0403972 0.0380035 0.0347878 0.0393899 0.0395623 0.0380777 0.0403323 0.0396495 0.0387603 0.0388040 0.0394843 0.0396209 0.0404155 0.0395542 0.0378853 0.0372090 0.0325678 0.0325355 0.0325991 0.0325991 0.0348922 0.0356685 0.0348198 0.0325019 0.0326377 0.0340757 0.0333163 0.0333955 0.0309747 0.0325505 0.0325028 0.0295812 0.0317622 0.0324979 0.0317855 0.0309271 0.0317679 0.0278936 0.0286528 0.0286528 0.0301645 0.0309557 0.0294660 0.0318474 0.0294930 0.0302106 0.0294325 0.0309666 0.0309700 0.0309416 0.0294666 0.0302580 0.0286963 0.0302130 0.0286941 0.0294287 0.0278934 0.0295009 0.0278848 0.0294309 0.0294546 0.0279275 0.0286645 0.0286449 0.0290394 0.0286417 0.0272764 0.0279104 0.0263691 0.0263691 0.0257774 0.0256210 0.0256210 
L13717.1_Symbiodinium_corculorum                                   0.0661699 0.0602106 0.0332565 0.0327153 0.0311668 0.0144368 0.0122213 0.0085825 0.0107524 0.0078640 0.0014192 0.0064327 0.0093160 0.0085880 0.0071449 0.0064202 0.0064202 0.0000000 0.0021262 0.0014198 0.0014166 0.0014183 0.0064291 0.0049888 0.0049906 0.0056994 0.0042739 0.0042766 0.0035581 0.0049818 0.0035528 0.0035528 0.0035968 0.0042692 0.0042660 0.0042660 0.0043354 0.0374954 0.0343679 0.0342759 0.0335011 0.0335011 0.0325102 0.0311653 0.0327533 0.0327365 0.0319457 0.0319346 0.0319346 0.0323461 0.0250164 0.0257403 0.0317756 0.0249353 0.0302687 0.0283233 0.0405758 0.0429445 0.0405240 0.0372685 0.0419130 0.0420980 0.0406036 0.0428750 0.0421918 0.0412867 0.0413337 0.0420141 0.0421609 0.0429642 0.0412928 0.0403968 0.0397202 0.0350335 0.0349984 0.0366146 0.0366146 0.0373817 0.0381657 0.0373033 0.0349619 0.0351095 0.0365540 0.0357875 0.0358734 0.0334200 0.0350145 0.0349629 0.0320240 0.0326611 0.0349576 0.0327044 0.0333682 0.0342232 0.0287847 0.0280295 0.0280295 0.0325983 0.0333994 0.0318980 0.0343095 0.0319276 0.0326485 0.0318616 0.0334113 0.0334149 0.0333841 0.0318988 0.0327002 0.0311203 0.0326511 0.0295745 0.0318573 0.0303058 0.0319362 0.0302964 0.0318598 0.0318857 0.0303431 0.0310854 0.0310640 0.0314947 0.0310604 0.0296950 0.0303245 0.0287658 0.0287658 0.0281833 0.0280111 0.0280111 
AB055918.1_Symbiodinium_sp.                                        0.0666951 0.0607484 0.0338856 0.0333361 0.0317921 0.0151050 0.0128936 0.0092652 0.0114290 0.0085489 0.0035448 0.0071225 0.0099974 0.0092712 0.0078320 0.0071086 0.0071086 0.0021262 0.0000000 0.0021223 0.0021175 0.0021202 0.0071185 0.0056816 0.0056836 0.0063895 0.0049689 0.0049720 0.0042549 0.0056737 0.0042486 0.0042486 0.0043009 0.0049634 0.0049597 0.0049597 0.0050401 0.0388745 0.0349855 0.0348922 0.0341197 0.0341197 0.0331422 0.0318057 0.0333746 0.0333576 0.0325689 0.0325576 0.0325576 0.0329755 0.0256588 0.0263798 0.0323959 0.0255760 0.0308940 0.0289618 0.0411736 0.0435348 0.0411212 0.0378738 0.0425032 0.0426903 0.0412017 0.0434647 0.0427851 0.0418811 0.0419287 0.0426055 0.0427539 0.0435548 0.0426814 0.0409925 0.0403195 0.0356471 0.0356116 0.0372239 0.0372239 0.0379884 0.0387700 0.0379090 0.0355746 0.0357243 0.0371625 0.0363985 0.0364856 0.0340374 0.0356279 0.0355755 0.0326484 0.0348324 0.0355702 0.0333250 0.0339848 0.0348387 0.0294153 0.0286625 0.0286625 0.0332172 0.0340164 0.0325203 0.0349263 0.0325504 0.0332682 0.0324834 0.0340285 0.0340322 0.0340010 0.0325212 0.0333207 0.0317448 0.0332709 0.0302033 0.0324790 0.0309318 0.0325591 0.0309222 0.0324815 0.0325079 0.0309697 0.0317093 0.0316875 0.0321253 0.0316839 0.0295682 0.0309507 0.0293961 0.0293961 0.0288192 0.0286438 0.0286438 
X62650.1_S.pilosum                                                 0.0660395 0.0600941 0.0331927 0.0326535 0.0311080 0.0144101 0.0121988 0.0085666 0.0107325 0.0078495 0.0028405 0.0064208 0.0092987 0.0085721 0.0071317 0.0064083 0.0064083 0.0014198 0.0021223 0.0000000 0.0014140 0.0014157 0.0064172 0.0049796 0.0049814 0.0056889 0.0042660 0.0042687 0.0035516 0.0049726 0.0035463 0.0035463 0.0035901 0.0042613 0.0042582 0.0042582 0.0043273 0.0381961 0.0343027 0.0342111 0.0334378 0.0334378 0.0324478 0.0311051 0.0326913 0.0326747 0.0318854 0.0318743 0.0318743 0.0322843 0.0249694 0.0256921 0.0317159 0.0248887 0.0302119 0.0282696 0.0404987 0.0428627 0.0404470 0.0371981 0.0418336 0.0420180 0.0405264 0.0427934 0.0421114 0.0412083 0.0412551 0.0419344 0.0420807 0.0428823 0.0420092 0.0403203 0.0396448 0.0349672 0.0349322 0.0365452 0.0365452 0.0373108 0.0380933 0.0372327 0.0348959 0.0350429 0.0364848 0.0357198 0.0358054 0.0333570 0.0349483 0.0348969 0.0319634 0.0341523 0.0348916 0.0326427 0.0333054 0.0341586 0.0287306 0.0279768 0.0279768 0.0325369 0.0333364 0.0318379 0.0342445 0.0318673 0.0325869 0.0318016 0.0333483 0.0333519 0.0333212 0.0318387 0.0326385 0.0310617 0.0325896 0.0295189 0.0317973 0.0302489 0.0318759 0.0302395 0.0317998 0.0318256 0.0302860 0.0310269 0.0310056 0.0314347 0.0310020 0.0296390 0.0302674 0.0287118 0.0287118 0.0281301 0.0279585 0.0279585 
AB016723.1_Symbiodinium_sp.                                        0.0658697 0.0599431 0.0331119 0.0310480 0.0295116 0.0129200 0.0107224 0.0071122 0.0092668 0.0063984 0.0028341 0.0049754 0.0078388 0.0071168 0.0056841 0.0049657 0.0049657 0.0014166 0.0021175 0.0014140 0.0000000 0.0014126 0.0049726 0.0035436 0.0035449 0.0042508 0.0028334 0.0028352 0.0021230 0.0035387 0.0021199 0.0021199 0.0021459 0.0028303 0.0028282 0.0028282 0.0028740 0.0381036 0.0342201 0.0341290 0.0333576 0.0333576 0.0323688 0.0310291 0.0326130 0.0325964 0.0318092 0.0317982 0.0317982 0.0322062 0.0234103 0.0241308 0.0301242 0.0233348 0.0286274 0.0266776 0.0388461 0.0411965 0.0387967 0.0355716 0.0401826 0.0403588 0.0388725 0.0411303 0.0404480 0.0395547 0.0395994 0.0402790 0.0404187 0.0412152 0.0403505 0.0386758 0.0380000 0.0333490 0.0333158 0.0349169 0.0349169 0.0356787 0.0364566 0.0356044 0.0332814 0.0334208 0.0348594 0.0340985 0.0341798 0.0317510 0.0333312 0.0332823 0.0303581 0.0325407 0.0332773 0.0310381 0.0317021 0.0325466 0.0271522 0.0279105 0.0279105 0.0309380 0.0317315 0.0302396 0.0326282 0.0302673 0.0309853 0.0302052 0.0317427 0.0317461 0.0317171 0.0302402 0.0310340 0.0294681 0.0309877 0.0279347 0.0302012 0.0286623 0.0302754 0.0286534 0.0302035 0.0302278 0.0286974 0.0294353 0.0294151 0.0298207 0.0294119 0.0280479 0.0286798 0.0271345 0.0271345 0.0265463 0.0263850 0.0263850 
AB016724.1_Symbiodinium_sp.                                        0.0659676 0.0600298 0.0331576 0.0326195 0.0310756 0.0143955 0.0121864 0.0085580 0.0107217 0.0078416 0.0028376 0.0064144 0.0092893 0.0085635 0.0071245 0.0064019 0.0064019 0.0014183 0.0021202 0.0014157 0.0014126 0.0000000 0.0064108 0.0049746 0.0049764 0.0056832 0.0042617 0.0042644 0.0035480 0.0049676 0.0035427 0.0035427 0.0035864 0.0042571 0.0042539 0.0042539 0.0043229 0.0381560 0.0342668 0.0341754 0.0334030 0.0334030 0.0324134 0.0310720 0.0326573 0.0326406 0.0318523 0.0318412 0.0318412 0.0322503 0.0249436 0.0256655 0.0316831 0.0248630 0.0301806 0.0282401 0.0404562 0.0428176 0.0404047 0.0371594 0.0417900 0.0419739 0.0404838 0.0427485 0.0420671 0.0411651 0.0412119 0.0418905 0.0420365 0.0428372 0.0419652 0.0402782 0.0396034 0.0349307 0.0348959 0.0365070 0.0365070 0.0372718 0.0380535 0.0371939 0.0348596 0.0350063 0.0364468 0.0356826 0.0357680 0.0333224 0.0349119 0.0348606 0.0319300 0.0341168 0.0348553 0.0326087 0.0332709 0.0341230 0.0287009 0.0279479 0.0279479 0.0325032 0.0333018 0.0318048 0.0342088 0.0318342 0.0325531 0.0317686 0.0333136 0.0333172 0.0332866 0.0318056 0.0326045 0.0310294 0.0325557 0.0294883 0.0317644 0.0302175 0.0318428 0.0302082 0.0317668 0.0317926 0.0302546 0.0309948 0.0309735 0.0314017 0.0309699 0.0296081 0.0302361 0.0286821 0.0286821 0.0281008 0.0279296 0.0279296 
KU188515.1_Symbiodinium_sp.                                        0.0684314 0.0624851 0.0355780 0.0333915 0.0318449 0.0136683 0.0114627 0.0078409 0.0100018 0.0071251 0.0078603 0.0056903 0.0085705 0.0078459 0.0064089 0.0056877 0.0056877 0.0064291 0.0071185 0.0064172 0.0049726 0.0064108 0.0000000 0.0042554 0.0042569 0.0049702 0.0035444 0.0035466 0.0028328 0.0042558 0.0028328 0.0028328 0.0028677 0.0035458 0.0035431 0.0035431 0.0028779 0.0389394 0.0350438 0.0349502 0.0341765 0.0341765 0.0324146 0.0318861 0.0334301 0.0334131 0.0326229 0.0326116 0.0326116 0.0330309 0.0241964 0.0249182 0.0309286 0.0241183 0.0294277 0.0274812 0.0396835 0.0420413 0.0396330 0.0363950 0.0410195 0.0411999 0.0397106 0.0419736 0.0412912 0.0403928 0.0404385 0.0411182 0.0412612 0.0420605 0.0411914 0.0395090 0.0388333 0.0341676 0.0341336 0.0357410 0.0357410 0.0365049 0.0372854 0.0364287 0.0340982 0.0342414 0.0356821 0.0349189 0.0350024 0.0325631 0.0341493 0.0340991 0.0311694 0.0333558 0.0340939 0.0333803 0.0325128 0.0333619 0.0294639 0.0302270 0.0302270 0.0317463 0.0325430 0.0310474 0.0334457 0.0310760 0.0317949 0.0310120 0.0325545 0.0325581 0.0325282 0.0310481 0.0318451 0.0302733 0.0317975 0.0287347 0.0310079 0.0294637 0.0310843 0.0294546 0.0310102 0.0310353 0.0294999 0.0302395 0.0302187 0.0306363 0.0302153 0.0288514 0.0294818 0.0279308 0.0279308 0.0273457 0.0271792 0.0271792 
KU188511.1_Symbiodinium_sp.                                        0.0666871 0.0607907 0.0339800 0.0318301 0.0302903 0.0122008 0.0100066 0.0064004 0.0085531 0.0056869 0.0064162 0.0042578 0.0071255 0.0064045 0.0049731 0.0042559 0.0042559 0.0049888 0.0056816 0.0049796 0.0035436 0.0049746 0.0042554 0.0000000 0.0028314 0.0035420 0.0021217 0.0021230 0.0014131 0.0028307 0.0014131 0.0014131 0.0014305 0.0021225 0.0021209 0.0021209 0.0021552 0.0373506 0.0334711 0.0333820 0.0326115 0.0326115 0.0316113 0.0310780 0.0318670 0.0318508 0.0310649 0.0310541 0.0310541 0.0314525 0.0226757 0.0233964 0.0293853 0.0226026 0.0278894 0.0259329 0.0380931 0.0404410 0.0380447 0.0348253 0.0394324 0.0396051 0.0381190 0.0403760 0.0396925 0.0388023 0.0388461 0.0395269 0.0396639 0.0404593 0.0395970 0.0379261 0.0372492 0.0326030 0.0325706 0.0341688 0.0341688 0.0349300 0.0357071 0.0348573 0.0325370 0.0326731 0.0341125 0.0333522 0.0326687 0.0310081 0.0325856 0.0325379 0.0296132 0.0317964 0.0325330 0.0318198 0.0309604 0.0318022 0.0279236 0.0286836 0.0286836 0.0301970 0.0309890 0.0294978 0.0318818 0.0295248 0.0302431 0.0294642 0.0309999 0.0310033 0.0309749 0.0294984 0.0302907 0.0287272 0.0302455 0.0271957 0.0294603 0.0279234 0.0295327 0.0279148 0.0294625 0.0294863 0.0279576 0.0286953 0.0286756 0.0290710 0.0286725 0.0273059 0.0279405 0.0263974 0.0263974 0.0258052 0.0256485 0.0256485 
KU188514.1_Symbiodinium_sp.                                        0.0667174 0.0608167 0.0339936 0.0318426 0.0303021 0.0122052 0.0100102 0.0064027 0.0085562 0.0056889 0.0064185 0.0042593 0.0071280 0.0064068 0.0049749 0.0042574 0.0042574 0.0049906 0.0056836 0.0049814 0.0035449 0.0049764 0.0042569 0.0028314 0.0000000 0.0035432 0.0021224 0.0021238 0.0014136 0.0028317 0.0014136 0.0014136 0.0014310 0.0021233 0.0021217 0.0021217 0.0021552 0.0373655 0.0334843 0.0333952 0.0326243 0.0326243 0.0316239 0.0310904 0.0318796 0.0318633 0.0310770 0.0310662 0.0310662 0.0314650 0.0226843 0.0234053 0.0293967 0.0226112 0.0279001 0.0259430 0.0381083 0.0404573 0.0380599 0.0348391 0.0394482 0.0396210 0.0381342 0.0403922 0.0397085 0.0388178 0.0388616 0.0395428 0.0396798 0.0404757 0.0396129 0.0379412 0.0372640 0.0326158 0.0325834 0.0341823 0.0341823 0.0349438 0.0357213 0.0348711 0.0325497 0.0326859 0.0341260 0.0333654 0.0334448 0.0310202 0.0325984 0.0325506 0.0296248 0.0318089 0.0325457 0.0318323 0.0309725 0.0318146 0.0279344 0.0286947 0.0286947 0.0302087 0.0310011 0.0295092 0.0318944 0.0295363 0.0302549 0.0294757 0.0310120 0.0310154 0.0309870 0.0295099 0.0303025 0.0287384 0.0302573 0.0272062 0.0294718 0.0279342 0.0295442 0.0279256 0.0294740 0.0294977 0.0279684 0.0287065 0.0286868 0.0290825 0.0286836 0.0273165 0.0279513 0.0264076 0.0264076 0.0258152 0.0256584 0.0256584 
AF238256.1_Symbiodinium_sp._Type_A                                 0.0675053 0.0599125 0.0331628 0.0325593 0.0310185 0.0114620 0.0092748 0.0071089 0.0078260 0.0063954 0.0071265 0.0049731 0.0064012 0.0056824 0.0042548 0.0035400 0.0035400 0.0056994 0.0063895 0.0056889 0.0042508 0.0056832 0.0049702 0.0035420 0.0035432 0.0000000 0.0028321 0.0028339 0.0021220 0.0021191 0.0021189 0.0021189 0.0021449 0.0014124 0.0014114 0.0014114 0.0014340 0.0380847 0.0342032 0.0341122 0.0333412 0.0333412 0.0323527 0.0318248 0.0325970 0.0325804 0.0317936 0.0317826 0.0317826 0.0321902 0.0233989 0.0241191 0.0301096 0.0233236 0.0286134 0.0266645 0.0388268 0.0411761 0.0387775 0.0355541 0.0401628 0.0403388 0.0388533 0.0411099 0.0404279 0.0395351 0.0395797 0.0402591 0.0403986 0.0411948 0.0403305 0.0386567 0.0379812 0.0333326 0.0332995 0.0348997 0.0348997 0.0356611 0.0364387 0.0355869 0.0332651 0.0334043 0.0348423 0.0340817 0.0341629 0.0317355 0.0333148 0.0332660 0.0303432 0.0325247 0.0332610 0.0325486 0.0316866 0.0325306 0.0286485 0.0294088 0.0294088 0.0309229 0.0317160 0.0302248 0.0326121 0.0302525 0.0309701 0.0301904 0.0317271 0.0317306 0.0317015 0.0302255 0.0310188 0.0294537 0.0309726 0.0279211 0.0301864 0.0286483 0.0302606 0.0286395 0.0301887 0.0302131 0.0286834 0.0294210 0.0294008 0.0298060 0.0293975 0.0280342 0.0286658 0.0271213 0.0271213 0.0265333 0.0263722 0.0263722 
KU188513.1_Symbiodinium_sp.                                        0.0658721 0.0599938 0.0332083 0.0310746 0.0295369 0.0114772 0.0092871 0.0056863 0.0078364 0.0049735 0.0057004 0.0035464 0.0064097 0.0056900 0.0042605 0.0035448 0.0035448 0.0042739 0.0049689 0.0042660 0.0028334 0.0042617 0.0035444 0.0021217 0.0021224 0.0028321 0.0000000 0.0014146 0.0007056 0.0021219 0.0007056 0.0007056 0.0007149 0.0014143 0.0014132 0.0014132 0.0014361 0.0365859 0.0327112 0.0326243 0.0318547 0.0318547 0.0308433 0.0303048 0.0311107 0.0310949 0.0303104 0.0302999 0.0302999 0.0306885 0.0219333 0.0226540 0.0286367 0.0218626 0.0271421 0.0251795 0.0373281 0.0396731 0.0372807 0.0340679 0.0386700 0.0388392 0.0373535 0.0396093 0.0389248 0.0380378 0.0380807 0.0387627 0.0388968 0.0396910 0.0388313 0.0371647 0.0364867 0.0318464 0.0318148 0.0334097 0.0334097 0.0341701 0.0349462 0.0340992 0.0317820 0.0319148 0.0333547 0.0325952 0.0326727 0.0302550 0.0318295 0.0317829 0.0288586 0.0310418 0.0317781 0.0310646 0.0302085 0.0310474 0.0271755 0.0279344 0.0279344 0.0294461 0.0302364 0.0287462 0.0311251 0.0287725 0.0294910 0.0287135 0.0302470 0.0302503 0.0302227 0.0287468 0.0295374 0.0279768 0.0294933 0.0264476 0.0287098 0.0271752 0.0287802 0.0271668 0.0287119 0.0287350 0.0272085 0.0279458 0.0279267 0.0283116 0.0279236 0.0265548 0.0271918 0.0256515 0.0256515 0.0250555 0.0249034 0.0249034 
KU188510.1_Symbiodinium_sp.                                        0.0659226 0.0600378 0.0332315 0.0310958 0.0295570 0.0114847 0.0092930 0.0056899 0.0078414 0.0049766 0.0057040 0.0035486 0.0064137 0.0056936 0.0042632 0.0035470 0.0035470 0.0042766 0.0049720 0.0042687 0.0028352 0.0042644 0.0035466 0.0021230 0.0021238 0.0028339 0.0014146 0.0000000 0.0007066 0.0021232 0.0007066 0.0007066 0.0007153 0.0014152 0.0014141 0.0014141 0.0014361 0.0366112 0.0327337 0.0326467 0.0318765 0.0318765 0.0308647 0.0303260 0.0311320 0.0311161 0.0303310 0.0303205 0.0303205 0.0307097 0.0219479 0.0226691 0.0286561 0.0218772 0.0271604 0.0251966 0.0373540 0.0397008 0.0373066 0.0340913 0.0386968 0.0388662 0.0373794 0.0396369 0.0389519 0.0380642 0.0381071 0.0387896 0.0389239 0.0397187 0.0388583 0.0371903 0.0365119 0.0318682 0.0318366 0.0334326 0.0334326 0.0341936 0.0349703 0.0341226 0.0318037 0.0319367 0.0333776 0.0326175 0.0326952 0.0302756 0.0318513 0.0318046 0.0288783 0.0310630 0.0317998 0.0310858 0.0302291 0.0310686 0.0271938 0.0279533 0.0279533 0.0294661 0.0302570 0.0287657 0.0311464 0.0287921 0.0295110 0.0287330 0.0302676 0.0302709 0.0302432 0.0287663 0.0295575 0.0279958 0.0295134 0.0264655 0.0287292 0.0271935 0.0287997 0.0271852 0.0287314 0.0287545 0.0272269 0.0279647 0.0279455 0.0283310 0.0279425 0.0265727 0.0272102 0.0256688 0.0256688 0.0250724 0.0249201 0.0249201 
KU188509.1_Symbiodinium_sp.                                        0.0650192 0.0591637 0.0324203 0.0303042 0.0287695 0.0107485 0.0085644 0.0049707 0.0071171 0.0042589 0.0049830 0.0028344 0.0056920 0.0049739 0.0035470 0.0028331 0.0028331 0.0035581 0.0042549 0.0035516 0.0021230 0.0035480 0.0028328 0.0014131 0.0014136 0.0021220 0.0007056 0.0007066 0.0000000 0.0014132 0.0000010 0.0000010 0.0000010 0.0007060 0.0007056 0.0007056 0.0007177 0.0358030 0.0319356 0.0318508 0.0310827 0.0310827 0.0300603 0.0295168 0.0303394 0.0303241 0.0295415 0.0295312 0.0295312 0.0299096 0.0211811 0.0219015 0.0278747 0.0211130 0.0263823 0.0244144 0.0365446 0.0388852 0.0364983 0.0332940 0.0378884 0.0380539 0.0365694 0.0388227 0.0381375 0.0372544 0.0372963 0.0379790 0.0381102 0.0389027 0.0380462 0.0363848 0.0357061 0.0310746 0.0310438 0.0326344 0.0326344 0.0333936 0.0341683 0.0333244 0.0310118 0.0311411 0.0325807 0.0318225 0.0318980 0.0294876 0.0310581 0.0310127 0.0280904 0.0302724 0.0310080 0.0302946 0.0294424 0.0302778 0.0264147 0.0271722 0.0271722 0.0286813 0.0294695 0.0279812 0.0303535 0.0280067 0.0287250 0.0279493 0.0294798 0.0294830 0.0294561 0.0279817 0.0287701 0.0272134 0.0287272 0.0256874 0.0279457 0.0264144 0.0280142 0.0264063 0.0279478 0.0279702 0.0264467 0.0271833 0.0271647 0.0275387 0.0271618 0.0257913 0.0264305 0.0248938 0.0248938 0.0242942 0.0241469 0.0241469 
