130
GU362426_Gymnodinium_catenatum                                     0.0000000 0.0453573 0.0657079 0.0703713 0.0686695 0.0771184 0.0752622 0.0691887 0.0734510 0.0647462 0.0677503 0.0684514 0.0718489 0.0709681 0.0692700 0.0683590 0.0683590 0.0661445 0.0666695 0.0660137 0.0658436 0.0659417 0.0684049 0.0666618 0.0666911 0.0674793 0.0658472 0.0658965 0.0649949 0.0666186 0.0649428 0.0649428 0.0658217 0.0658184 0.0657656 0.0657656 0.0652048 0.0733439 0.0672766 0.0670829 0.0662437 0.0662437 0.0657365 0.0663995 0.0663903 0.0654245 0.0654731 0.0663220 0.0663220 0.0672158 0.0628754 0.0627181 0.0676656 0.0634739 0.0660497 0.0643606 0.0740813 0.0766556 0.0739834 0.0694066 0.0693386 0.0748452 0.0730718 0.0765255 0.0758743 0.0747883 0.0740368 0.0729514 0.0732261 0.0767063 0.0739840 0.0737346 0.0713604 0.0695984 0.0695235 0.0696238 0.0696238 0.0722533 0.0705787 0.0703591 0.0695174 0.0706739 0.0679307 0.0704637 0.0706461 0.0634635 0.0696263 0.0695179 0.0664414 0.0687352 0.0678431 0.0655715 0.0668993 0.0678730 0.0602896 0.0594803 0.0594803 0.0668906 0.0677961 0.0662037 0.0689324 0.0662714 0.0678416 0.0661271 0.0678240 0.0678307 0.0677652 0.0670586 0.0662833 0.0653508 0.0670086 0.0611356 0.0661147 0.0660589 0.0662913 0.0643859 0.0636358 0.0661811 0.0618693 0.0652711 0.0652238 0.0661690 0.0652129 0.0639223 0.0644480 0.0627165 0.0627165 0.0631496 0.0635472 0.0635472 
EF492511                                                           0.0453573 0.0000000 0.0450002 0.0637103 0.0620526 0.0675518 0.0649327 0.0631840 0.0631967 0.0613464 0.0617615 0.0625066 0.0616369 0.0607889 0.0591489 0.0582784 0.0582784 0.0601918 0.0607293 0.0600748 0.0599245 0.0600106 0.0624653 0.0607720 0.0607979 0.0598940 0.0599754 0.0600192 0.0591457 0.0590611 0.0590525 0.0590525 0.0598353 0.0582801 0.0582343 0.0582343 0.0575319 0.0664158 0.0605295 0.0603599 0.0579315 0.0579315 0.0572654 0.0578299 0.0613320 0.0587452 0.0604424 0.0596120 0.0596120 0.0603993 0.0530804 0.0520262 0.0536695 0.0512709 0.0521100 0.0503336 0.0679640 0.0704696 0.0678761 0.0618770 0.0626664 0.0654337 0.0653576 0.0687054 0.0680528 0.0670225 0.0654218 0.0652543 0.0654920 0.0688635 0.0662369 0.0660200 0.0653300 0.0637242 0.0636572 0.0645959 0.0645959 0.0645592 0.0645624 0.0627418 0.0635465 0.0630447 0.0620154 0.0628333 0.0621678 0.0585428 0.0620192 0.0611072 0.0589474 0.0611588 0.0619153 0.0580664 0.0577489 0.0603238 0.0529690 0.0521810 0.0521810 0.0593853 0.0602575 0.0587027 0.0613302 0.0587607 0.0602968 0.0586356 0.0602812 0.0602873 0.0594161 0.0587069 0.0587712 0.0578754 0.0586730 0.0552889 0.0586254 0.0585771 0.0587778 0.0569529 0.0578194 0.0586822 0.0545310 0.0578070 0.0561632 0.0569594 0.0577571 0.0564633 0.0570066 0.0553323 0.0553323 0.0557058 0.0561393 0.0561393 
JF791031                                                           0.0657079 0.0450002 0.0000000 0.0417218 0.0401248 0.0403371 0.0387135 0.0378912 0.0370848 0.0353972 0.0347757 0.0355938 0.0355322 0.0347573 0.0331890 0.0323791 0.0323791 0.0332507 0.0338796 0.0331866 0.0331062 0.0331515 0.0355715 0.0339739 0.0339876 0.0331569 0.0332025 0.0332256 0.0324147 0.0323680 0.0323640 0.0323640 0.0327869 0.0316077 0.0315830 0.0315830 0.0313278 0.0441669 0.0401844 0.0400749 0.0392838 0.0392838 0.0391777 0.0378660 0.0393089 0.0385047 0.0384760 0.0376805 0.0376805 0.0381731 0.0321737 0.0336502 0.0374854 0.0336006 0.0359517 0.0340335 0.0448566 0.0472642 0.0447994 0.0407077 0.0430566 0.0439977 0.0448669 0.0471652 0.0464816 0.0455506 0.0456036 0.0454755 0.0456360 0.0472864 0.0463672 0.0454923 0.0448156 0.0408459 0.0408043 0.0416803 0.0416803 0.0391863 0.0423827 0.0407711 0.0399576 0.0401523 0.0415853 0.0408053 0.0393300 0.0383868 0.0400179 0.0376070 0.0362000 0.0391642 0.0383691 0.0377256 0.0375478 0.0392097 0.0328826 0.0321156 0.0321156 0.0375423 0.0383630 0.0360653 0.0393099 0.0368738 0.0368265 0.0367966 0.0383768 0.0383812 0.0360137 0.0368403 0.0368804 0.0376037 0.0360456 0.0368162 0.0352299 0.0336531 0.0368839 0.0351972 0.0367945 0.0368248 0.0336816 0.0360046 0.0359794 0.0356464 0.0359751 0.0346108 0.0352299 0.0336374 0.0336374 0.0338606 0.0328698 0.0328698 
AY160124.1_Symbiodinium_sp._G15                                    0.0703713 0.0637103 0.0417218 0.0000000 0.0014078 0.0396335 0.0387777 0.0356568 0.0371776 0.0332256 0.0342096 0.0334062 0.0356796 0.0348907 0.0333497 0.0325537 0.0325537 0.0327096 0.0333303 0.0326476 0.0310428 0.0326136 0.0333857 0.0318249 0.0318373 0.0325537 0.0310695 0.0310907 0.0302994 0.0317798 0.0302528 0.0302528 0.0306404 0.0310335 0.0310096 0.0310096 0.0299675 0.0401995 0.0363222 0.0362259 0.0354556 0.0354556 0.0345005 0.0348309 0.0354775 0.0346960 0.0346707 0.0338970 0.0338970 0.0343303 0.0308721 0.0338515 0.0360922 0.0315241 0.0345865 0.0326891 0.0433556 0.0457189 0.0433011 0.0408157 0.0438980 0.0456523 0.0449410 0.0464277 0.0457535 0.0448397 0.0433044 0.0455618 0.0457203 0.0456459 0.0456427 0.0439422 0.0432748 0.0401592 0.0401190 0.0401167 0.0401167 0.0417203 0.0409479 0.0408538 0.0377450 0.0402454 0.0401080 0.0393427 0.0394363 0.0331336 0.0385702 0.0385141 0.0355930 0.0385503 0.0385083 0.0355565 0.0353878 0.0377781 0.0308210 0.0315823 0.0315823 0.0361459 0.0369498 0.0354534 0.0378730 0.0370192 0.0369725 0.0354130 0.0369627 0.0369669 0.0361681 0.0354543 0.0362581 0.0346750 0.0362041 0.0354367 0.0354081 0.0338558 0.0354956 0.0338453 0.0354111 0.0354396 0.0331252 0.0346365 0.0346127 0.0350902 0.0346087 0.0332630 0.0338763 0.0323152 0.0323152 0.0317527 0.0315617 0.0315617 
HE653239_Symbiodinium_voratum                                      0.0686695 0.0620526 0.0401248 0.0014078 0.0000000 0.0380629 0.0372133 0.0341043 0.0356207 0.0316872 0.0326580 0.0318591 0.0341261 0.0333407 0.0318052 0.0310133 0.0310133 0.0311616 0.0317868 0.0311025 0.0295069 0.0310702 0.0318396 0.0302854 0.0302973 0.0310134 0.0295322 0.0295523 0.0287651 0.0302426 0.0287210 0.0287210 0.0290883 0.0294981 0.0294754 0.0294754 0.0284128 0.0386353 0.0347719 0.0346800 0.0339125 0.0339125 0.0329356 0.0332503 0.0339333 0.0331552 0.0331312 0.0323605 0.0323605 0.0327735 0.0293452 0.0323173 0.0345523 0.0300000 0.0330508 0.0311425 0.0417790 0.0441337 0.0417266 0.0392554 0.0423279 0.0440695 0.0433582 0.0448425 0.0441668 0.0432608 0.0417297 0.0439825 0.0441350 0.0440633 0.0440603 0.0423703 0.0417014 0.0385965 0.0385580 0.0385559 0.0385559 0.0401519 0.0393822 0.0392918 0.0361946 0.0386791 0.0385474 0.0377847 0.0378742 0.0315999 0.0370148 0.0369611 0.0340435 0.0369957 0.0369555 0.0340087 0.0338478 0.0362262 0.0292967 0.0300553 0.0300553 0.0346036 0.0354032 0.0339104 0.0363170 0.0354695 0.0354249 0.0338718 0.0354155 0.0354195 0.0346248 0.0339112 0.0347107 0.0331352 0.0346591 0.0338945 0.0338672 0.0323213 0.0339506 0.0323113 0.0338700 0.0338972 0.0315918 0.0330985 0.0330758 0.0335314 0.0330721 0.0317230 0.0323408 0.0307868 0.0307868 0.0302171 0.0300357 0.0300357 
AJ271758.1_Symbiodinium_sp.                                        0.0771184 0.0675518 0.0403371 0.0396335 0.0380629 0.0000000 0.0136398 0.0158451 0.0121688 0.0151184 0.0158850 0.0136755 0.0107340 0.0100052 0.0085619 0.0078359 0.0078359 0.0144359 0.0151040 0.0144091 0.0129193 0.0143945 0.0136675 0.0122002 0.0122046 0.0114614 0.0114767 0.0114841 0.0107480 0.0107330 0.0107319 0.0107319 0.0108664 0.0100153 0.0100078 0.0100078 0.0101717 0.0452800 0.0413281 0.0412163 0.0404312 0.0404312 0.0395433 0.0390616 0.0396782 0.0396583 0.0388526 0.0388393 0.0388393 0.0393424 0.0310738 0.0317991 0.0363346 0.0309728 0.0348185 0.0329102 0.0452403 0.0476296 0.0451830 0.0418850 0.0465635 0.0467700 0.0452713 0.0475524 0.0468746 0.0459492 0.0460022 0.0466764 0.0468403 0.0476518 0.0467600 0.0450406 0.0443697 0.0396434 0.0396035 0.0396818 0.0396818 0.0420131 0.0428040 0.0419245 0.0395620 0.0397289 0.0411727 0.0404006 0.0404975 0.0380071 0.0396211 0.0395630 0.0366200 0.0388141 0.0387820 0.0396252 0.0379484 0.0388213 0.0356342 0.0364085 0.0364085 0.0371717 0.0379838 0.0364750 0.0389196 0.0380558 0.0372293 0.0364332 0.0379972 0.0380016 0.0379664 0.0364760 0.0372880 0.0356893 0.0372321 0.0356866 0.0364280 0.0348612 0.0365188 0.0348503 0.0364311 0.0364608 0.0349041 0.0356493 0.0356246 0.0361200 0.0356204 0.0342680 0.0348824 0.0333062 0.0333062 0.0327470 0.0325462 0.0325462 
AJ271759.1_Symbiodinium_sp.                                        0.0752622 0.0649327 0.0387135 0.0387777 0.0372133 0.0136398 0.0000000 0.0136288 0.0099814 0.0129060 0.0136630 0.0114686 0.0085530 0.0078299 0.0063958 0.0056762 0.0056762 0.0122206 0.0128929 0.0121980 0.0107219 0.0121857 0.0114621 0.0100062 0.0100097 0.0092744 0.0092867 0.0092926 0.0085641 0.0085521 0.0085513 0.0085513 0.0086573 0.0078378 0.0078319 0.0078319 0.0079596 0.0443999 0.0404632 0.0403543 0.0395722 0.0395722 0.0386735 0.0381870 0.0388214 0.0388020 0.0379999 0.0379869 0.0379869 0.0384776 0.0302516 0.0309752 0.0354957 0.0301536 0.0339846 0.0320739 0.0443611 0.0467410 0.0443051 0.0410227 0.0456840 0.0458859 0.0443914 0.0466654 0.0459881 0.0450688 0.0451206 0.0457944 0.0459546 0.0467626 0.0458762 0.0441659 0.0434954 0.0387874 0.0387485 0.0388249 0.0388249 0.0411477 0.0419355 0.0410612 0.0371422 0.0388708 0.0403116 0.0395423 0.0396369 0.0371591 0.0387658 0.0387090 0.0357734 0.0379624 0.0387032 0.0379909 0.0371019 0.0379694 0.0340262 0.0347963 0.0347963 0.0363281 0.0371364 0.0356324 0.0380652 0.0356653 0.0363842 0.0355916 0.0371494 0.0371537 0.0371195 0.0356333 0.0364414 0.0348498 0.0363869 0.0348473 0.0355866 0.0340261 0.0356749 0.0340155 0.0355896 0.0356185 0.0340680 0.0348109 0.0347869 0.0352692 0.0347828 0.0334310 0.0340468 0.0324773 0.0324773 0.0319151 0.0317200 0.0317200 
AJ271754.1_Symbiodinium_sp.                                        0.0691887 0.0631840 0.0378912 0.0356568 0.0341043 0.0158451 0.0136288 0.0000000 0.0121592 0.0092734 0.0100157 0.0078451 0.0107256 0.0099974 0.0085552 0.0078298 0.0078298 0.0085822 0.0092649 0.0085663 0.0071121 0.0085577 0.0078406 0.0064002 0.0064025 0.0071087 0.0056862 0.0056898 0.0049707 0.0063913 0.0049632 0.0049632 0.0050245 0.0056799 0.0056757 0.0056757 0.0057679 0.0396714 0.0357748 0.0356794 0.0349053 0.0349053 0.0339388 0.0334213 0.0341588 0.0341418 0.0333508 0.0333394 0.0333394 0.0337681 0.0249204 0.0256416 0.0316531 0.0248401 0.0301521 0.0282135 0.0404147 0.0427736 0.0403639 0.0371228 0.0417480 0.0419311 0.0404421 0.0427048 0.0420235 0.0411234 0.0403918 0.0410709 0.0412131 0.0427931 0.0403409 0.0402379 0.0395635 0.0348965 0.0348618 0.0364707 0.0364707 0.0372347 0.0380155 0.0371571 0.0348257 0.0349708 0.0364108 0.0356476 0.0357321 0.0332900 0.0348773 0.0348266 0.0318990 0.0340834 0.0348214 0.0333341 0.0332391 0.0340896 0.0301890 0.0309524 0.0309524 0.0324720 0.0332697 0.0325330 0.0341752 0.0318033 0.0325217 0.0317379 0.0332812 0.0332850 0.0332545 0.0317748 0.0325725 0.0309994 0.0325240 0.0279296 0.0317337 0.0301887 0.0318118 0.0301794 0.0317363 0.0317617 0.0302258 0.0309651 0.0309438 0.0313712 0.0309404 0.0295797 0.0302070 0.0286550 0.0286550 0.0280741 0.0279033 0.0279033 
AJ271756.1_Symbiodinium_sp.                                        0.0734510 0.0631967 0.0370848 0.0371776 0.0356207 0.0121688 0.0099814 0.0121592 0.0000000 0.0114391 0.0121894 0.0100072 0.0071077 0.0063885 0.0049608 0.0042453 0.0042453 0.0107520 0.0114286 0.0107320 0.0092665 0.0107212 0.0100015 0.0085529 0.0085559 0.0078258 0.0078362 0.0078411 0.0071170 0.0071070 0.0071063 0.0071063 0.0071942 0.0063949 0.0063902 0.0063902 0.0064940 0.0427690 0.0388506 0.0387464 0.0379680 0.0379680 0.0370469 0.0365503 0.0372195 0.0372009 0.0364036 0.0363911 0.0363911 0.0368599 0.0286930 0.0294152 0.0339186 0.0286003 0.0324132 0.0304931 0.0427318 0.0451004 0.0426780 0.0394162 0.0440576 0.0442514 0.0427608 0.0450277 0.0443495 0.0434391 0.0434888 0.0441637 0.0443175 0.0451211 0.0442422 0.0425444 0.0418730 0.0371870 0.0371499 0.0372227 0.0372227 0.0395356 0.0403197 0.0394529 0.0355532 0.0364943 0.0387055 0.0379395 0.0380298 0.0355694 0.0371664 0.0371122 0.0341830 0.0363677 0.0371066 0.0363950 0.0355148 0.0363744 0.0324529 0.0332194 0.0332194 0.0347446 0.0355476 0.0340488 0.0364659 0.0340800 0.0347980 0.0340098 0.0355601 0.0355641 0.0355315 0.0340495 0.0348525 0.0332702 0.0348006 0.0332678 0.0340052 0.0324527 0.0340892 0.0309222 0.0340080 0.0340354 0.0324926 0.0332333 0.0332104 0.0336696 0.0332066 0.0318525 0.0324724 0.0309117 0.0309117 0.0303425 0.0301575 0.0301575 
AJ271764.1_Symbiodinium_sp.                                        0.0647462 0.0613464 0.0353972 0.0332256 0.0316872 0.0151184 0.0129060 0.0092734 0.0114391 0.0000000 0.0092964 0.0071289 0.0100064 0.0092794 0.0078390 0.0071150 0.0071150 0.0078637 0.0085486 0.0078491 0.0063982 0.0078412 0.0071249 0.0056867 0.0056888 0.0063952 0.0049734 0.0049765 0.0042588 0.0056788 0.0042524 0.0042524 0.0043049 0.0049679 0.0049642 0.0049642 0.0050448 0.0371972 0.0333349 0.0332467 0.0324795 0.0324795 0.0314815 0.0309499 0.0309583 0.0317221 0.0301626 0.0309290 0.0309290 0.0313243 0.0240791 0.0232937 0.0307770 0.0240018 0.0292838 0.0273460 0.0363777 0.0387068 0.0363322 0.0331443 0.0377165 0.0378799 0.0364020 0.0386450 0.0379624 0.0370847 0.0371263 0.0378062 0.0379357 0.0387241 0.0378723 0.0362201 0.0355440 0.0309352 0.0309048 0.0324872 0.0324872 0.0332428 0.0340137 0.0331743 0.0308731 0.0310002 0.0324341 0.0316796 0.0317538 0.0293561 0.0309185 0.0308740 0.0279648 0.0301369 0.0308694 0.0309137 0.0300843 0.0301422 0.0270449 0.0278000 0.0278000 0.0285540 0.0293383 0.0278569 0.0302173 0.0278819 0.0285972 0.0278251 0.0293482 0.0293517 0.0293250 0.0278571 0.0286414 0.0270925 0.0285992 0.0255739 0.0278215 0.0262976 0.0278893 0.0262896 0.0278237 0.0278457 0.0263297 0.0270629 0.0270444 0.0274151 0.0270416 0.0256768 0.0263135 0.0247843 0.0247843 0.0241868 0.0240408 0.0240408 
L13718.1_Symbiodinium_meandrinae                                   0.0677503 0.0617615 0.0347757 0.0342096 0.0326580 0.0158850 0.0136630 0.0100157 0.0121894 0.0092964 0.0000000 0.0078645 0.0107522 0.0100221 0.0085763 0.0078491 0.0078491 0.0014192 0.0035447 0.0028404 0.0028340 0.0028375 0.0078600 0.0064160 0.0064183 0.0071263 0.0057002 0.0057038 0.0049829 0.0064071 0.0049754 0.0049754 0.0050370 0.0056939 0.0056897 0.0056897 0.0057823 0.0397768 0.0358692 0.0357732 0.0349970 0.0349970 0.0340293 0.0326928 0.0342485 0.0342315 0.0334381 0.0334267 0.0334267 0.0338577 0.0264939 0.0272173 0.0332608 0.0264082 0.0317522 0.0298209 0.0420857 0.0444588 0.0420325 0.0387667 0.0434176 0.0436090 0.0421143 0.0443869 0.0437058 0.0427955 0.0428445 0.0435224 0.0436742 0.0444793 0.0428018 0.0419007 0.0412264 0.0365317 0.0364951 0.0381164 0.0381164 0.0388844 0.0396699 0.0388029 0.0364571 0.0366099 0.0380535 0.0372860 0.0373749 0.0349124 0.0365114 0.0364581 0.0335205 0.0341526 0.0364525 0.0341984 0.0348587 0.0357182 0.0302675 0.0295112 0.0295112 0.0340871 0.0348910 0.0333887 0.0358083 0.0334194 0.0341396 0.0333504 0.0349032 0.0349072 0.0348751 0.0333894 0.0341932 0.0326089 0.0341421 0.0310599 0.0333458 0.0317910 0.0334284 0.0317811 0.0333486 0.0333755 0.0318301 0.0325726 0.0325501 0.0330014 0.0325464 0.0311864 0.0318103 0.0302476 0.0302476 0.0296732 0.0294918 0.0294918 
KU188508.1_Symbiodinium_sp.                                        0.0684514 0.0625066 0.0355938 0.0334062 0.0318591 0.0136755 0.0114686 0.0078451 0.0100072 0.0071289 0.0078645 0.0000000 0.0085751 0.0078501 0.0064123 0.0056908 0.0056908 0.0064326 0.0071223 0.0064206 0.0049753 0.0064142 0.0056901 0.0042578 0.0042593 0.0049730 0.0035463 0.0035485 0.0028343 0.0042582 0.0028343 0.0028343 0.0028693 0.0035477 0.0035451 0.0035451 0.0036026 0.0389556 0.0350589 0.0349654 0.0341913 0.0341913 0.0332129 0.0326898 0.0334442 0.0334276 0.0326370 0.0326259 0.0326259 0.0330457 0.0242078 0.0249298 0.0309429 0.0241297 0.0294413 0.0274944 0.0389162 0.0412710 0.0388672 0.0364108 0.0410368 0.0412168 0.0397264 0.0419907 0.0413077 0.0404095 0.0404555 0.0411355 0.0412781 0.0420776 0.0412083 0.0395258 0.0388496 0.0341826 0.0341486 0.0357564 0.0357564 0.0365205 0.0373013 0.0364444 0.0341132 0.0342554 0.0356976 0.0349342 0.0350170 0.0325774 0.0341639 0.0341142 0.0311833 0.0333704 0.0341090 0.0333955 0.0325276 0.0333764 0.0294774 0.0302408 0.0302408 0.0317605 0.0325576 0.0310614 0.0334603 0.0310897 0.0318092 0.0310258 0.0325688 0.0325726 0.0325427 0.0310619 0.0318589 0.0302867 0.0318114 0.0287478 0.0310216 0.0294771 0.0310980 0.0294680 0.0310242 0.0310490 0.0295133 0.0302532 0.0302324 0.0306503 0.0302291 0.0288645 0.0294950 0.0279436 0.0279436 0.0273584 0.0271917 0.0271917 
AB055917.1_Symbiodinium_sp.                                        0.0718489 0.0616369 0.0355322 0.0356796 0.0341261 0.0107340 0.0085530 0.0107256 0.0071077 0.0100064 0.0107522 0.0085751 0.0000000 0.0049674 0.0035424 0.0028294 0.0028294 0.0093157 0.0099971 0.0092984 0.0078386 0.0092890 0.0085702 0.0071254 0.0071279 0.0064010 0.0064096 0.0064136 0.0056919 0.0056840 0.0056834 0.0056834 0.0057537 0.0049724 0.0049687 0.0049687 0.0043254 0.0412559 0.0373450 0.0372450 0.0364681 0.0364681 0.0347466 0.0342341 0.0357199 0.0357022 0.0349072 0.0348953 0.0348953 0.0353448 0.0272135 0.0279361 0.0324344 0.0271255 0.0309308 0.0289971 0.0412201 0.0435840 0.0411682 0.0379176 0.0425517 0.0403421 0.0388561 0.0411130 0.0404307 0.0395386 0.0411380 0.0418156 0.0419605 0.0436039 0.0418896 0.0410395 0.0403657 0.0356888 0.0356532 0.0357230 0.0357230 0.0372063 0.0364426 0.0379528 0.0356162 0.0357649 0.0372056 0.0364409 0.0365274 0.0340772 0.0356691 0.0356171 0.0326868 0.0348729 0.0356117 0.0348991 0.0340250 0.0348793 0.0309686 0.0317337 0.0317337 0.0332563 0.0340564 0.0325587 0.0349670 0.0325885 0.0333073 0.0325215 0.0340682 0.0340722 0.0340409 0.0325594 0.0333594 0.0317820 0.0333097 0.0317798 0.0325170 0.0309684 0.0325973 0.0309588 0.0325197 0.0325459 0.0310064 0.0317468 0.0317249 0.0321636 0.0317214 0.0303620 0.0309872 0.0294310 0.0294310 0.0288537 0.0286779 0.0286779 
AJ271757.1_Symbiodinium_sp.                                        0.0709681 0.0607889 0.0347573 0.0348907 0.0333407 0.0100052 0.0078299 0.0099974 0.0063885 0.0092794 0.0100221 0.0078501 0.0049674 0.0000000 0.0028301 0.0021192 0.0021192 0.0085878 0.0092708 0.0085718 0.0071166 0.0085632 0.0078457 0.0064044 0.0064066 0.0056823 0.0056899 0.0056935 0.0049739 0.0049669 0.0049664 0.0049664 0.0050278 0.0042564 0.0042533 0.0042533 0.0043223 0.0404533 0.0365504 0.0364528 0.0356774 0.0356774 0.0347221 0.0342098 0.0349302 0.0349129 0.0341201 0.0341085 0.0341085 0.0345473 0.0264434 0.0271654 0.0316562 0.0263580 0.0301551 0.0282164 0.0404183 0.0427772 0.0403674 0.0371261 0.0417516 0.0419346 0.0404456 0.0427084 0.0420271 0.0411269 0.0411737 0.0418519 0.0412167 0.0427967 0.0419260 0.0402414 0.0395670 0.0348998 0.0348651 0.0349332 0.0349332 0.0372380 0.0380189 0.0371605 0.0348289 0.0349741 0.0364141 0.0356509 0.0357354 0.0332931 0.0348806 0.0348299 0.0319021 0.0340866 0.0348246 0.0341122 0.0332422 0.0340928 0.0301920 0.0309554 0.0309554 0.0324751 0.0332728 0.0317774 0.0341784 0.0318064 0.0325248 0.0317410 0.0332843 0.0332882 0.0332577 0.0317779 0.0325756 0.0310025 0.0325271 0.0310003 0.0317367 0.0301917 0.0318149 0.0301824 0.0317393 0.0317648 0.0302288 0.0309682 0.0309469 0.0313743 0.0309435 0.0295827 0.0302100 0.0286579 0.0286579 0.0280770 0.0279061 0.0279061 
AB863030.1_Symbiodinium_sp.                                        0.0692700 0.0591489 0.0331890 0.0333497 0.0318052 0.0085619 0.0063958 0.0085552 0.0049608 0.0078390 0.0085763 0.0064123 0.0035424 0.0028301 0.0000000 0.0007046 0.0007046 0.0071447 0.0078318 0.0071315 0.0056840 0.0071243 0.0064087 0.0049730 0.0049748 0.0042548 0.0042604 0.0042631 0.0035469 0.0035420 0.0035417 0.0035417 0.0035853 0.0028330 0.0028309 0.0028309 0.0028767 0.0388893 0.0349993 0.0349061 0.0341334 0.0341334 0.0331557 0.0326331 0.0333876 0.0333710 0.0325818 0.0325707 0.0325707 0.0329892 0.0249326 0.0256541 0.0301335 0.0248522 0.0286363 0.0266863 0.0388557 0.0412067 0.0388069 0.0355815 0.0401932 0.0403689 0.0388819 0.0411404 0.0404576 0.0395648 0.0396096 0.0402895 0.0404288 0.0412253 0.0403606 0.0386861 0.0380100 0.0333585 0.0333254 0.0333904 0.0333904 0.0356883 0.0364664 0.0356142 0.0332910 0.0334292 0.0348691 0.0341081 0.0341887 0.0317602 0.0333403 0.0332919 0.0303669 0.0325499 0.0332869 0.0325744 0.0317117 0.0325558 0.0286713 0.0294322 0.0294322 0.0309472 0.0317409 0.0302486 0.0326374 0.0302761 0.0309944 0.0302140 0.0317517 0.0317555 0.0317264 0.0302491 0.0310427 0.0294767 0.0309966 0.0294746 0.0302100 0.0286709 0.0302842 0.0286622 0.0302125 0.0302366 0.0287061 0.0294442 0.0294240 0.0298298 0.0294208 0.0280564 0.0286883 0.0271429 0.0271429 0.0265546 0.0263932 0.0263932 
AB016579.1_Symbiodinium_sp.                                        0.0683590 0.0582784 0.0323791 0.0325537 0.0310133 0.0078359 0.0056762 0.0078298 0.0042453 0.0071150 0.0078491 0.0056908 0.0028294 0.0021192 0.0007046 0.0000000 0.0000010 0.0064200 0.0071085 0.0064081 0.0049656 0.0064017 0.0056876 0.0042558 0.0042573 0.0035400 0.0035447 0.0035469 0.0028331 0.0028291 0.0028288 0.0028288 0.0028637 0.0021214 0.0021198 0.0021198 0.0021541 0.0380766 0.0341967 0.0341059 0.0333351 0.0333351 0.0323468 0.0318194 0.0325906 0.0325745 0.0317878 0.0317770 0.0317770 0.0321846 0.0241591 0.0248797 0.0293497 0.0240814 0.0278556 0.0259016 0.0380438 0.0403885 0.0379960 0.0347816 0.0393822 0.0395540 0.0380693 0.0403237 0.0396407 0.0387525 0.0387963 0.0394765 0.0396126 0.0404067 0.0395460 0.0378780 0.0372017 0.0325623 0.0325301 0.0325933 0.0325933 0.0348857 0.0356618 0.0348135 0.0324965 0.0326312 0.0340697 0.0333105 0.0333890 0.0309696 0.0325446 0.0324975 0.0295764 0.0317568 0.0324926 0.0317806 0.0309225 0.0317624 0.0278897 0.0286486 0.0286486 0.0301599 0.0309508 0.0294615 0.0318419 0.0294882 0.0302058 0.0294278 0.0309614 0.0309650 0.0309367 0.0294619 0.0302528 0.0286917 0.0302079 0.0286898 0.0294240 0.0278893 0.0294961 0.0278807 0.0294263 0.0294497 0.0279234 0.0286602 0.0286406 0.0290349 0.0286375 0.0272723 0.0279062 0.0263654 0.0263654 0.0257738 0.0256175 0.0256175 
AB016572.1_Symbiodinium_sp.                                        0.0683590 0.0582784 0.0323791 0.0325537 0.0310133 0.0078359 0.0056762 0.0078298 0.0042453 0.0071150 0.0078491 0.0056908 0.0028294 0.0021192 0.0007046 0.0000010 0.0000000 0.0064200 0.0071085 0.0064081 0.0049656 0.0064017 0.0056876 0.0042558 0.0042573 0.0035400 0.0035447 0.0035469 0.0028331 0.0028291 0.0028288 0.0028288 0.0028637 0.0021214 0.0021198 0.0021198 0.0021541 0.0380766 0.0341967 0.0341059 0.0333351 0.0333351 0.0323468 0.0318194 0.0325906 0.0325745 0.0317878 0.0317770 0.0317770 0.0321846 0.0241591 0.0248797 0.0293497 0.0240814 0.0278556 0.0259016 0.0380438 0.0403885 0.0379960 0.0347816 0.0393822 0.0395540 0.0380693 0.0403237 0.0396407 0.0387525 0.0387963 0.0394765 0.0396126 0.0404067 0.0395460 0.0378780 0.0372017 0.0325623 0.0325301 0.0325933 0.0325933 0.0348857 0.0356618 0.0348135 0.0324965 0.0326312 0.0340697 0.0333105 0.0333890 0.0309696 0.0325446 0.0324975 0.0295764 0.0317568 0.0324926 0.0317806 0.0309225 0.0317624 0.0278897 0.0286486 0.0286486 0.0301599 0.0309508 0.0294615 0.0318419 0.0294882 0.0302058 0.0294278 0.0309614 0.0309650 0.0309367 0.0294619 0.0302528 0.0286917 0.0302079 0.0286898 0.0294240 0.0278893 0.0294961 0.0278807 0.0294263 0.0294497 0.0279234 0.0286602 0.0286406 0.0290349 0.0286375 0.0272723 0.0279062 0.0263654 0.0263654 0.0257738 0.0256175 0.0256175 
L13717.1_Symbiodinium_corculorum                                   0.0661445 0.0601918 0.0332507 0.0327096 0.0311616 0.0144359 0.0122206 0.0085822 0.0107520 0.0078637 0.0014192 0.0064326 0.0093157 0.0085878 0.0071447 0.0064200 0.0064200 0.0000000 0.0021262 0.0014198 0.0014166 0.0014183 0.0064289 0.0049887 0.0049905 0.0056993 0.0042739 0.0042765 0.0035581 0.0049817 0.0035528 0.0035528 0.0035967 0.0042691 0.0042659 0.0042659 0.0043354 0.0374876 0.0343613 0.0342696 0.0334950 0.0334950 0.0325043 0.0311602 0.0327469 0.0327307 0.0319399 0.0319290 0.0319290 0.0323405 0.0250129 0.0257367 0.0317707 0.0249321 0.0302641 0.0283194 0.0405667 0.0429347 0.0405155 0.0372615 0.0419043 0.0420887 0.0405943 0.0428654 0.0421819 0.0412778 0.0413250 0.0420053 0.0421516 0.0429544 0.0412839 0.0403886 0.0397120 0.0350271 0.0349921 0.0366074 0.0366074 0.0373743 0.0381580 0.0372961 0.0349557 0.0351020 0.0365471 0.0357809 0.0358661 0.0334142 0.0350078 0.0349567 0.0320184 0.0326554 0.0349514 0.0326992 0.0333629 0.0342169 0.0287804 0.0280254 0.0280254 0.0325929 0.0333937 0.0318928 0.0343032 0.0319220 0.0326430 0.0318562 0.0334053 0.0334092 0.0333784 0.0318934 0.0326942 0.0311150 0.0326453 0.0295699 0.0318519 0.0303010 0.0319306 0.0302917 0.0318545 0.0318801 0.0303383 0.0310804 0.0310590 0.0314895 0.0310555 0.0296903 0.0303195 0.0287615 0.0287615 0.0281790 0.0280069 0.0280069 
AB055918.1_Symbiodinium_sp.                                        0.0666695 0.0607293 0.0338796 0.0333303 0.0317868 0.0151040 0.0128929 0.0092649 0.0114286 0.0085486 0.0035447 0.0071223 0.0099971 0.0092708 0.0078318 0.0071085 0.0071085 0.0021262 0.0000000 0.0021223 0.0021175 0.0021201 0.0071183 0.0056815 0.0056835 0.0063893 0.0049688 0.0049719 0.0042549 0.0056736 0.0042485 0.0042485 0.0043009 0.0049633 0.0049596 0.0049596 0.0050400 0.0388663 0.0349788 0.0348857 0.0341135 0.0341135 0.0331361 0.0318005 0.0333681 0.0333516 0.0325629 0.0325518 0.0325518 0.0329697 0.0256553 0.0263761 0.0323909 0.0255726 0.0308893 0.0289578 0.0411643 0.0435250 0.0411125 0.0378666 0.0424944 0.0426808 0.0411922 0.0434549 0.0427751 0.0418721 0.0419198 0.0425965 0.0427443 0.0435448 0.0426720 0.0409842 0.0403111 0.0356407 0.0356052 0.0372166 0.0372166 0.0379809 0.0387623 0.0379017 0.0355683 0.0357166 0.0371555 0.0363918 0.0364781 0.0340314 0.0356210 0.0355692 0.0326427 0.0348260 0.0355639 0.0333196 0.0339793 0.0348323 0.0294109 0.0286582 0.0286582 0.0332117 0.0340107 0.0325150 0.0349198 0.0325447 0.0332626 0.0324778 0.0340224 0.0340264 0.0339952 0.0325156 0.0333145 0.0317393 0.0332650 0.0301986 0.0324734 0.0309269 0.0325534 0.0309173 0.0324761 0.0325021 0.0309648 0.0317042 0.0316824 0.0321199 0.0316789 0.0295635 0.0309456 0.0293916 0.0293916 0.0288148 0.0286395 0.0286395 
X62650.1_S.pilosum                                                 0.0660137 0.0600748 0.0331866 0.0326476 0.0311025 0.0144091 0.0121980 0.0085663 0.0107320 0.0078491 0.0028404 0.0064206 0.0092984 0.0085718 0.0071315 0.0064081 0.0064081 0.0014198 0.0021223 0.0000000 0.0014140 0.0014157 0.0064170 0.0049795 0.0049813 0.0056887 0.0042659 0.0042686 0.0035515 0.0049725 0.0035462 0.0035462 0.0035900 0.0042613 0.0042581 0.0042581 0.0043272 0.0381878 0.0342959 0.0342045 0.0334315 0.0334315 0.0324416 0.0310998 0.0326847 0.0326686 0.0318794 0.0318685 0.0318685 0.0322785 0.0249658 0.0256883 0.0317108 0.0248853 0.0302071 0.0282655 0.0404893 0.0428526 0.0404383 0.0371908 0.0418247 0.0420084 0.0405167 0.0427835 0.0421012 0.0411991 0.0412461 0.0419253 0.0420710 0.0428722 0.0419997 0.0403118 0.0396363 0.0349606 0.0349258 0.0365378 0.0365378 0.0373031 0.0380854 0.0372253 0.0348895 0.0350351 0.0364777 0.0357130 0.0357978 0.0333509 0.0349413 0.0348904 0.0319576 0.0341459 0.0348852 0.0326372 0.0332998 0.0341521 0.0287261 0.0279725 0.0279725 0.0325313 0.0333305 0.0318324 0.0342380 0.0318615 0.0325812 0.0317959 0.0333421 0.0333460 0.0333153 0.0318330 0.0326322 0.0310561 0.0325836 0.0295141 0.0317917 0.0302438 0.0318701 0.0302345 0.0317943 0.0318198 0.0302810 0.0310217 0.0310003 0.0314293 0.0309969 0.0296340 0.0302622 0.0287073 0.0287073 0.0281256 0.0279541 0.0279541 
AB016723.1_Symbiodinium_sp.                                        0.0658436 0.0599245 0.0331062 0.0310428 0.0295069 0.0129193 0.0107219 0.0071121 0.0092665 0.0063982 0.0028340 0.0049753 0.0078386 0.0071166 0.0056840 0.0049656 0.0049656 0.0014166 0.0021175 0.0014140 0.0000000 0.0014126 0.0049725 0.0035436 0.0035448 0.0042507 0.0028334 0.0028352 0.0021230 0.0035386 0.0021199 0.0021199 0.0021459 0.0028303 0.0028282 0.0028282 0.0028739 0.0380957 0.0342137 0.0341227 0.0333516 0.0333516 0.0323630 0.0310240 0.0326067 0.0325906 0.0318034 0.0317926 0.0317926 0.0322006 0.0234072 0.0241276 0.0301198 0.0233320 0.0286232 0.0266741 0.0388376 0.0411875 0.0387889 0.0355651 0.0401746 0.0403501 0.0388638 0.0411213 0.0404388 0.0395464 0.0395912 0.0402709 0.0404100 0.0412061 0.0403419 0.0386682 0.0379924 0.0333431 0.0333101 0.0349103 0.0349103 0.0356718 0.0364496 0.0355978 0.0332757 0.0334138 0.0348531 0.0340924 0.0341730 0.0317456 0.0333249 0.0332766 0.0303530 0.0325350 0.0332716 0.0310333 0.0316972 0.0325408 0.0271483 0.0279065 0.0279065 0.0309330 0.0317263 0.0302348 0.0326224 0.0302622 0.0309802 0.0302002 0.0317372 0.0317409 0.0317119 0.0302352 0.0310285 0.0294632 0.0309824 0.0279305 0.0301962 0.0286579 0.0302703 0.0286491 0.0301987 0.0302227 0.0286930 0.0294308 0.0294106 0.0298160 0.0294074 0.0280435 0.0286752 0.0271305 0.0271305 0.0265424 0.0263812 0.0263812 
AB016724.1_Symbiodinium_sp.                                        0.0659417 0.0600106 0.0331515 0.0326136 0.0310702 0.0143945 0.0121857 0.0085577 0.0107212 0.0078412 0.0028375 0.0064142 0.0092890 0.0085632 0.0071243 0.0064017 0.0064017 0.0014183 0.0021201 0.0014157 0.0014126 0.0000000 0.0064106 0.0049745 0.0049762 0.0056830 0.0042617 0.0042643 0.0035480 0.0049675 0.0035427 0.0035427 0.0035864 0.0042570 0.0042538 0.0042538 0.0043228 0.0381477 0.0342600 0.0341689 0.0333966 0.0333966 0.0324073 0.0310666 0.0326506 0.0326345 0.0318462 0.0318354 0.0318354 0.0322445 0.0249400 0.0256617 0.0316780 0.0248596 0.0301758 0.0282360 0.0404468 0.0428076 0.0403959 0.0371521 0.0417810 0.0419643 0.0404742 0.0427386 0.0420569 0.0411559 0.0412028 0.0418814 0.0420268 0.0428271 0.0419556 0.0402697 0.0395948 0.0349241 0.0348894 0.0364996 0.0364996 0.0372642 0.0380456 0.0371864 0.0348532 0.0349985 0.0364396 0.0356758 0.0357604 0.0333162 0.0349049 0.0348541 0.0319242 0.0341103 0.0348489 0.0326032 0.0332652 0.0341165 0.0286964 0.0279436 0.0279436 0.0324975 0.0332959 0.0317994 0.0342022 0.0318284 0.0325473 0.0317629 0.0333074 0.0333113 0.0332807 0.0317999 0.0325982 0.0310239 0.0325497 0.0294835 0.0317587 0.0302125 0.0318370 0.0302032 0.0317613 0.0317867 0.0302496 0.0309895 0.0309682 0.0313962 0.0309648 0.0296031 0.0302308 0.0286776 0.0286776 0.0280964 0.0279252 0.0279252 
KU188515.1_Symbiodinium_sp.                                        0.0684049 0.0624653 0.0355715 0.0333857 0.0318396 0.0136675 0.0114621 0.0078406 0.0100015 0.0071249 0.0078600 0.0056901 0.0085702 0.0078457 0.0064087 0.0056876 0.0056876 0.0064289 0.0071183 0.0064170 0.0049725 0.0064106 0.0000000 0.0042554 0.0042569 0.0049702 0.0035443 0.0035466 0.0028327 0.0042558 0.0028327 0.0028327 0.0028677 0.0035457 0.0035431 0.0035431 0.0028779 0.0389313 0.0350372 0.0349438 0.0341702 0.0341702 0.0324088 0.0318808 0.0334236 0.0334071 0.0326170 0.0326059 0.0326059 0.0330252 0.0241932 0.0249148 0.0309241 0.0241153 0.0294234 0.0274776 0.0396748 0.0420320 0.0396249 0.0363883 0.0410113 0.0411910 0.0397016 0.0419644 0.0412818 0.0403843 0.0404302 0.0411098 0.0412523 0.0420511 0.0411825 0.0395013 0.0388254 0.0341616 0.0341276 0.0357342 0.0357342 0.0364979 0.0372781 0.0364219 0.0340923 0.0342343 0.0356755 0.0349126 0.0349954 0.0325575 0.0341429 0.0340932 0.0311642 0.0333499 0.0340881 0.0333750 0.0325077 0.0333559 0.0294595 0.0302224 0.0302224 0.0317412 0.0325377 0.0310424 0.0334397 0.0310707 0.0317897 0.0310068 0.0325489 0.0325527 0.0325228 0.0310429 0.0318394 0.0302682 0.0317920 0.0287304 0.0310027 0.0294592 0.0310790 0.0294501 0.0310052 0.0310301 0.0294953 0.0302348 0.0302140 0.0306314 0.0302107 0.0288469 0.0294771 0.0279267 0.0279267 0.0273417 0.0271753 0.0271753 
KU188511.1_Symbiodinium_sp.                                        0.0666618 0.0607720 0.0339739 0.0318249 0.0302854 0.0122002 0.0100062 0.0064002 0.0085529 0.0056867 0.0064160 0.0042578 0.0071254 0.0064044 0.0049730 0.0042558 0.0042558 0.0049887 0.0056815 0.0049795 0.0035436 0.0049745 0.0042554 0.0000000 0.0028314 0.0035419 0.0021217 0.0021230 0.0014131 0.0028306 0.0014131 0.0014131 0.0014305 0.0021225 0.0021209 0.0021209 0.0021552 0.0373431 0.0334650 0.0333761 0.0326058 0.0326058 0.0316058 0.0310729 0.0318611 0.0318454 0.0310594 0.0310489 0.0310489 0.0314473 0.0226728 0.0233934 0.0293812 0.0226000 0.0278855 0.0259297 0.0380850 0.0404324 0.0380372 0.0348192 0.0394247 0.0395969 0.0381107 0.0403675 0.0396837 0.0387944 0.0388383 0.0395192 0.0396556 0.0404506 0.0395888 0.0379189 0.0372420 0.0325975 0.0325652 0.0341625 0.0341625 0.0349235 0.0357004 0.0348511 0.0325316 0.0326665 0.0341065 0.0333465 0.0326625 0.0310030 0.0325797 0.0325325 0.0296085 0.0317910 0.0325276 0.0318149 0.0309558 0.0317967 0.0279197 0.0286794 0.0286794 0.0301924 0.0309842 0.0294933 0.0318764 0.0295200 0.0302384 0.0294595 0.0309948 0.0309984 0.0309700 0.0294937 0.0302855 0.0287227 0.0302405 0.0271918 0.0294557 0.0279193 0.0295279 0.0279107 0.0294580 0.0294815 0.0279535 0.0286911 0.0286714 0.0290666 0.0286683 0.0273018 0.0279362 0.0263938 0.0263938 0.0258017 0.0256450 0.0256450 
KU188514.1_Symbiodinium_sp.                                        0.0666911 0.0607979 0.0339876 0.0318373 0.0302973 0.0122046 0.0100097 0.0064025 0.0085559 0.0056888 0.0064183 0.0042593 0.0071279 0.0064066 0.0049748 0.0042573 0.0042573 0.0049905 0.0056835 0.0049813 0.0035448 0.0049762 0.0042569 0.0028314 0.0000000 0.0035432 0.0021224 0.0021238 0.0014136 0.0028316 0.0014136 0.0014136 0.0014310 0.0021233 0.0021217 0.0021217 0.0021552 0.0373580 0.0334782 0.0333893 0.0326186 0.0326186 0.0316184 0.0310854 0.0318736 0.0318578 0.0310716 0.0310610 0.0310610 0.0314598 0.0226815 0.0234023 0.0293926 0.0226085 0.0278963 0.0259398 0.0381003 0.0404487 0.0380524 0.0348329 0.0394405 0.0396128 0.0381259 0.0403837 0.0396997 0.0388099 0.0388539 0.0395350 0.0396715 0.0404669 0.0396047 0.0379340 0.0372568 0.0326103 0.0325780 0.0341760 0.0341760 0.0349373 0.0357146 0.0348648 0.0325443 0.0326794 0.0341200 0.0333596 0.0334384 0.0310151 0.0325925 0.0325453 0.0296200 0.0318035 0.0325404 0.0318274 0.0309679 0.0318092 0.0279304 0.0286905 0.0286905 0.0302041 0.0309963 0.0295048 0.0318889 0.0295315 0.0302502 0.0294710 0.0310068 0.0310105 0.0309821 0.0295051 0.0302973 0.0287338 0.0302523 0.0272023 0.0294671 0.0279300 0.0295394 0.0279215 0.0294695 0.0294929 0.0279643 0.0287022 0.0286825 0.0290780 0.0286794 0.0273124 0.0279470 0.0264039 0.0264039 0.0258116 0.0256549 0.0256549 
AF238256.1_Symbiodinium_sp._Type_A                                 0.0674793 0.0598940 0.0331569 0.0325537 0.0310134 0.0114614 0.0092744 0.0071087 0.0078258 0.0063952 0.0071263 0.0049730 0.0064010 0.0056823 0.0042548 0.0035400 0.0035400 0.0056993 0.0063893 0.0056887 0.0042507 0.0056830 0.0049702 0.0035419 0.0035432 0.0000000 0.0028321 0.0028339 0.0021220 0.0021191 0.0021189 0.0021189 0.0021449 0.0014124 0.0014114 0.0014114 0.0014340 0.0380768 0.0341968 0.0341060 0.0333352 0.0333352 0.0323469 0.0318194 0.0325907 0.0325746 0.0317879 0.0317771 0.0317771 0.0321847 0.0233959 0.0241159 0.0301052 0.0233207 0.0286093 0.0266610 0.0388184 0.0411670 0.0387697 0.0355477 0.0401548 0.0403302 0.0388446 0.0411009 0.0404187 0.0395269 0.0395716 0.0402510 0.0403900 0.0411857 0.0403219 0.0386492 0.0379737 0.0333268 0.0332938 0.0348932 0.0348932 0.0356543 0.0364316 0.0355803 0.0332594 0.0333974 0.0348360 0.0340757 0.0341562 0.0317301 0.0333086 0.0332603 0.0303381 0.0325190 0.0332553 0.0325435 0.0316818 0.0325249 0.0286443 0.0294045 0.0294045 0.0309180 0.0317108 0.0302200 0.0326063 0.0302475 0.0309651 0.0301855 0.0317217 0.0317254 0.0316964 0.0302205 0.0310133 0.0294488 0.0309673 0.0279169 0.0301815 0.0286439 0.0302555 0.0286352 0.0301839 0.0302080 0.0286790 0.0294164 0.0293962 0.0298013 0.0293931 0.0280298 0.0286613 0.0271174 0.0271174 0.0265295 0.0263685 0.0263685 
KU188513.1_Symbiodinium_sp.                                        0.0658472 0.0599754 0.0332025 0.0310695 0.0295322 0.0114767 0.0092867 0.0056862 0.0078362 0.0049734 0.0057002 0.0035463 0.0064096 0.0056899 0.0042604 0.0035447 0.0035447 0.0042739 0.0049688 0.0042659 0.0028334 0.0042617 0.0035443 0.0021217 0.0021224 0.0028321 0.0000000 0.0014146 0.0007056 0.0021219 0.0007056 0.0007056 0.0007149 0.0014143 0.0014132 0.0014132 0.0014361 0.0365785 0.0327053 0.0326186 0.0318492 0.0318492 0.0308380 0.0302999 0.0311049 0.0310896 0.0303051 0.0302948 0.0302948 0.0306834 0.0219306 0.0226511 0.0286327 0.0218601 0.0271384 0.0251764 0.0373203 0.0396647 0.0372735 0.0340620 0.0386626 0.0388312 0.0373454 0.0396010 0.0389163 0.0380302 0.0380732 0.0387551 0.0388887 0.0396825 0.0388233 0.0371577 0.0364796 0.0318411 0.0318096 0.0334036 0.0334036 0.0341638 0.0349398 0.0340931 0.0317768 0.0319084 0.0333489 0.0325897 0.0326665 0.0302501 0.0318238 0.0317777 0.0288540 0.0310366 0.0317730 0.0310599 0.0302041 0.0310421 0.0271716 0.0279304 0.0279304 0.0294416 0.0302318 0.0287419 0.0311199 0.0287679 0.0294865 0.0287090 0.0302420 0.0302456 0.0302180 0.0287422 0.0295323 0.0279724 0.0294885 0.0264439 0.0287052 0.0271712 0.0287756 0.0271629 0.0287076 0.0287304 0.0272045 0.0279417 0.0279225 0.0283073 0.0279196 0.0265508 0.0271877 0.0256480 0.0256480 0.0250521 0.0249000 0.0249000 
KU188510.1_Symbiodinium_sp.                                        0.0658965 0.0600192 0.0332256 0.0310907 0.0295523 0.0114841 0.0092926 0.0056898 0.0078411 0.0049765 0.0057038 0.0035485 0.0064136 0.0056935 0.0042631 0.0035469 0.0035469 0.0042765 0.0049719 0.0042686 0.0028352 0.0042643 0.0035466 0.0021230 0.0021238 0.0028339 0.0014146 0.0000000 0.0007066 0.0021232 0.0007066 0.0007066 0.0007153 0.0014152 0.0014141 0.0014141 0.0014361 0.0366038 0.0327277 0.0326409 0.0318710 0.0318710 0.0308593 0.0303210 0.0311261 0.0311108 0.0303257 0.0303154 0.0303154 0.0307046 0.0219452 0.0226662 0.0286520 0.0218746 0.0271566 0.0251934 0.0373461 0.0396923 0.0372992 0.0340852 0.0386892 0.0388581 0.0373712 0.0396285 0.0389433 0.0380565 0.0380995 0.0387819 0.0389157 0.0397101 0.0388502 0.0371833 0.0365048 0.0318628 0.0318313 0.0334265 0.0334265 0.0341873 0.0349638 0.0341164 0.0317984 0.0319302 0.0333717 0.0326119 0.0326889 0.0302707 0.0318455 0.0317994 0.0288736 0.0310577 0.0317946 0.0310811 0.0302245 0.0310633 0.0271899 0.0279493 0.0279493 0.0294615 0.0302523 0.0287614 0.0311411 0.0287874 0.0295064 0.0287284 0.0302626 0.0302661 0.0302384 0.0287617 0.0295524 0.0279913 0.0295085 0.0264617 0.0287246 0.0271895 0.0287951 0.0271812 0.0287269 0.0287498 0.0272229 0.0279606 0.0279414 0.0283266 0.0279384 0.0265688 0.0272060 0.0256652 0.0256652 0.0250689 0.0249167 0.0249167 
KU188509.1_Symbiodinium_sp.                                        0.0649949 0.0591457 0.0324147 0.0302994 0.0287651 0.0107480 0.0085641 0.0049707 0.0071170 0.0042588 0.0049829 0.0028343 0.0056919 0.0049739 0.0035469 0.0028331 0.0028331 0.0035581 0.0042549 0.0035515 0.0021230 0.0035480 0.0028327 0.0014131 0.0014136 0.0021220 0.0007056 0.0007066 0.0000000 0.0014132 0.0000010 0.0000010 0.0000010 0.0007060 0.0007056 0.0007056 0.0007177 0.0357960 0.0319299 0.0318454 0.0310774 0.0310774 0.0300552 0.0295122 0.0303339 0.0303190 0.0295364 0.0295264 0.0295264 0.0299048 0.0211786 0.0218988 0.0278709 0.0211106 0.0263788 0.0244115 0.0365371 0.0388771 0.0364913 0.0332882 0.0378812 0.0380461 0.0365616 0.0388147 0.0381293 0.0372471 0.0372891 0.0379717 0.0381024 0.0388945 0.0380385 0.0363781 0.0356993 0.0310695 0.0310388 0.0326286 0.0326286 0.0333876 0.0341620 0.0333186 0.0310068 0.0311350 0.0325751 0.0318172 0.0318921 0.0294829 0.0310526 0.0310078 0.0280860 0.0302674 0.0310031 0.0302901 0.0294381 0.0302728 0.0264111 0.0271685 0.0271685 0.0286771 0.0294650 0.0279771 0.0303485 0.0280023 0.0287207 0.0279450 0.0294750 0.0294785 0.0294516 0.0279773 0.0287653 0.0272092 0.0287226 0.0256838 0.0279414 0.0264106 0.0280097 0.0264026 0.0279436 0.0279658 0.0264430 0.0271794 0.0271607 0.0275347 0.0271579 0.0257876 0.0264266 0.0248905 0.0248905 0.0242910 0.0241437 0.0241437 
