130
GU362426_Gymnodinium_catenatum                                     0.0000000 0.0454017 0.0658053 0.0704803 0.0687737 0.0772592 0.0753949 0.0693032 0.0735776 0.0648439 0.0678629 0.0685634 0.0719701 0.0710880 0.0693849 0.0684707 0.0684707 0.0662519 0.0667759 0.0661209 0.0659493 0.0660484 0.0685169 0.0667683 0.0667990 0.0675887 0.0659532 0.0660026 0.0650979 0.0667258 0.0650444 0.0650444 0.0659277 0.0659230 0.0658698 0.0658698 0.0653044 0.0734666 0.0673808 0.0671840 0.0663431 0.0663431 0.0658320 0.0664979 0.0664917 0.0655224 0.0655711 0.0664228 0.0664228 0.0673208 0.0629645 0.0628052 0.0677673 0.0635629 0.0661496 0.0644558 0.0742034 0.0767841 0.0741050 0.0695087 0.0694400 0.0749684 0.0731894 0.0766561 0.0760040 0.0749110 0.0741599 0.0730640 0.0733451 0.0768369 0.0741081 0.0738561 0.0714721 0.0697057 0.0696289 0.0697290 0.0697290 0.0723733 0.0706909 0.0704699 0.0696246 0.0707870 0.0680347 0.0705723 0.0707597 0.0635504 0.0697352 0.0696225 0.0665406 0.0688413 0.0679458 0.0656716 0.0669964 0.0679745 0.0603734 0.0595627 0.0595627 0.0669886 0.0678976 0.0663008 0.0690411 0.0663703 0.0679432 0.0662251 0.0679267 0.0679336 0.0678659 0.0671591 0.0663819 0.0654476 0.0671098 0.0612199 0.0662119 0.0661553 0.0663920 0.0644765 0.0637276 0.0662792 0.0619524 0.0653648 0.0653185 0.0662687 0.0653055 0.0640145 0.0645409 0.0628041 0.0628041 0.0632373 0.0636365 0.0636365 
EF492511                                                           0.0454017 0.0000000 0.0450426 0.0637920 0.0621302 0.0676491 0.0650208 0.0632672 0.0632801 0.0614215 0.0618433 0.0625882 0.0617161 0.0608671 0.0592233 0.0583503 0.0583503 0.0602693 0.0608060 0.0601523 0.0599999 0.0600876 0.0625469 0.0608482 0.0608754 0.0599704 0.0600514 0.0600952 0.0592192 0.0591350 0.0591254 0.0591254 0.0599114 0.0583520 0.0583058 0.0583058 0.0576000 0.0665048 0.0606037 0.0604315 0.0579991 0.0579991 0.0573294 0.0578961 0.0614087 0.0588142 0.0605163 0.0596834 0.0596834 0.0604740 0.0531370 0.0520778 0.0537258 0.0513222 0.0521650 0.0503851 0.0680532 0.0705638 0.0679649 0.0619487 0.0627404 0.0655179 0.0654402 0.0687986 0.0681452 0.0671093 0.0655058 0.0653319 0.0655758 0.0689566 0.0663249 0.0661051 0.0654097 0.0638042 0.0637355 0.0646776 0.0646776 0.0646440 0.0646427 0.0628192 0.0636236 0.0631252 0.0620918 0.0629087 0.0622458 0.0586079 0.0620950 0.0611779 0.0590152 0.0612325 0.0619887 0.0581353 0.0578106 0.0603935 0.0530250 0.0522360 0.0522360 0.0594524 0.0603274 0.0587691 0.0614050 0.0588285 0.0603667 0.0587027 0.0603521 0.0603584 0.0594839 0.0587736 0.0588387 0.0579416 0.0587413 0.0553470 0.0586919 0.0586429 0.0588471 0.0570139 0.0578840 0.0587493 0.0545865 0.0578706 0.0562253 0.0570251 0.0578198 0.0565258 0.0570696 0.0553913 0.0553913 0.0557645 0.0561994 0.0561994 
JF791031                                                           0.0658053 0.0450426 0.0000000 0.0417603 0.0401605 0.0403764 0.0387490 0.0379261 0.0371175 0.0354252 0.0348047 0.0356245 0.0355621 0.0347867 0.0332161 0.0324048 0.0324048 0.0332773 0.0339060 0.0332133 0.0331318 0.0331779 0.0356022 0.0340016 0.0340158 0.0331844 0.0332298 0.0332529 0.0324406 0.0323940 0.0323895 0.0323895 0.0328139 0.0316326 0.0316077 0.0316077 0.0313514 0.0442080 0.0402192 0.0401082 0.0393161 0.0393161 0.0392086 0.0378948 0.0393418 0.0385361 0.0385072 0.0377102 0.0377102 0.0382044 0.0321951 0.0336732 0.0375123 0.0336226 0.0359778 0.0340570 0.0448963 0.0473072 0.0448387 0.0407387 0.0430914 0.0440352 0.0449069 0.0472088 0.0465245 0.0455900 0.0456446 0.0455120 0.0456765 0.0473310 0.0464093 0.0455330 0.0448544 0.0408801 0.0408376 0.0417157 0.0417157 0.0392187 0.0424173 0.0408062 0.0399894 0.0401867 0.0416200 0.0408378 0.0393630 0.0384161 0.0400505 0.0376348 0.0362264 0.0391952 0.0383978 0.0377554 0.0375745 0.0392402 0.0329044 0.0321367 0.0321367 0.0375695 0.0383919 0.0360913 0.0393419 0.0369012 0.0368537 0.0368237 0.0384062 0.0384108 0.0360398 0.0368671 0.0369077 0.0376319 0.0360727 0.0368436 0.0352546 0.0336759 0.0369123 0.0352207 0.0368210 0.0368519 0.0337033 0.0360297 0.0360050 0.0356721 0.0359997 0.0346350 0.0352546 0.0336595 0.0336595 0.0338824 0.0328912 0.0328912 
AY160124.1_Symbiodinium_sp._G15                                    0.0704803 0.0637920 0.0417603 0.0000000 0.0014078 0.0396714 0.0388123 0.0356876 0.0372093 0.0332499 0.0342379 0.0334331 0.0357089 0.0349193 0.0333760 0.0325787 0.0325787 0.0327356 0.0333561 0.0326736 0.0310662 0.0326393 0.0334126 0.0318489 0.0318619 0.0325793 0.0310933 0.0311144 0.0303218 0.0318040 0.0302750 0.0302750 0.0306639 0.0310565 0.0310325 0.0310325 0.0299880 0.0402322 0.0363495 0.0362518 0.0354807 0.0354807 0.0345229 0.0348543 0.0355032 0.0347204 0.0346949 0.0339198 0.0339198 0.0343546 0.0308915 0.0338740 0.0361173 0.0315435 0.0346108 0.0327109 0.0433930 0.0457596 0.0433383 0.0408477 0.0439346 0.0456932 0.0449818 0.0464711 0.0457961 0.0448790 0.0433418 0.0456000 0.0457625 0.0456872 0.0456847 0.0439805 0.0433111 0.0401921 0.0401510 0.0401483 0.0401483 0.0417576 0.0409812 0.0408884 0.0377735 0.0402794 0.0401405 0.0393731 0.0394689 0.0331556 0.0386007 0.0385425 0.0356185 0.0385809 0.0385374 0.0355835 0.0354116 0.0378066 0.0308406 0.0316026 0.0316026 0.0361713 0.0369768 0.0354783 0.0379028 0.0370464 0.0369994 0.0354383 0.0369902 0.0369946 0.0361935 0.0354792 0.0362847 0.0346997 0.0362309 0.0354619 0.0354330 0.0338789 0.0355220 0.0338672 0.0354357 0.0354649 0.0331465 0.0346598 0.0346365 0.0351159 0.0346315 0.0332854 0.0338992 0.0323357 0.0323357 0.0317717 0.0315816 0.0315816 
HE653239_Symbiodinium_voratum                                      0.0687737 0.0621302 0.0401605 0.0014078 0.0000000 0.0380980 0.0372453 0.0341326 0.0356501 0.0317095 0.0326840 0.0318836 0.0341531 0.0333669 0.0318293 0.0310362 0.0310362 0.0311853 0.0318104 0.0311263 0.0295282 0.0310937 0.0318642 0.0303074 0.0303197 0.0310367 0.0295539 0.0295739 0.0287855 0.0302646 0.0287411 0.0287411 0.0291097 0.0295191 0.0294963 0.0294963 0.0284313 0.0386656 0.0347970 0.0347037 0.0339355 0.0339355 0.0329559 0.0332716 0.0339568 0.0331775 0.0331532 0.0323813 0.0323813 0.0327957 0.0293628 0.0323377 0.0345753 0.0300176 0.0330730 0.0311623 0.0418138 0.0441716 0.0417611 0.0392850 0.0423619 0.0441076 0.0433963 0.0448830 0.0442066 0.0432973 0.0417645 0.0440181 0.0441743 0.0441018 0.0440995 0.0424059 0.0417352 0.0386270 0.0385876 0.0385850 0.0385850 0.0401866 0.0394129 0.0393239 0.0362208 0.0387105 0.0385774 0.0378126 0.0379044 0.0316199 0.0370429 0.0369872 0.0340668 0.0370239 0.0369823 0.0340335 0.0338696 0.0362524 0.0293144 0.0300737 0.0300737 0.0346269 0.0354280 0.0339332 0.0363445 0.0354945 0.0354496 0.0338949 0.0354407 0.0354450 0.0346481 0.0339340 0.0347351 0.0331578 0.0346837 0.0339176 0.0338900 0.0323423 0.0339748 0.0323312 0.0338925 0.0339203 0.0316112 0.0331198 0.0330975 0.0335549 0.0330929 0.0317434 0.0323617 0.0308054 0.0308054 0.0302342 0.0300537 0.0300537 
AJ271758.1_Symbiodinium_sp.                                        0.0772592 0.0676491 0.0403764 0.0396714 0.0380980 0.0000000 0.0136441 0.0158511 0.0121722 0.0151235 0.0158908 0.0136800 0.0107367 0.0100077 0.0085637 0.0078374 0.0078374 0.0144407 0.0151088 0.0144139 0.0129231 0.0143992 0.0136720 0.0122036 0.0122083 0.0114648 0.0114800 0.0114874 0.0107509 0.0107359 0.0107346 0.0107346 0.0108696 0.0100178 0.0100103 0.0100103 0.0101741 0.0453257 0.0413671 0.0412538 0.0404676 0.0404676 0.0395767 0.0390940 0.0397139 0.0396938 0.0388865 0.0388729 0.0388729 0.0393778 0.0310961 0.0318231 0.0363629 0.0309945 0.0348457 0.0329348 0.0452853 0.0476782 0.0452277 0.0419224 0.0466082 0.0468172 0.0453173 0.0476023 0.0469237 0.0459946 0.0460493 0.0467208 0.0468888 0.0477021 0.0468083 0.0450849 0.0444120 0.0396784 0.0396376 0.0397171 0.0397171 0.0420551 0.0428442 0.0419647 0.0395969 0.0397650 0.0412106 0.0404362 0.0405355 0.0380394 0.0396568 0.0395964 0.0366501 0.0388483 0.0388150 0.0396595 0.0379794 0.0388548 0.0356619 0.0364371 0.0364371 0.0372018 0.0380157 0.0365045 0.0389545 0.0380879 0.0372602 0.0364631 0.0380297 0.0380342 0.0379979 0.0365056 0.0373195 0.0357186 0.0372637 0.0357161 0.0364576 0.0348887 0.0365500 0.0348765 0.0364604 0.0364907 0.0349312 0.0356771 0.0356529 0.0361504 0.0356477 0.0342948 0.0349097 0.0333309 0.0333309 0.0327701 0.0325702 0.0325702 
AJ271759.1_Symbiodinium_sp.                                        0.0753949 0.0650208 0.0387490 0.0388123 0.0372453 0.0136441 0.0000000 0.0136331 0.0099835 0.0129095 0.0136670 0.0114715 0.0085545 0.0078313 0.0063968 0.0056769 0.0056769 0.0122238 0.0128970 0.0122012 0.0107243 0.0121888 0.0114650 0.0100083 0.0100120 0.0092764 0.0092888 0.0092946 0.0085658 0.0085539 0.0085529 0.0085529 0.0086592 0.0078392 0.0078333 0.0078333 0.0079609 0.0444418 0.0404988 0.0403884 0.0396053 0.0396053 0.0387036 0.0382162 0.0388539 0.0388343 0.0380306 0.0380174 0.0380174 0.0385098 0.0302715 0.0309967 0.0355211 0.0301729 0.0340091 0.0320959 0.0444023 0.0467856 0.0443460 0.0410568 0.0457249 0.0459292 0.0444336 0.0467113 0.0460332 0.0451104 0.0451638 0.0458350 0.0459992 0.0468088 0.0459206 0.0442065 0.0435341 0.0388193 0.0387795 0.0388569 0.0388569 0.0411862 0.0419722 0.0410980 0.0371709 0.0389037 0.0403462 0.0395747 0.0396715 0.0371883 0.0387982 0.0387394 0.0358007 0.0379935 0.0387343 0.0380211 0.0371299 0.0379998 0.0340502 0.0348212 0.0348212 0.0363553 0.0371652 0.0356590 0.0380970 0.0356927 0.0364122 0.0356186 0.0371788 0.0371833 0.0371479 0.0356600 0.0364699 0.0348763 0.0364155 0.0348738 0.0356133 0.0340509 0.0357032 0.0340390 0.0356160 0.0356455 0.0340923 0.0348359 0.0348124 0.0352967 0.0348074 0.0334551 0.0340714 0.0324995 0.0324995 0.0319357 0.0317414 0.0317414 
AJ271754.1_Symbiodinium_sp.                                        0.0693032 0.0632672 0.0379261 0.0356876 0.0341326 0.0158511 0.0136331 0.0000000 0.0121626 0.0092754 0.0100180 0.0078466 0.0107282 0.0099998 0.0085570 0.0078313 0.0078313 0.0085840 0.0092666 0.0085680 0.0071133 0.0085594 0.0078422 0.0064013 0.0064036 0.0071101 0.0056871 0.0056907 0.0049714 0.0063923 0.0049639 0.0049639 0.0050253 0.0056808 0.0056765 0.0056765 0.0057686 0.0397073 0.0358048 0.0357081 0.0349331 0.0349331 0.0339639 0.0334455 0.0341859 0.0341689 0.0333764 0.0333648 0.0333648 0.0337950 0.0249351 0.0256576 0.0316751 0.0248543 0.0301732 0.0282322 0.0404514 0.0428136 0.0404003 0.0371528 0.0417845 0.0419697 0.0404797 0.0427459 0.0420638 0.0411605 0.0404290 0.0411058 0.0412515 0.0428345 0.0403772 0.0402740 0.0395978 0.0349244 0.0348889 0.0365005 0.0365005 0.0372686 0.0380479 0.0371895 0.0348534 0.0349995 0.0364412 0.0356759 0.0357625 0.0333154 0.0349058 0.0348532 0.0319225 0.0341105 0.0348486 0.0333591 0.0332634 0.0341161 0.0302097 0.0309739 0.0309739 0.0324955 0.0332948 0.0325568 0.0342029 0.0318270 0.0325459 0.0317613 0.0333067 0.0333108 0.0332792 0.0317980 0.0325972 0.0310222 0.0325488 0.0279477 0.0317568 0.0302100 0.0318363 0.0301996 0.0317591 0.0317850 0.0302467 0.0309867 0.0309658 0.0313949 0.0309616 0.0296003 0.0302282 0.0286739 0.0286739 0.0280916 0.0279215 0.0279215 
AJ271756.1_Symbiodinium_sp.                                        0.0735776 0.0632801 0.0371175 0.0372093 0.0356501 0.0121722 0.0099835 0.0121626 0.0000000 0.0114418 0.0121925 0.0100094 0.0071088 0.0063895 0.0049613 0.0042457 0.0042457 0.0107544 0.0114309 0.0107344 0.0092683 0.0107235 0.0100037 0.0085544 0.0085576 0.0078272 0.0078376 0.0078426 0.0071181 0.0071082 0.0071074 0.0071074 0.0071955 0.0063959 0.0063911 0.0063911 0.0064949 0.0428078 0.0388834 0.0387778 0.0379984 0.0379984 0.0370745 0.0365769 0.0372493 0.0372306 0.0364317 0.0364190 0.0364190 0.0368894 0.0287109 0.0294346 0.0339417 0.0286176 0.0324355 0.0305130 0.0427700 0.0451419 0.0427159 0.0394475 0.0440954 0.0442916 0.0428000 0.0450703 0.0443914 0.0434777 0.0435289 0.0442013 0.0443589 0.0451641 0.0442834 0.0425820 0.0419087 0.0372162 0.0371782 0.0372521 0.0372521 0.0395712 0.0403535 0.0394868 0.0355794 0.0365232 0.0387373 0.0379692 0.0380617 0.0355961 0.0371962 0.0371400 0.0342077 0.0363962 0.0371351 0.0364226 0.0355403 0.0364022 0.0324747 0.0332420 0.0332420 0.0347694 0.0355740 0.0340730 0.0364950 0.0341050 0.0348235 0.0340345 0.0355869 0.0355912 0.0355575 0.0340739 0.0348785 0.0332943 0.0348267 0.0332920 0.0340295 0.0324752 0.0341151 0.0309421 0.0340321 0.0340600 0.0325146 0.0332560 0.0332336 0.0336947 0.0332289 0.0318744 0.0324947 0.0309317 0.0309317 0.0303610 0.0301768 0.0301768 
AJ271764.1_Symbiodinium_sp.                                        0.0648439 0.0614215 0.0354252 0.0332499 0.0317095 0.0151235 0.0129095 0.0092754 0.0114418 0.0000000 0.0092981 0.0071300 0.0100084 0.0092812 0.0078403 0.0071161 0.0071161 0.0078650 0.0085498 0.0078504 0.0063990 0.0078424 0.0071260 0.0056874 0.0056895 0.0063961 0.0049740 0.0049771 0.0042592 0.0056795 0.0042528 0.0042528 0.0043054 0.0049684 0.0049647 0.0049647 0.0050452 0.0372260 0.0333586 0.0332692 0.0325012 0.0325012 0.0315007 0.0309683 0.0309780 0.0317432 0.0301810 0.0309486 0.0309486 0.0313452 0.0240906 0.0233049 0.0307949 0.0240129 0.0293009 0.0273610 0.0364047 0.0387366 0.0363590 0.0331658 0.0377433 0.0379086 0.0364298 0.0386758 0.0379925 0.0371120 0.0371550 0.0378328 0.0379655 0.0387551 0.0379019 0.0362466 0.0355690 0.0309549 0.0309238 0.0325084 0.0325084 0.0332676 0.0340371 0.0331979 0.0308927 0.0310206 0.0324559 0.0316997 0.0317757 0.0293738 0.0309387 0.0308925 0.0279809 0.0301560 0.0308885 0.0309327 0.0301023 0.0301608 0.0270592 0.0278149 0.0278149 0.0285701 0.0293558 0.0278726 0.0302369 0.0278982 0.0286139 0.0278411 0.0293660 0.0293696 0.0293421 0.0278729 0.0286585 0.0271080 0.0286164 0.0255875 0.0278373 0.0263119 0.0279062 0.0263030 0.0278393 0.0278617 0.0263437 0.0270774 0.0270593 0.0274314 0.0270558 0.0256906 0.0263277 0.0247967 0.0247967 0.0241979 0.0240527 0.0240527 
L13718.1_Symbiodinium_meandrinae                                   0.0678629 0.0618433 0.0348047 0.0342379 0.0326840 0.0158908 0.0136670 0.0100180 0.0121925 0.0092981 0.0000000 0.0078659 0.0107546 0.0100243 0.0085780 0.0078505 0.0078505 0.0014193 0.0035450 0.0028407 0.0028342 0.0028378 0.0078614 0.0064169 0.0064193 0.0071274 0.0057010 0.0057046 0.0049835 0.0064079 0.0049760 0.0049760 0.0050377 0.0056946 0.0056903 0.0056903 0.0057829 0.0398119 0.0358985 0.0358013 0.0350242 0.0350242 0.0340537 0.0327150 0.0342750 0.0342578 0.0334631 0.0334515 0.0334515 0.0338839 0.0265093 0.0272341 0.0332836 0.0264231 0.0317741 0.0298405 0.0421236 0.0445000 0.0420701 0.0387978 0.0434552 0.0436489 0.0421532 0.0444293 0.0437474 0.0428338 0.0428844 0.0435598 0.0437154 0.0445219 0.0428410 0.0419380 0.0412619 0.0365606 0.0365232 0.0381472 0.0381472 0.0389196 0.0397034 0.0388365 0.0364859 0.0366398 0.0380850 0.0373154 0.0374065 0.0349388 0.0365409 0.0364855 0.0335450 0.0341780 0.0364807 0.0342241 0.0348840 0.0357458 0.0302876 0.0295307 0.0295307 0.0341116 0.0349171 0.0334127 0.0358372 0.0334440 0.0341648 0.0333747 0.0349297 0.0349340 0.0349008 0.0334134 0.0342189 0.0326326 0.0341679 0.0310813 0.0333699 0.0318131 0.0334539 0.0318021 0.0333723 0.0333998 0.0318518 0.0325950 0.0325730 0.0330261 0.0325684 0.0312079 0.0318323 0.0302673 0.0302673 0.0296914 0.0295109 0.0295109 
KU188508.1_Symbiodinium_sp.                                        0.0685634 0.0625882 0.0356245 0.0334331 0.0318836 0.0136800 0.0114715 0.0078466 0.0100094 0.0071300 0.0078659 0.0000000 0.0085767 0.0078516 0.0064133 0.0056916 0.0056916 0.0064335 0.0071233 0.0064216 0.0049758 0.0064151 0.0056909 0.0042582 0.0042597 0.0049736 0.0035467 0.0035489 0.0028346 0.0042586 0.0028346 0.0028346 0.0028696 0.0035480 0.0035454 0.0035454 0.0036028 0.0389890 0.0350867 0.0349919 0.0342170 0.0342170 0.0332359 0.0327119 0.0334692 0.0334526 0.0326605 0.0326492 0.0326492 0.0330705 0.0242210 0.0249443 0.0309629 0.0241424 0.0294605 0.0275113 0.0389494 0.0413073 0.0389002 0.0364386 0.0410708 0.0412529 0.0397615 0.0420291 0.0413454 0.0404441 0.0404915 0.0411692 0.0413154 0.0421163 0.0412454 0.0395595 0.0388815 0.0342084 0.0341736 0.0357839 0.0357839 0.0365521 0.0373314 0.0364746 0.0341388 0.0342820 0.0357257 0.0349604 0.0350452 0.0326008 0.0341901 0.0341386 0.0312048 0.0333954 0.0341341 0.0334197 0.0325499 0.0334009 0.0294963 0.0302604 0.0302604 0.0317822 0.0325807 0.0310825 0.0334859 0.0311114 0.0318314 0.0310472 0.0325923 0.0325963 0.0325655 0.0310831 0.0318816 0.0303076 0.0318343 0.0287665 0.0310428 0.0294965 0.0311206 0.0294863 0.0310451 0.0310704 0.0295323 0.0302729 0.0302525 0.0306720 0.0302483 0.0288833 0.0295143 0.0279608 0.0279608 0.0273741 0.0272083 0.0272083 
AB055917.1_Symbiodinium_sp.                                        0.0719701 0.0617161 0.0355621 0.0357089 0.0341531 0.0107367 0.0085545 0.0107282 0.0071088 0.0100084 0.0107546 0.0085767 0.0000000 0.0049680 0.0035427 0.0028296 0.0028296 0.0093175 0.0099989 0.0093002 0.0078399 0.0092908 0.0085719 0.0071264 0.0071291 0.0064021 0.0064106 0.0064146 0.0056927 0.0056848 0.0056841 0.0056841 0.0057546 0.0049730 0.0049693 0.0049693 0.0043258 0.0412920 0.0373753 0.0372739 0.0364961 0.0364961 0.0347712 0.0342578 0.0357473 0.0357294 0.0349331 0.0349209 0.0349209 0.0353719 0.0272296 0.0279536 0.0324554 0.0271411 0.0309510 0.0290150 0.0412555 0.0436226 0.0412034 0.0379465 0.0425869 0.0403754 0.0388885 0.0411486 0.0404655 0.0395705 0.0411732 0.0418484 0.0419968 0.0436440 0.0419257 0.0410744 0.0403988 0.0357156 0.0356793 0.0357501 0.0357501 0.0372372 0.0364702 0.0379842 0.0356429 0.0357927 0.0372349 0.0364682 0.0365569 0.0341017 0.0356965 0.0356426 0.0327094 0.0348991 0.0356379 0.0349245 0.0340483 0.0349048 0.0309885 0.0317543 0.0317543 0.0332789 0.0340806 0.0325809 0.0349938 0.0326113 0.0333306 0.0325439 0.0340928 0.0340970 0.0340647 0.0325816 0.0333832 0.0318040 0.0333336 0.0318018 0.0325393 0.0309888 0.0326209 0.0309781 0.0325417 0.0325683 0.0310265 0.0317675 0.0317461 0.0321865 0.0317416 0.0303818 0.0310075 0.0294491 0.0294491 0.0288704 0.0286953 0.0286953 
AJ271757.1_Symbiodinium_sp.                                        0.0710880 0.0608671 0.0347867 0.0349193 0.0333669 0.0100077 0.0078313 0.0099998 0.0063895 0.0092812 0.0100243 0.0078516 0.0049680 0.0000000 0.0028304 0.0021194 0.0021194 0.0085894 0.0092724 0.0085734 0.0071177 0.0085647 0.0078472 0.0064053 0.0064077 0.0056832 0.0056907 0.0056943 0.0049745 0.0049676 0.0049670 0.0049670 0.0050285 0.0042569 0.0042537 0.0042537 0.0043227 0.0404886 0.0365799 0.0364810 0.0357048 0.0357048 0.0347467 0.0342335 0.0349569 0.0349395 0.0341452 0.0341334 0.0341334 0.0345737 0.0264589 0.0271823 0.0316766 0.0263730 0.0301747 0.0282338 0.0404529 0.0428151 0.0404018 0.0371544 0.0417860 0.0419712 0.0404812 0.0427474 0.0420653 0.0411620 0.0412103 0.0418861 0.0412531 0.0428360 0.0419636 0.0402756 0.0395993 0.0349260 0.0348905 0.0349596 0.0349596 0.0372702 0.0380495 0.0371911 0.0348550 0.0350011 0.0364428 0.0356775 0.0357641 0.0333169 0.0349073 0.0348547 0.0319241 0.0341121 0.0348502 0.0341369 0.0332649 0.0341177 0.0302112 0.0309754 0.0309754 0.0324971 0.0332964 0.0317989 0.0342045 0.0318285 0.0325475 0.0317628 0.0333083 0.0333123 0.0332808 0.0317995 0.0325988 0.0310238 0.0325504 0.0310217 0.0317583 0.0302116 0.0318379 0.0302011 0.0317606 0.0317866 0.0302482 0.0309882 0.0309674 0.0313965 0.0309631 0.0296019 0.0302297 0.0286754 0.0286754 0.0280931 0.0279230 0.0279230 
AB863030.1_Symbiodinium_sp.                                        0.0693849 0.0592233 0.0332161 0.0333760 0.0318293 0.0085637 0.0063968 0.0085570 0.0049613 0.0078403 0.0085780 0.0064133 0.0035427 0.0028304 0.0000000 0.0007046 0.0007046 0.0071459 0.0078329 0.0071326 0.0056847 0.0071254 0.0064097 0.0049736 0.0049755 0.0042553 0.0042610 0.0042636 0.0035473 0.0035424 0.0035420 0.0035420 0.0035858 0.0028332 0.0028311 0.0028311 0.0028769 0.0389221 0.0350266 0.0349322 0.0341586 0.0341586 0.0331783 0.0326548 0.0334121 0.0333955 0.0326049 0.0325936 0.0325936 0.0330134 0.0249465 0.0256693 0.0301522 0.0248657 0.0286541 0.0267020 0.0388879 0.0412420 0.0388388 0.0356075 0.0402252 0.0404030 0.0389150 0.0411768 0.0404932 0.0395974 0.0396437 0.0403213 0.0404640 0.0412619 0.0403957 0.0387178 0.0380400 0.0333826 0.0333487 0.0334146 0.0334146 0.0357181 0.0364948 0.0356425 0.0333149 0.0334541 0.0348955 0.0341326 0.0342152 0.0317820 0.0333649 0.0333147 0.0303870 0.0325733 0.0333104 0.0325970 0.0317325 0.0325786 0.0286888 0.0294504 0.0294504 0.0309673 0.0317624 0.0302683 0.0326614 0.0302963 0.0310152 0.0302339 0.0317737 0.0317776 0.0317476 0.0302688 0.0310639 0.0294961 0.0310179 0.0294942 0.0302297 0.0286890 0.0303052 0.0286791 0.0302319 0.0302565 0.0287238 0.0294624 0.0294426 0.0298500 0.0294387 0.0280738 0.0287062 0.0271587 0.0271587 0.0265690 0.0264085 0.0264085 
AB016579.1_Symbiodinium_sp.                                        0.0684707 0.0583503 0.0324048 0.0325787 0.0310362 0.0078374 0.0056769 0.0078313 0.0042457 0.0071161 0.0078505 0.0056916 0.0028296 0.0021194 0.0007046 0.0000000 0.0000010 0.0064209 0.0071094 0.0064091 0.0049662 0.0064026 0.0056884 0.0042563 0.0042578 0.0035404 0.0035451 0.0035473 0.0028333 0.0028293 0.0028290 0.0028290 0.0028640 0.0021215 0.0021199 0.0021199 0.0021542 0.0381079 0.0342226 0.0341306 0.0333590 0.0333590 0.0323681 0.0318398 0.0326139 0.0325977 0.0318096 0.0317987 0.0317987 0.0322076 0.0241721 0.0248940 0.0293672 0.0240939 0.0278724 0.0259162 0.0380745 0.0404223 0.0380265 0.0348064 0.0394128 0.0395865 0.0381009 0.0403585 0.0396747 0.0387836 0.0388288 0.0395068 0.0396462 0.0404417 0.0395794 0.0379083 0.0372303 0.0325851 0.0325522 0.0326163 0.0326163 0.0349141 0.0356887 0.0348404 0.0325192 0.0326547 0.0340948 0.0333337 0.0334142 0.0309903 0.0325679 0.0325190 0.0295954 0.0317789 0.0325148 0.0318020 0.0309421 0.0317841 0.0279061 0.0286657 0.0286657 0.0301789 0.0309712 0.0294800 0.0318646 0.0295073 0.0302254 0.0294466 0.0309821 0.0309859 0.0309567 0.0294805 0.0302728 0.0287100 0.0302280 0.0287082 0.0294425 0.0279062 0.0295159 0.0278967 0.0294446 0.0294685 0.0279400 0.0286774 0.0286581 0.0290540 0.0286543 0.0272887 0.0279230 0.0263802 0.0263802 0.0257873 0.0256317 0.0256317 
AB016572.1_Symbiodinium_sp.                                        0.0684707 0.0583503 0.0324048 0.0325787 0.0310362 0.0078374 0.0056769 0.0078313 0.0042457 0.0071161 0.0078505 0.0056916 0.0028296 0.0021194 0.0007046 0.0000010 0.0000000 0.0064209 0.0071094 0.0064091 0.0049662 0.0064026 0.0056884 0.0042563 0.0042578 0.0035404 0.0035451 0.0035473 0.0028333 0.0028293 0.0028290 0.0028290 0.0028640 0.0021215 0.0021199 0.0021199 0.0021542 0.0381079 0.0342226 0.0341306 0.0333590 0.0333590 0.0323681 0.0318398 0.0326139 0.0325977 0.0318096 0.0317987 0.0317987 0.0322076 0.0241721 0.0248940 0.0293672 0.0240939 0.0278724 0.0259162 0.0380745 0.0404223 0.0380265 0.0348064 0.0394128 0.0395865 0.0381009 0.0403585 0.0396747 0.0387836 0.0388288 0.0395068 0.0396462 0.0404417 0.0395794 0.0379083 0.0372303 0.0325851 0.0325522 0.0326163 0.0326163 0.0349141 0.0356887 0.0348404 0.0325192 0.0326547 0.0340948 0.0333337 0.0334142 0.0309903 0.0325679 0.0325190 0.0295954 0.0317789 0.0325148 0.0318020 0.0309421 0.0317841 0.0279061 0.0286657 0.0286657 0.0301789 0.0309712 0.0294800 0.0318646 0.0295073 0.0302254 0.0294466 0.0309821 0.0309859 0.0309567 0.0294805 0.0302728 0.0287100 0.0302280 0.0287082 0.0294425 0.0279062 0.0295159 0.0278967 0.0294446 0.0294685 0.0279400 0.0286774 0.0286581 0.0290540 0.0286543 0.0272887 0.0279230 0.0263802 0.0263802 0.0257873 0.0256317 0.0256317 
L13717.1_Symbiodinium_corculorum                                   0.0662519 0.0602693 0.0332773 0.0327356 0.0311853 0.0144407 0.0122238 0.0085840 0.0107544 0.0078650 0.0014193 0.0064335 0.0093175 0.0085894 0.0071459 0.0064209 0.0064209 0.0000000 0.0021263 0.0014198 0.0014166 0.0014184 0.0064299 0.0049892 0.0049911 0.0057000 0.0042743 0.0042770 0.0035584 0.0049823 0.0035531 0.0035531 0.0035971 0.0042695 0.0042663 0.0042663 0.0043357 0.0375193 0.0343883 0.0342953 0.0335199 0.0335199 0.0325266 0.0311804 0.0327711 0.0327548 0.0319627 0.0319516 0.0319516 0.0323645 0.0250267 0.0257518 0.0317915 0.0249453 0.0302840 0.0283371 0.0406018 0.0429731 0.0405504 0.0372901 0.0419391 0.0421258 0.0406303 0.0429048 0.0422206 0.0413133 0.0413620 0.0420400 0.0421898 0.0429941 0.0413203 0.0404232 0.0397447 0.0350537 0.0350179 0.0366358 0.0366358 0.0374068 0.0381890 0.0373271 0.0349821 0.0351294 0.0365761 0.0358079 0.0358952 0.0334383 0.0350349 0.0349819 0.0320407 0.0326786 0.0349773 0.0327226 0.0333859 0.0342422 0.0287986 0.0280429 0.0280429 0.0326152 0.0334176 0.0319146 0.0343296 0.0319445 0.0326660 0.0318783 0.0334296 0.0334337 0.0334019 0.0319153 0.0327176 0.0311366 0.0326689 0.0295892 0.0318738 0.0303212 0.0319539 0.0303107 0.0318761 0.0319023 0.0303581 0.0311008 0.0310798 0.0315120 0.0310755 0.0297097 0.0303394 0.0287792 0.0287792 0.0281954 0.0280241 0.0280241 
AB055918.1_Symbiodinium_sp.                                        0.0667759 0.0608060 0.0339060 0.0333561 0.0318104 0.0151088 0.0128970 0.0092666 0.0114309 0.0085498 0.0035450 0.0071233 0.0099989 0.0092724 0.0078329 0.0071094 0.0071094 0.0021263 0.0000000 0.0021224 0.0021176 0.0021202 0.0071193 0.0056820 0.0056841 0.0063901 0.0049693 0.0049724 0.0042552 0.0056741 0.0042488 0.0042488 0.0043013 0.0049637 0.0049600 0.0049600 0.0050403 0.0388985 0.0350055 0.0349112 0.0341381 0.0341381 0.0331581 0.0318204 0.0333921 0.0333755 0.0325854 0.0325742 0.0325742 0.0329935 0.0256688 0.0263910 0.0324115 0.0255857 0.0309090 0.0289752 0.0411990 0.0435628 0.0411470 0.0378949 0.0425288 0.0427175 0.0412279 0.0434939 0.0428133 0.0419072 0.0419564 0.0426307 0.0427822 0.0435841 0.0427096 0.0410184 0.0403436 0.0356669 0.0356306 0.0372447 0.0372447 0.0380131 0.0387929 0.0379324 0.0355944 0.0357437 0.0371841 0.0364185 0.0365069 0.0340553 0.0356478 0.0355941 0.0326647 0.0348516 0.0355894 0.0333428 0.0340021 0.0348573 0.0294289 0.0286756 0.0286756 0.0332337 0.0340343 0.0325366 0.0349460 0.0325669 0.0332853 0.0324997 0.0340465 0.0340506 0.0340184 0.0325373 0.0333378 0.0317607 0.0332883 0.0302177 0.0324951 0.0309468 0.0325765 0.0309361 0.0324975 0.0325241 0.0309843 0.0317243 0.0317030 0.0321422 0.0316986 0.0295822 0.0309654 0.0294092 0.0294092 0.0288310 0.0286564 0.0286564 
X62650.1_S.pilosum                                                 0.0661209 0.0601523 0.0332133 0.0326736 0.0311263 0.0144139 0.0122012 0.0085680 0.0107344 0.0078504 0.0028407 0.0064216 0.0093002 0.0085734 0.0071326 0.0064091 0.0064091 0.0014198 0.0021224 0.0000000 0.0014140 0.0014158 0.0064180 0.0049800 0.0049819 0.0056895 0.0042664 0.0042691 0.0035519 0.0049731 0.0035465 0.0035465 0.0035904 0.0042617 0.0042585 0.0042585 0.0043276 0.0382203 0.0343229 0.0342303 0.0334563 0.0334563 0.0324639 0.0311199 0.0327090 0.0326927 0.0319022 0.0318911 0.0318911 0.0323025 0.0249796 0.0257033 0.0317316 0.0248985 0.0302270 0.0282831 0.0405244 0.0428910 0.0404731 0.0372195 0.0418595 0.0420454 0.0405528 0.0428230 0.0421399 0.0412347 0.0412831 0.0419600 0.0421093 0.0429119 0.0420378 0.0403464 0.0396691 0.0349872 0.0349515 0.0365662 0.0365662 0.0373357 0.0381164 0.0372563 0.0349159 0.0350626 0.0365067 0.0357400 0.0358269 0.0333751 0.0349684 0.0349157 0.0319799 0.0341717 0.0349111 0.0326607 0.0333229 0.0341773 0.0287443 0.0279901 0.0279901 0.0325537 0.0333544 0.0318543 0.0342645 0.0318840 0.0326042 0.0318181 0.0333664 0.0333704 0.0333388 0.0318549 0.0326557 0.0310778 0.0326072 0.0295334 0.0318136 0.0302640 0.0318934 0.0302535 0.0318159 0.0318420 0.0303008 0.0310421 0.0310212 0.0314518 0.0310169 0.0296535 0.0302822 0.0287251 0.0287251 0.0281420 0.0279713 0.0279713 
AB016723.1_Symbiodinium_sp.                                        0.0659493 0.0599999 0.0331318 0.0310662 0.0295282 0.0129231 0.0107243 0.0071133 0.0092683 0.0063990 0.0028342 0.0049758 0.0078399 0.0071177 0.0056847 0.0049662 0.0049662 0.0014166 0.0021176 0.0014140 0.0000000 0.0014126 0.0049731 0.0035438 0.0035451 0.0042511 0.0028336 0.0028354 0.0021231 0.0035389 0.0021200 0.0021200 0.0021461 0.0028305 0.0028283 0.0028283 0.0028741 0.0381270 0.0342396 0.0341475 0.0333755 0.0333755 0.0323843 0.0310433 0.0326300 0.0326138 0.0318253 0.0318143 0.0318143 0.0322237 0.0234192 0.0241408 0.0301383 0.0233435 0.0286409 0.0266896 0.0388697 0.0412226 0.0388207 0.0355910 0.0402064 0.0403840 0.0388968 0.0411575 0.0404742 0.0395789 0.0396251 0.0403025 0.0404450 0.0412425 0.0403768 0.0386998 0.0380223 0.0333671 0.0333333 0.0349360 0.0349360 0.0357015 0.0364778 0.0356260 0.0332995 0.0334386 0.0348793 0.0341168 0.0341993 0.0317673 0.0333494 0.0332993 0.0303729 0.0325582 0.0332949 0.0310543 0.0317179 0.0325635 0.0271644 0.0279232 0.0279232 0.0309530 0.0317478 0.0302543 0.0326462 0.0302824 0.0310008 0.0302200 0.0317590 0.0317629 0.0317329 0.0302548 0.0310495 0.0294825 0.0310036 0.0279476 0.0302158 0.0286758 0.0302912 0.0286660 0.0302180 0.0302425 0.0287106 0.0294489 0.0294291 0.0298361 0.0294251 0.0280608 0.0286930 0.0271463 0.0271463 0.0265568 0.0263964 0.0263964 
AB016724.1_Symbiodinium_sp.                                        0.0660484 0.0600876 0.0331779 0.0326393 0.0310937 0.0143992 0.0121888 0.0085594 0.0107235 0.0078424 0.0028378 0.0064151 0.0092908 0.0085647 0.0071254 0.0064026 0.0064026 0.0014184 0.0021202 0.0014158 0.0014126 0.0000000 0.0064115 0.0049750 0.0049768 0.0056837 0.0042621 0.0042648 0.0035483 0.0049681 0.0035430 0.0035430 0.0035868 0.0042574 0.0042542 0.0042542 0.0043231 0.0381800 0.0342867 0.0341943 0.0334212 0.0334212 0.0324293 0.0310866 0.0326747 0.0326584 0.0318687 0.0318577 0.0318577 0.0322682 0.0249536 0.0256766 0.0316986 0.0248727 0.0301955 0.0282534 0.0404816 0.0428456 0.0404304 0.0371804 0.0418155 0.0420010 0.0405099 0.0427778 0.0420953 0.0411912 0.0412395 0.0419158 0.0420647 0.0428665 0.0419934 0.0403040 0.0396273 0.0349504 0.0349149 0.0365277 0.0365277 0.0372964 0.0380763 0.0372172 0.0348793 0.0350257 0.0364683 0.0357025 0.0357892 0.0333401 0.0349318 0.0348791 0.0319463 0.0341359 0.0348745 0.0326264 0.0332880 0.0341415 0.0287144 0.0279609 0.0279609 0.0325197 0.0333195 0.0318210 0.0342285 0.0318507 0.0325701 0.0317849 0.0333315 0.0333355 0.0333040 0.0318216 0.0326215 0.0310453 0.0325730 0.0295026 0.0317803 0.0302324 0.0318600 0.0302220 0.0317827 0.0318087 0.0302691 0.0310097 0.0309888 0.0314185 0.0309845 0.0296224 0.0302506 0.0286952 0.0286952 0.0281125 0.0279422 0.0279422 
KU188515.1_Symbiodinium_sp.                                        0.0685169 0.0625469 0.0356022 0.0334126 0.0318642 0.0136720 0.0114650 0.0078422 0.0100037 0.0071260 0.0078614 0.0056909 0.0085719 0.0078472 0.0064097 0.0056884 0.0056884 0.0064299 0.0071193 0.0064180 0.0049731 0.0064115 0.0000000 0.0042558 0.0042573 0.0049708 0.0035447 0.0035469 0.0028330 0.0042562 0.0028330 0.0028330 0.0028680 0.0035461 0.0035434 0.0035434 0.0028781 0.0389648 0.0350650 0.0349704 0.0341960 0.0341960 0.0324310 0.0319022 0.0334487 0.0334321 0.0326406 0.0326293 0.0326293 0.0330500 0.0242065 0.0249294 0.0309442 0.0241281 0.0294427 0.0274946 0.0397090 0.0420694 0.0396588 0.0364162 0.0410453 0.0412271 0.0397367 0.0420029 0.0413195 0.0404189 0.0404663 0.0411436 0.0412896 0.0420899 0.0412196 0.0395349 0.0388574 0.0341874 0.0341526 0.0357619 0.0357619 0.0365296 0.0373083 0.0364521 0.0341179 0.0342609 0.0357037 0.0349389 0.0350236 0.0325810 0.0341692 0.0341177 0.0311858 0.0333750 0.0341132 0.0333993 0.0325301 0.0333804 0.0294784 0.0302420 0.0302420 0.0317628 0.0325608 0.0310636 0.0334654 0.0310925 0.0318121 0.0310283 0.0325724 0.0325764 0.0325456 0.0310641 0.0318621 0.0302892 0.0318149 0.0287491 0.0310239 0.0294787 0.0311016 0.0294685 0.0310262 0.0310515 0.0295145 0.0302545 0.0302341 0.0306532 0.0302300 0.0288658 0.0294964 0.0279439 0.0279439 0.0273575 0.0271919 0.0271919 
KU188511.1_Symbiodinium_sp.                                        0.0667683 0.0608482 0.0340016 0.0318489 0.0303074 0.0122036 0.0100083 0.0064013 0.0085544 0.0056874 0.0064169 0.0042582 0.0071264 0.0064053 0.0049736 0.0042563 0.0042563 0.0049892 0.0056820 0.0049800 0.0035438 0.0049750 0.0042558 0.0000000 0.0028316 0.0035422 0.0021218 0.0021231 0.0014132 0.0028308 0.0014132 0.0014132 0.0014306 0.0021226 0.0021210 0.0021210 0.0021552 0.0373733 0.0334899 0.0333999 0.0326287 0.0326287 0.0316262 0.0310925 0.0318834 0.0318676 0.0310804 0.0310697 0.0310697 0.0314694 0.0226841 0.0234059 0.0293989 0.0226108 0.0279024 0.0259445 0.0381160 0.0404664 0.0380679 0.0348441 0.0394555 0.0396296 0.0381425 0.0404025 0.0397180 0.0388258 0.0388711 0.0395497 0.0396895 0.0404859 0.0396225 0.0379494 0.0372708 0.0326205 0.0325875 0.0341873 0.0341873 0.0349521 0.0357276 0.0348782 0.0325545 0.0326903 0.0341318 0.0333699 0.0326871 0.0310238 0.0326032 0.0325543 0.0296275 0.0318134 0.0325500 0.0318365 0.0309756 0.0318185 0.0279362 0.0286967 0.0286967 0.0302115 0.0310047 0.0295120 0.0318993 0.0295393 0.0302581 0.0294785 0.0310157 0.0310195 0.0309902 0.0295124 0.0303056 0.0287411 0.0302608 0.0272082 0.0294744 0.0279364 0.0295479 0.0279268 0.0294765 0.0295004 0.0279702 0.0287084 0.0286891 0.0290858 0.0286853 0.0273183 0.0279532 0.0264087 0.0264087 0.0258153 0.0256594 0.0256594 
KU188514.1_Symbiodinium_sp.                                        0.0667990 0.0608754 0.0340158 0.0318619 0.0303197 0.0122083 0.0100120 0.0064036 0.0085576 0.0056895 0.0064193 0.0042597 0.0071291 0.0064077 0.0049755 0.0042578 0.0042578 0.0049911 0.0056841 0.0049819 0.0035451 0.0049768 0.0042573 0.0028316 0.0000000 0.0035435 0.0021226 0.0021239 0.0014137 0.0028319 0.0014137 0.0014137 0.0014311 0.0021234 0.0021218 0.0021218 0.0021552 0.0373889 0.0335037 0.0334136 0.0326421 0.0326421 0.0316393 0.0311055 0.0318965 0.0318807 0.0310931 0.0310823 0.0310823 0.0314824 0.0226932 0.0234152 0.0294108 0.0226198 0.0279137 0.0259550 0.0381319 0.0404833 0.0380838 0.0348584 0.0394719 0.0396462 0.0381584 0.0404194 0.0397347 0.0388420 0.0388873 0.0395662 0.0397061 0.0405029 0.0396391 0.0379652 0.0372862 0.0326339 0.0326008 0.0342014 0.0342014 0.0349665 0.0357423 0.0348926 0.0325678 0.0327037 0.0341458 0.0333836 0.0334643 0.0310365 0.0326166 0.0325676 0.0296396 0.0318264 0.0325633 0.0318495 0.0309882 0.0318315 0.0279475 0.0287083 0.0287083 0.0302238 0.0310173 0.0295239 0.0319124 0.0295513 0.0302704 0.0294904 0.0310283 0.0310321 0.0310028 0.0295244 0.0303180 0.0287528 0.0302731 0.0272191 0.0294863 0.0279476 0.0295599 0.0279381 0.0294884 0.0295124 0.0279815 0.0287200 0.0287007 0.0290978 0.0286968 0.0273294 0.0279644 0.0264193 0.0264193 0.0258257 0.0256697 0.0256697 
AF238256.1_Symbiodinium_sp._Type_A                                 0.0675887 0.0599704 0.0331844 0.0325793 0.0310367 0.0114648 0.0092764 0.0071101 0.0078272 0.0063961 0.0071274 0.0049736 0.0064021 0.0056832 0.0042553 0.0035404 0.0035404 0.0057000 0.0063901 0.0056895 0.0042511 0.0056837 0.0049708 0.0035422 0.0035435 0.0000000 0.0028324 0.0028341 0.0021222 0.0021192 0.0021190 0.0021190 0.0021451 0.0014125 0.0014114 0.0014114 0.0014340 0.0381088 0.0342233 0.0341312 0.0333597 0.0333597 0.0323687 0.0318404 0.0326145 0.0325983 0.0318102 0.0317993 0.0317993 0.0322082 0.0234082 0.0241295 0.0301242 0.0233326 0.0286275 0.0266770 0.0388511 0.0412028 0.0388022 0.0355742 0.0401873 0.0403647 0.0388782 0.0411378 0.0404548 0.0395600 0.0396062 0.0402832 0.0404257 0.0412228 0.0403575 0.0386813 0.0380041 0.0333513 0.0333175 0.0349194 0.0349194 0.0356845 0.0364604 0.0356091 0.0332837 0.0334227 0.0348628 0.0341006 0.0341830 0.0317523 0.0333336 0.0332835 0.0303585 0.0325428 0.0332792 0.0325665 0.0317029 0.0325481 0.0286621 0.0294230 0.0294230 0.0309384 0.0317328 0.0302400 0.0326307 0.0302681 0.0309862 0.0302058 0.0317440 0.0317479 0.0317180 0.0302405 0.0310349 0.0294686 0.0309889 0.0279345 0.0302015 0.0286623 0.0302769 0.0286525 0.0302037 0.0302283 0.0286970 0.0294350 0.0294153 0.0298219 0.0294113 0.0280476 0.0286795 0.0271335 0.0271335 0.0265443 0.0263840 0.0263840 
KU188513.1_Symbiodinium_sp.                                        0.0659532 0.0600514 0.0332298 0.0310933 0.0295539 0.0114800 0.0092888 0.0056871 0.0078376 0.0049740 0.0057010 0.0035467 0.0064106 0.0056907 0.0042610 0.0035451 0.0035451 0.0042743 0.0049693 0.0042664 0.0028336 0.0042621 0.0035447 0.0021218 0.0021226 0.0028324 0.0000000 0.0014147 0.0007056 0.0021220 0.0007056 0.0007056 0.0007149 0.0014144 0.0014133 0.0014133 0.0014361 0.0366085 0.0327300 0.0326421 0.0318720 0.0318720 0.0308582 0.0303193 0.0311270 0.0311116 0.0303258 0.0303154 0.0303154 0.0307053 0.0219417 0.0226634 0.0286502 0.0218708 0.0271551 0.0251910 0.0373510 0.0396984 0.0373039 0.0340867 0.0386931 0.0388637 0.0373769 0.0396358 0.0389502 0.0380613 0.0381056 0.0387854 0.0389223 0.0397175 0.0388568 0.0371879 0.0365082 0.0318639 0.0318316 0.0334281 0.0334281 0.0341921 0.0349666 0.0341200 0.0317994 0.0319319 0.0333739 0.0326129 0.0326916 0.0302707 0.0318471 0.0317993 0.0288729 0.0310587 0.0317951 0.0310813 0.0302237 0.0310637 0.0271880 0.0279475 0.0279475 0.0294606 0.0302521 0.0287604 0.0311425 0.0287869 0.0295060 0.0287277 0.0302627 0.0302665 0.0302379 0.0287607 0.0295523 0.0279907 0.0295086 0.0264600 0.0287238 0.0271881 0.0287953 0.0271788 0.0287258 0.0287491 0.0272211 0.0279588 0.0279401 0.0283263 0.0279364 0.0265671 0.0272045 0.0256628 0.0256628 0.0250655 0.0249142 0.0249142 
KU188510.1_Symbiodinium_sp.                                        0.0660026 0.0600952 0.0332529 0.0311144 0.0295739 0.0114874 0.0092946 0.0056907 0.0078426 0.0049771 0.0057046 0.0035489 0.0064146 0.0056943 0.0042636 0.0035473 0.0035473 0.0042770 0.0049724 0.0042691 0.0028354 0.0042648 0.0035469 0.0021231 0.0021239 0.0028341 0.0014147 0.0000000 0.0007067 0.0021234 0.0007067 0.0007067 0.0007154 0.0014153 0.0014142 0.0014142 0.0014361 0.0366338 0.0327524 0.0326644 0.0318937 0.0318937 0.0308795 0.0303403 0.0311482 0.0311327 0.0303464 0.0303359 0.0303359 0.0307264 0.0219563 0.0226785 0.0286695 0.0218853 0.0271733 0.0252080 0.0373768 0.0397259 0.0373296 0.0341099 0.0387198 0.0388906 0.0374028 0.0396632 0.0389773 0.0380876 0.0381320 0.0388122 0.0389493 0.0397451 0.0388837 0.0372135 0.0365333 0.0318856 0.0318533 0.0334510 0.0334510 0.0342155 0.0349906 0.0341433 0.0318210 0.0319537 0.0333967 0.0326351 0.0327139 0.0302912 0.0318687 0.0318209 0.0288924 0.0310798 0.0318167 0.0311024 0.0302441 0.0310848 0.0272063 0.0279663 0.0279663 0.0294804 0.0302725 0.0287798 0.0311637 0.0288064 0.0295259 0.0287471 0.0302832 0.0302870 0.0302584 0.0287802 0.0295723 0.0280095 0.0295285 0.0264778 0.0287431 0.0272064 0.0288148 0.0271971 0.0287452 0.0287685 0.0272394 0.0279777 0.0279589 0.0283456 0.0279551 0.0265850 0.0272227 0.0256799 0.0256799 0.0250824 0.0249309 0.0249309 
KU188509.1_Symbiodinium_sp.                                        0.0650979 0.0592192 0.0324406 0.0303218 0.0287855 0.0107509 0.0085658 0.0049714 0.0071181 0.0042592 0.0049835 0.0028346 0.0056927 0.0049745 0.0035473 0.0028333 0.0028333 0.0035584 0.0042552 0.0035519 0.0021231 0.0035483 0.0028330 0.0014132 0.0014137 0.0021222 0.0007056 0.0007067 0.0000000 0.0014133 0.0000010 0.0000010 0.0000010 0.0007060 0.0007056 0.0007056 0.0007177 0.0358245 0.0319533 0.0318676 0.0310989 0.0310989 0.0300742 0.0295304 0.0303548 0.0303398 0.0295560 0.0295458 0.0295458 0.0299254 0.0211889 0.0219102 0.0278874 0.0211205 0.0263944 0.0244251 0.0365663 0.0389092 0.0365203 0.0333117 0.0379103 0.0380771 0.0365917 0.0388479 0.0381617 0.0372767 0.0373200 0.0380006 0.0381345 0.0389279 0.0380704 0.0364069 0.0357265 0.0310910 0.0310596 0.0326518 0.0326518 0.0334145 0.0341876 0.0333441 0.0310282 0.0311573 0.0325988 0.0318391 0.0319158 0.0295023 0.0310746 0.0310281 0.0281037 0.0302882 0.0310240 0.0303103 0.0294566 0.0302931 0.0264264 0.0271845 0.0271845 0.0286949 0.0294842 0.0279944 0.0303699 0.0280202 0.0287390 0.0279626 0.0294945 0.0294982 0.0294704 0.0279947 0.0287840 0.0272263 0.0287415 0.0256989 0.0279588 0.0264264 0.0280283 0.0264174 0.0279608 0.0279834 0.0264585 0.0271954 0.0271772 0.0275525 0.0271736 0.0258028 0.0264423 0.0249043 0.0249043 0.0243035 0.0241570 0.0241570 
