130
GU362426_Gymnodinium_catenatum                                     0.0000000 0.0453786 0.0657482 0.0704264 0.0687223 0.0771809 0.0753242 0.0692424 0.0735090 0.0647923 0.0678035 0.0685034 0.0719036 0.0710227 0.0693223 0.0684105 0.0684105 0.0661946 0.0667190 0.0660645 0.0658934 0.0659923 0.0684576 0.0667124 0.0667421 0.0675307 0.0658965 0.0659465 0.0650430 0.0666694 0.0649907 0.0649907 0.0658712 0.0658672 0.0658143 0.0658143 0.0652523 0.0733986 0.0673231 0.0671291 0.0662892 0.0662892 0.0657814 0.0664456 0.0664372 0.0654693 0.0655177 0.0663676 0.0663676 0.0672628 0.0629172 0.0627573 0.0677111 0.0635146 0.0660950 0.0644034 0.0741364 0.0767117 0.0740362 0.0694502 0.0693831 0.0749010 0.0731243 0.0765834 0.0759316 0.0748427 0.0740910 0.0730022 0.0732793 0.0767639 0.0740406 0.0737881 0.0714108 0.0696420 0.0695667 0.0696677 0.0696677 0.0723074 0.0706292 0.0704086 0.0695642 0.0707246 0.0679767 0.0705112 0.0706979 0.0635029 0.0696769 0.0695628 0.0664840 0.0687834 0.0678881 0.0656144 0.0669424 0.0679162 0.0603270 0.0595172 0.0595172 0.0669341 0.0678403 0.0662462 0.0689790 0.0663158 0.0678852 0.0661712 0.0678706 0.0678757 0.0678090 0.0671033 0.0663301 0.0653943 0.0670549 0.0611730 0.0661591 0.0661021 0.0663357 0.0644257 0.0636764 0.0662253 0.0619059 0.0653123 0.0652662 0.0662138 0.0652540 0.0639640 0.0644904 0.0627556 0.0627556 0.0631885 0.0635870 0.0635870 
EF492511                                                           0.0453786 0.0000000 0.0450154 0.0637436 0.0620842 0.0675899 0.0649698 0.0632187 0.0632308 0.0613789 0.0617960 0.0625401 0.0616684 0.0608204 0.0591788 0.0583078 0.0583078 0.0602238 0.0607608 0.0601075 0.0599555 0.0600431 0.0624994 0.0608037 0.0608300 0.0599258 0.0600069 0.0600504 0.0591764 0.0590918 0.0590829 0.0590829 0.0598666 0.0583102 0.0582642 0.0582642 0.0575612 0.0664489 0.0605567 0.0603868 0.0579571 0.0579571 0.0572909 0.0578562 0.0613616 0.0587712 0.0604701 0.0596386 0.0596386 0.0604267 0.0531036 0.0520468 0.0536912 0.0512912 0.0521317 0.0503535 0.0679993 0.0705051 0.0679093 0.0619042 0.0626970 0.0654673 0.0653896 0.0687416 0.0680885 0.0670560 0.0654523 0.0652842 0.0655247 0.0688994 0.0662724 0.0660529 0.0653606 0.0637523 0.0636849 0.0646256 0.0646256 0.0645928 0.0645942 0.0627718 0.0635751 0.0630777 0.0620431 0.0628615 0.0621991 0.0585693 0.0620502 0.0611328 0.0589720 0.0611879 0.0619426 0.0580913 0.0577721 0.0603486 0.0529901 0.0522018 0.0522018 0.0594106 0.0602833 0.0587272 0.0613578 0.0587869 0.0603220 0.0586616 0.0603091 0.0603138 0.0594411 0.0587325 0.0587994 0.0579010 0.0587002 0.0553115 0.0586517 0.0586023 0.0588039 0.0569754 0.0578436 0.0587082 0.0545527 0.0578305 0.0561871 0.0569849 0.0577807 0.0564875 0.0570314 0.0553546 0.0553546 0.0557277 0.0561620 0.0561620 
JF791031                                                           0.0657482 0.0450154 0.0000000 0.0417346 0.0401365 0.0403505 0.0387267 0.0379040 0.0370963 0.0354079 0.0347870 0.0356047 0.0355422 0.0347674 0.0331982 0.0323880 0.0323880 0.0332607 0.0338893 0.0331970 0.0331156 0.0331617 0.0355827 0.0339839 0.0339977 0.0331669 0.0332123 0.0332352 0.0324240 0.0323773 0.0323732 0.0323732 0.0327964 0.0316167 0.0315919 0.0315919 0.0313364 0.0441802 0.0401946 0.0400851 0.0392937 0.0392937 0.0391875 0.0378748 0.0393200 0.0385143 0.0384860 0.0376898 0.0376898 0.0381828 0.0321814 0.0336577 0.0374942 0.0336080 0.0359606 0.0340411 0.0448710 0.0472788 0.0448124 0.0407177 0.0430687 0.0440104 0.0448812 0.0471796 0.0464956 0.0455632 0.0456155 0.0454858 0.0456481 0.0473010 0.0463818 0.0455062 0.0448287 0.0408558 0.0408140 0.0416911 0.0416911 0.0391967 0.0423931 0.0407831 0.0399676 0.0401652 0.0415958 0.0408156 0.0393419 0.0383968 0.0400300 0.0376153 0.0362078 0.0391744 0.0383780 0.0377345 0.0375562 0.0392195 0.0328894 0.0321222 0.0321222 0.0375509 0.0383719 0.0360733 0.0393199 0.0368829 0.0368345 0.0368056 0.0383869 0.0383905 0.0360217 0.0368490 0.0368908 0.0376130 0.0360551 0.0368248 0.0352383 0.0336604 0.0368930 0.0352042 0.0368027 0.0368338 0.0336884 0.0360122 0.0359877 0.0356543 0.0359828 0.0346188 0.0352383 0.0336443 0.0336443 0.0338672 0.0328765 0.0328765 
AY160124.1_Symbiodinium_sp._G15                                    0.0704264 0.0637436 0.0417346 0.0000000 0.0014078 0.0396467 0.0387911 0.0356694 0.0371892 0.0332361 0.0342213 0.0334169 0.0356898 0.0349009 0.0333590 0.0325627 0.0325627 0.0327200 0.0333405 0.0326583 0.0310522 0.0326242 0.0333967 0.0318346 0.0318473 0.0325641 0.0310791 0.0311001 0.0303085 0.0317896 0.0302619 0.0302619 0.0306498 0.0310429 0.0310190 0.0310190 0.0299760 0.0402115 0.0363314 0.0362350 0.0354645 0.0354645 0.0345087 0.0348394 0.0354875 0.0347046 0.0346797 0.0339053 0.0339053 0.0343390 0.0308806 0.0338603 0.0361013 0.0315321 0.0345956 0.0326970 0.0433710 0.0457346 0.0433153 0.0408272 0.0439120 0.0456672 0.0449577 0.0464441 0.0457694 0.0448543 0.0433171 0.0455750 0.0457353 0.0456600 0.0456593 0.0439564 0.0432883 0.0401697 0.0401294 0.0401280 0.0401280 0.0417338 0.0409607 0.0408668 0.0377558 0.0402592 0.0401189 0.0393534 0.0394491 0.0331427 0.0385826 0.0385235 0.0356015 0.0385620 0.0385185 0.0355655 0.0353970 0.0377883 0.0308278 0.0315894 0.0315894 0.0361549 0.0369590 0.0354619 0.0378833 0.0370292 0.0369814 0.0354224 0.0369731 0.0369766 0.0361775 0.0354634 0.0362684 0.0346841 0.0362145 0.0354463 0.0354176 0.0338642 0.0355050 0.0338527 0.0354197 0.0354490 0.0331328 0.0346445 0.0346213 0.0350997 0.0346167 0.0332713 0.0338850 0.0323224 0.0323224 0.0317591 0.0315687 0.0315687 
HE653239_Symbiodinium_voratum                                      0.0687223 0.0620842 0.0401365 0.0014078 0.0000000 0.0380750 0.0372256 0.0341158 0.0356314 0.0316968 0.0326687 0.0318688 0.0341355 0.0333500 0.0318136 0.0310215 0.0310215 0.0311710 0.0317961 0.0311123 0.0295153 0.0310799 0.0318496 0.0302943 0.0303063 0.0310229 0.0295410 0.0295608 0.0287734 0.0302515 0.0287291 0.0287291 0.0290968 0.0295066 0.0294839 0.0294839 0.0284204 0.0386463 0.0347802 0.0346882 0.0339205 0.0339205 0.0329429 0.0332581 0.0339424 0.0331630 0.0331392 0.0323680 0.0323680 0.0327813 0.0293529 0.0323253 0.0345606 0.0300072 0.0330591 0.0311496 0.0417933 0.0441483 0.0417397 0.0392659 0.0423408 0.0440833 0.0433737 0.0448577 0.0441815 0.0432742 0.0417414 0.0439946 0.0441488 0.0440763 0.0440757 0.0423835 0.0417138 0.0386061 0.0385675 0.0385662 0.0385662 0.0401644 0.0393939 0.0393038 0.0362044 0.0386918 0.0385574 0.0377944 0.0378860 0.0316081 0.0370261 0.0369696 0.0340511 0.0370064 0.0369648 0.0340168 0.0338562 0.0362355 0.0293028 0.0300616 0.0300616 0.0346118 0.0354116 0.0339181 0.0363264 0.0354786 0.0354329 0.0338803 0.0354250 0.0354283 0.0346334 0.0339194 0.0347201 0.0331434 0.0346686 0.0339032 0.0338758 0.0323289 0.0339591 0.0323179 0.0338777 0.0339057 0.0315986 0.0331057 0.0330836 0.0335399 0.0330793 0.0317304 0.0323487 0.0307933 0.0307933 0.0302227 0.0300419 0.0300419 
AJ271758.1_Symbiodinium_sp.                                        0.0771809 0.0675899 0.0403505 0.0396467 0.0380750 0.0000000 0.0136413 0.0158469 0.0121698 0.0151199 0.0158868 0.0136767 0.0107346 0.0100058 0.0085623 0.0078363 0.0078363 0.0144372 0.0151052 0.0144106 0.0129202 0.0143959 0.0136689 0.0122011 0.0122056 0.0114623 0.0114776 0.0114849 0.0107488 0.0107337 0.0107326 0.0107326 0.0108672 0.0100159 0.0100084 0.0100084 0.0101723 0.0452969 0.0413415 0.0412297 0.0404443 0.0404443 0.0395558 0.0390731 0.0396930 0.0396710 0.0388661 0.0388517 0.0388517 0.0393552 0.0310833 0.0318092 0.0363455 0.0309815 0.0348293 0.0329197 0.0452595 0.0476492 0.0452008 0.0419002 0.0465824 0.0467892 0.0452918 0.0475731 0.0468949 0.0459679 0.0460204 0.0466937 0.0468595 0.0476714 0.0467809 0.0450589 0.0443872 0.0396563 0.0396162 0.0396954 0.0396954 0.0420302 0.0428202 0.0419413 0.0395759 0.0397451 0.0411873 0.0404149 0.0405140 0.0380208 0.0396371 0.0395758 0.0366316 0.0388288 0.0387961 0.0396377 0.0379602 0.0388349 0.0356453 0.0364200 0.0364200 0.0371839 0.0379964 0.0364867 0.0389334 0.0380692 0.0372412 0.0364458 0.0380111 0.0380146 0.0379788 0.0364883 0.0373017 0.0357016 0.0372458 0.0356985 0.0364408 0.0348726 0.0365314 0.0348607 0.0364429 0.0364734 0.0349154 0.0356604 0.0356364 0.0361327 0.0356315 0.0342793 0.0348941 0.0333163 0.0333163 0.0327564 0.0325561 0.0325561 
AJ271759.1_Symbiodinium_sp.                                        0.0753242 0.0649698 0.0387267 0.0387911 0.0372256 0.0136413 0.0000000 0.0136305 0.0099823 0.0129075 0.0136646 0.0114697 0.0085536 0.0078305 0.0063962 0.0056765 0.0056765 0.0122218 0.0128940 0.0121993 0.0107227 0.0121869 0.0114633 0.0100070 0.0100106 0.0092752 0.0092875 0.0092933 0.0085648 0.0085528 0.0085519 0.0085519 0.0086580 0.0078384 0.0078325 0.0078325 0.0079602 0.0444170 0.0404769 0.0403679 0.0395854 0.0395854 0.0386862 0.0381987 0.0388363 0.0388149 0.0380136 0.0379995 0.0379995 0.0384906 0.0302612 0.0309854 0.0355068 0.0301624 0.0339955 0.0320835 0.0443804 0.0467607 0.0443230 0.0410381 0.0457031 0.0459052 0.0444120 0.0466862 0.0460085 0.0450877 0.0451389 0.0458120 0.0459740 0.0467824 0.0458972 0.0441844 0.0435131 0.0388005 0.0387614 0.0388387 0.0388387 0.0411648 0.0419518 0.0410781 0.0371550 0.0388870 0.0403264 0.0395568 0.0396535 0.0371730 0.0387818 0.0387221 0.0357853 0.0379772 0.0387170 0.0380032 0.0371139 0.0379832 0.0340372 0.0348076 0.0348076 0.0363406 0.0371492 0.0356442 0.0380792 0.0356781 0.0363963 0.0356043 0.0371634 0.0371669 0.0371320 0.0356457 0.0364552 0.0348622 0.0364007 0.0348593 0.0355995 0.0340377 0.0356877 0.0340261 0.0356015 0.0356312 0.0340794 0.0348222 0.0347988 0.0352821 0.0347941 0.0334425 0.0340587 0.0324876 0.0324876 0.0319247 0.0317300 0.0317300 
AJ271754.1_Symbiodinium_sp.                                        0.0692424 0.0632187 0.0379040 0.0356694 0.0341158 0.0158469 0.0136305 0.0000000 0.0121603 0.0092742 0.0100166 0.0078456 0.0107263 0.0099981 0.0085557 0.0078302 0.0078302 0.0085828 0.0092654 0.0085670 0.0071124 0.0085583 0.0078412 0.0064006 0.0064029 0.0071092 0.0056865 0.0056901 0.0049709 0.0063917 0.0049635 0.0049635 0.0050247 0.0056802 0.0056760 0.0056760 0.0057682 0.0396869 0.0357870 0.0356915 0.0349171 0.0349171 0.0339501 0.0334317 0.0341720 0.0341533 0.0333628 0.0333506 0.0333506 0.0337796 0.0249275 0.0256492 0.0316626 0.0248466 0.0301615 0.0282216 0.0404318 0.0427912 0.0403797 0.0371363 0.0417649 0.0419482 0.0404603 0.0427234 0.0420417 0.0411401 0.0404084 0.0410868 0.0412307 0.0428107 0.0403581 0.0402543 0.0395791 0.0349079 0.0348730 0.0364834 0.0364834 0.0372497 0.0380298 0.0371719 0.0348379 0.0349850 0.0364237 0.0356602 0.0357466 0.0333019 0.0348913 0.0348380 0.0319091 0.0340963 0.0348334 0.0333442 0.0332494 0.0341015 0.0301984 0.0309621 0.0309621 0.0324827 0.0332807 0.0325435 0.0341873 0.0318143 0.0325321 0.0317489 0.0332933 0.0332964 0.0332653 0.0317856 0.0325844 0.0310101 0.0325360 0.0279378 0.0317448 0.0301986 0.0318228 0.0301884 0.0317465 0.0317726 0.0302355 0.0309748 0.0309541 0.0313822 0.0309501 0.0295895 0.0302172 0.0286637 0.0286637 0.0280822 0.0279117 0.0279117 
AJ271756.1_Symbiodinium_sp.                                        0.0735090 0.0632308 0.0370963 0.0371892 0.0356314 0.0121698 0.0099823 0.0121603 0.0000000 0.0114401 0.0121905 0.0100078 0.0071080 0.0063888 0.0049609 0.0042454 0.0042454 0.0107527 0.0114292 0.0107328 0.0092670 0.0107220 0.0100022 0.0085533 0.0085564 0.0078262 0.0078366 0.0078415 0.0071173 0.0071074 0.0071066 0.0071066 0.0071945 0.0063952 0.0063904 0.0063904 0.0064943 0.0427841 0.0388625 0.0387582 0.0379795 0.0379795 0.0370579 0.0365604 0.0372326 0.0372122 0.0364155 0.0364020 0.0364020 0.0368712 0.0287012 0.0294239 0.0339282 0.0286078 0.0324227 0.0305013 0.0427491 0.0451180 0.0426939 0.0394297 0.0440745 0.0442686 0.0427793 0.0450464 0.0443677 0.0434559 0.0435051 0.0441792 0.0443347 0.0451388 0.0442610 0.0425609 0.0418887 0.0371984 0.0371611 0.0372348 0.0372348 0.0395508 0.0403341 0.0394679 0.0355643 0.0365090 0.0387184 0.0379522 0.0380445 0.0355815 0.0371806 0.0371236 0.0341932 0.0363808 0.0371187 0.0364057 0.0355251 0.0363864 0.0324623 0.0332292 0.0332292 0.0347554 0.0355588 0.0340591 0.0364781 0.0340912 0.0348085 0.0340209 0.0355723 0.0355756 0.0355424 0.0340604 0.0348646 0.0332810 0.0348127 0.0332782 0.0340164 0.0324628 0.0341004 0.0309308 0.0340184 0.0340465 0.0325024 0.0332430 0.0332207 0.0336808 0.0332163 0.0318624 0.0324827 0.0309206 0.0309206 0.0303506 0.0301661 0.0301661 
AJ271764.1_Symbiodinium_sp.                                        0.0647923 0.0613789 0.0354079 0.0332361 0.0316968 0.0151199 0.0129075 0.0092742 0.0114401 0.0000000 0.0092971 0.0071293 0.0100069 0.0092800 0.0078394 0.0071154 0.0071154 0.0078642 0.0085490 0.0078497 0.0063984 0.0078417 0.0071253 0.0056870 0.0056890 0.0063956 0.0049736 0.0049767 0.0042590 0.0056790 0.0042526 0.0042526 0.0043051 0.0049681 0.0049644 0.0049644 0.0050449 0.0372103 0.0333451 0.0332569 0.0324893 0.0324893 0.0314909 0.0309584 0.0309680 0.0317317 0.0301714 0.0309382 0.0309382 0.0313339 0.0240852 0.0232991 0.0307853 0.0240074 0.0292920 0.0273530 0.0363904 0.0387199 0.0363439 0.0331540 0.0377290 0.0378927 0.0364157 0.0386590 0.0379760 0.0370971 0.0371382 0.0378175 0.0379485 0.0387371 0.0378864 0.0362322 0.0355555 0.0309430 0.0309125 0.0324961 0.0324961 0.0332538 0.0340241 0.0331852 0.0308817 0.0310105 0.0324432 0.0316885 0.0317644 0.0293645 0.0309287 0.0308819 0.0279717 0.0301461 0.0308779 0.0309212 0.0300925 0.0301506 0.0270514 0.0278067 0.0278067 0.0285614 0.0293460 0.0278638 0.0302258 0.0278896 0.0286043 0.0278327 0.0293568 0.0293596 0.0293324 0.0278645 0.0286498 0.0270998 0.0286076 0.0255801 0.0278293 0.0263043 0.0278969 0.0262956 0.0278307 0.0278533 0.0263363 0.0270694 0.0270514 0.0274228 0.0270481 0.0256834 0.0263205 0.0247901 0.0247901 0.0241920 0.0240464 0.0240464 
L13718.1_Symbiodinium_meandrinae                                   0.0678035 0.0617960 0.0347870 0.0342213 0.0326687 0.0158868 0.0136646 0.0100166 0.0121905 0.0092971 0.0000000 0.0078650 0.0107529 0.0100228 0.0085768 0.0078495 0.0078495 0.0014192 0.0035448 0.0028406 0.0028341 0.0028377 0.0078606 0.0064164 0.0064187 0.0071267 0.0057005 0.0057041 0.0049831 0.0064074 0.0049756 0.0049756 0.0050372 0.0056942 0.0056899 0.0056899 0.0057826 0.0397921 0.0358813 0.0357853 0.0350087 0.0350087 0.0340405 0.0327027 0.0342616 0.0342428 0.0334501 0.0334377 0.0334377 0.0338691 0.0265014 0.0272253 0.0332707 0.0264151 0.0317620 0.0298295 0.0421035 0.0444771 0.0420490 0.0387808 0.0434351 0.0436268 0.0421333 0.0444062 0.0437247 0.0428129 0.0428614 0.0435385 0.0436921 0.0444975 0.0428203 0.0419177 0.0412427 0.0365435 0.0365068 0.0381296 0.0381296 0.0389001 0.0396848 0.0388183 0.0364699 0.0366247 0.0380669 0.0372992 0.0373901 0.0349249 0.0365260 0.0364699 0.0335311 0.0341648 0.0364651 0.0342089 0.0348695 0.0357308 0.0302767 0.0295202 0.0295202 0.0340984 0.0349026 0.0333994 0.0358210 0.0334310 0.0341505 0.0333619 0.0349159 0.0349192 0.0348864 0.0334006 0.0342057 0.0326201 0.0341546 0.0310696 0.0333575 0.0318014 0.0334400 0.0317906 0.0333593 0.0333870 0.0318403 0.0325827 0.0325608 0.0330130 0.0325566 0.0311966 0.0318210 0.0302568 0.0302568 0.0296817 0.0295007 0.0295007 
KU188508.1_Symbiodinium_sp.                                        0.0685034 0.0625401 0.0356047 0.0334169 0.0318688 0.0136767 0.0114697 0.0078456 0.0100078 0.0071293 0.0078650 0.0000000 0.0085754 0.0078505 0.0064125 0.0056910 0.0056910 0.0064328 0.0071225 0.0064210 0.0049754 0.0064145 0.0056904 0.0042579 0.0042594 0.0049731 0.0035464 0.0035486 0.0028344 0.0042583 0.0028344 0.0028344 0.0028694 0.0035478 0.0035451 0.0035451 0.0036027 0.0389697 0.0350699 0.0349763 0.0342019 0.0342019 0.0332230 0.0326990 0.0334562 0.0334380 0.0326479 0.0326359 0.0326359 0.0330561 0.0242140 0.0249365 0.0309513 0.0241354 0.0294496 0.0275015 0.0389315 0.0412867 0.0388813 0.0364230 0.0410523 0.0412325 0.0397433 0.0420078 0.0413243 0.0404248 0.0404703 0.0411496 0.0412939 0.0420937 0.0412255 0.0395408 0.0388639 0.0341928 0.0341586 0.0357678 0.0357678 0.0365342 0.0373143 0.0364579 0.0341243 0.0342683 0.0357092 0.0349455 0.0350303 0.0325883 0.0341766 0.0341244 0.0311923 0.0333821 0.0341199 0.0334050 0.0325368 0.0333872 0.0294857 0.0302494 0.0302494 0.0317701 0.0325675 0.0310705 0.0334712 0.0310996 0.0318185 0.0310356 0.0325797 0.0325829 0.0325524 0.0310715 0.0318697 0.0302962 0.0318222 0.0287560 0.0310316 0.0294859 0.0311079 0.0294760 0.0310333 0.0310588 0.0295220 0.0302618 0.0302415 0.0306602 0.0302377 0.0288732 0.0295041 0.0279514 0.0279514 0.0273654 0.0271992 0.0271992 
AB055917.1_Symbiodinium_sp.                                        0.0719036 0.0616684 0.0355422 0.0356898 0.0341355 0.0107346 0.0085536 0.0107263 0.0071080 0.0100069 0.0107529 0.0085754 0.0000000 0.0049675 0.0035424 0.0028294 0.0028294 0.0093161 0.0099974 0.0092988 0.0078388 0.0092895 0.0085707 0.0071256 0.0071281 0.0064012 0.0064098 0.0064138 0.0056921 0.0056841 0.0056835 0.0056835 0.0057538 0.0049725 0.0049688 0.0049688 0.0043255 0.0412694 0.0373554 0.0372554 0.0364782 0.0364782 0.0347560 0.0342426 0.0357316 0.0357120 0.0349178 0.0349049 0.0349049 0.0353547 0.0272206 0.0279437 0.0324427 0.0271320 0.0309390 0.0290041 0.0412357 0.0435999 0.0411825 0.0379297 0.0425670 0.0403553 0.0388706 0.0411277 0.0404449 0.0395515 0.0411511 0.0418279 0.0419745 0.0436198 0.0419050 0.0410543 0.0403797 0.0356988 0.0356630 0.0357337 0.0357337 0.0372185 0.0364535 0.0379662 0.0356271 0.0357778 0.0372170 0.0364521 0.0365406 0.0340880 0.0356818 0.0356271 0.0326957 0.0348845 0.0356225 0.0349084 0.0340340 0.0348899 0.0309769 0.0317422 0.0317422 0.0332658 0.0340662 0.0325677 0.0349778 0.0325984 0.0333165 0.0325312 0.0340791 0.0340823 0.0340505 0.0325689 0.0333701 0.0317915 0.0333205 0.0317889 0.0325270 0.0309772 0.0326071 0.0309667 0.0325288 0.0325556 0.0310150 0.0317553 0.0317340 0.0321735 0.0317299 0.0303706 0.0309962 0.0294387 0.0294387 0.0288607 0.0286853 0.0286853 
AJ271757.1_Symbiodinium_sp.                                        0.0710227 0.0608204 0.0347674 0.0349009 0.0333500 0.0100058 0.0078305 0.0099981 0.0063888 0.0092800 0.0100228 0.0078505 0.0049675 0.0000000 0.0028302 0.0021193 0.0021193 0.0085881 0.0092712 0.0085723 0.0071168 0.0085636 0.0078461 0.0064046 0.0064069 0.0056825 0.0056901 0.0056936 0.0049740 0.0049670 0.0049665 0.0049665 0.0050279 0.0042565 0.0042533 0.0042533 0.0043224 0.0404668 0.0365608 0.0364631 0.0356875 0.0356875 0.0347317 0.0342185 0.0349418 0.0349227 0.0341305 0.0341180 0.0341180 0.0345572 0.0264503 0.0271729 0.0316644 0.0263644 0.0301632 0.0282234 0.0404337 0.0427931 0.0403816 0.0371382 0.0417668 0.0419501 0.0404622 0.0427252 0.0420436 0.0411420 0.0411883 0.0418657 0.0412326 0.0428126 0.0419429 0.0402562 0.0395810 0.0349097 0.0348749 0.0349438 0.0349438 0.0372516 0.0380317 0.0371738 0.0348398 0.0349868 0.0364255 0.0356620 0.0357485 0.0333038 0.0348932 0.0348398 0.0319109 0.0340981 0.0348353 0.0341215 0.0332512 0.0341034 0.0302002 0.0309639 0.0309639 0.0324845 0.0332826 0.0317863 0.0341891 0.0318161 0.0325339 0.0317507 0.0332951 0.0332983 0.0332672 0.0317874 0.0325862 0.0310119 0.0325378 0.0310093 0.0317466 0.0302004 0.0318246 0.0301902 0.0317483 0.0317744 0.0302373 0.0309766 0.0309559 0.0313841 0.0309519 0.0295912 0.0302190 0.0286655 0.0286655 0.0280839 0.0279135 0.0279135 
AB863030.1_Symbiodinium_sp.                                        0.0693223 0.0591788 0.0331982 0.0333590 0.0318136 0.0085623 0.0063962 0.0085557 0.0049609 0.0078394 0.0085768 0.0064125 0.0035424 0.0028302 0.0000000 0.0007046 0.0007046 0.0071450 0.0078319 0.0071318 0.0056841 0.0071246 0.0064090 0.0049731 0.0049749 0.0042549 0.0042605 0.0042632 0.0035470 0.0035420 0.0035417 0.0035417 0.0035854 0.0028330 0.0028309 0.0028309 0.0028767 0.0389017 0.0350089 0.0349156 0.0341426 0.0341426 0.0331644 0.0326410 0.0333982 0.0333800 0.0325913 0.0325794 0.0325794 0.0329981 0.0249388 0.0256608 0.0301410 0.0248579 0.0286436 0.0266926 0.0388700 0.0412214 0.0388200 0.0355925 0.0402073 0.0403832 0.0388973 0.0411561 0.0404729 0.0395788 0.0396231 0.0403023 0.0404432 0.0412400 0.0403764 0.0386997 0.0380230 0.0333676 0.0333343 0.0334000 0.0334000 0.0357008 0.0364783 0.0356265 0.0333009 0.0334410 0.0348796 0.0341183 0.0342008 0.0317699 0.0333519 0.0333010 0.0303750 0.0325605 0.0332966 0.0325828 0.0317199 0.0325655 0.0286787 0.0294399 0.0294399 0.0309558 0.0317497 0.0302567 0.0326472 0.0302850 0.0310027 0.0302228 0.0317616 0.0317646 0.0317351 0.0302577 0.0310524 0.0294852 0.0310063 0.0294828 0.0302190 0.0286788 0.0302931 0.0286692 0.0302206 0.0302454 0.0287138 0.0294518 0.0294321 0.0298387 0.0294284 0.0280641 0.0286965 0.0271497 0.0271497 0.0265608 0.0263998 0.0263998 
AB016579.1_Symbiodinium_sp.                                        0.0684105 0.0583078 0.0323880 0.0325627 0.0310215 0.0078363 0.0056765 0.0078302 0.0042454 0.0071154 0.0078495 0.0056910 0.0028294 0.0021193 0.0007046 0.0000000 0.0000010 0.0064202 0.0071086 0.0064084 0.0049657 0.0064019 0.0056878 0.0042559 0.0042574 0.0035401 0.0035448 0.0035470 0.0028331 0.0028291 0.0028289 0.0028289 0.0028637 0.0021214 0.0021198 0.0021198 0.0021541 0.0380887 0.0342059 0.0341151 0.0333441 0.0333441 0.0323552 0.0318270 0.0326009 0.0325832 0.0317971 0.0317854 0.0317854 0.0321933 0.0241651 0.0248862 0.0293569 0.0240868 0.0278627 0.0259076 0.0380578 0.0404029 0.0380089 0.0347924 0.0393960 0.0395680 0.0380844 0.0403391 0.0396556 0.0387661 0.0388094 0.0394889 0.0396266 0.0404211 0.0395614 0.0378914 0.0372143 0.0325711 0.0325387 0.0326027 0.0326027 0.0348979 0.0356734 0.0348255 0.0325062 0.0326426 0.0340799 0.0333204 0.0334008 0.0309791 0.0325558 0.0325063 0.0295842 0.0317670 0.0325021 0.0317887 0.0309304 0.0317718 0.0278968 0.0286560 0.0286560 0.0301682 0.0309594 0.0294694 0.0318514 0.0294968 0.0302138 0.0294364 0.0309709 0.0309739 0.0309451 0.0294702 0.0302622 0.0287000 0.0302174 0.0286977 0.0294327 0.0278969 0.0295046 0.0278876 0.0294342 0.0294583 0.0279309 0.0286676 0.0286484 0.0290435 0.0286449 0.0272798 0.0279140 0.0263720 0.0263720 0.0257798 0.0256239 0.0256239 
AB016572.1_Symbiodinium_sp.                                        0.0684105 0.0583078 0.0323880 0.0325627 0.0310215 0.0078363 0.0056765 0.0078302 0.0042454 0.0071154 0.0078495 0.0056910 0.0028294 0.0021193 0.0007046 0.0000010 0.0000000 0.0064202 0.0071086 0.0064084 0.0049657 0.0064019 0.0056878 0.0042559 0.0042574 0.0035401 0.0035448 0.0035470 0.0028331 0.0028291 0.0028289 0.0028289 0.0028637 0.0021214 0.0021198 0.0021198 0.0021541 0.0380887 0.0342059 0.0341151 0.0333441 0.0333441 0.0323552 0.0318270 0.0326009 0.0325832 0.0317971 0.0317854 0.0317854 0.0321933 0.0241651 0.0248862 0.0293569 0.0240868 0.0278627 0.0259076 0.0380578 0.0404029 0.0380089 0.0347924 0.0393960 0.0395680 0.0380844 0.0403391 0.0396556 0.0387661 0.0388094 0.0394889 0.0396266 0.0404211 0.0395614 0.0378914 0.0372143 0.0325711 0.0325387 0.0326027 0.0326027 0.0348979 0.0356734 0.0348255 0.0325062 0.0326426 0.0340799 0.0333204 0.0334008 0.0309791 0.0325558 0.0325063 0.0295842 0.0317670 0.0325021 0.0317887 0.0309304 0.0317718 0.0278968 0.0286560 0.0286560 0.0301682 0.0309594 0.0294694 0.0318514 0.0294968 0.0302138 0.0294364 0.0309709 0.0309739 0.0309451 0.0294702 0.0302622 0.0287000 0.0302174 0.0286977 0.0294327 0.0278969 0.0295046 0.0278876 0.0294342 0.0294583 0.0279309 0.0286676 0.0286484 0.0290435 0.0286449 0.0272798 0.0279140 0.0263720 0.0263720 0.0257798 0.0256239 0.0256239 
L13717.1_Symbiodinium_corculorum                                   0.0661946 0.0602238 0.0332607 0.0327200 0.0311710 0.0144372 0.0122218 0.0085828 0.0107527 0.0078642 0.0014192 0.0064328 0.0093161 0.0085881 0.0071450 0.0064202 0.0064202 0.0000000 0.0021262 0.0014198 0.0014166 0.0014184 0.0064293 0.0049888 0.0049906 0.0056995 0.0042740 0.0042766 0.0035582 0.0049819 0.0035528 0.0035528 0.0035968 0.0042692 0.0042660 0.0042660 0.0043354 0.0375010 0.0343720 0.0342802 0.0335053 0.0335053 0.0325141 0.0311689 0.0327586 0.0327407 0.0319505 0.0319387 0.0319387 0.0323506 0.0250194 0.0257437 0.0317794 0.0249380 0.0302727 0.0283268 0.0405828 0.0429513 0.0405304 0.0372741 0.0419201 0.0421048 0.0406115 0.0428829 0.0421990 0.0412935 0.0413402 0.0420198 0.0421677 0.0429709 0.0413007 0.0404040 0.0397266 0.0350376 0.0350024 0.0366192 0.0366192 0.0373884 0.0381715 0.0373100 0.0349671 0.0351153 0.0365590 0.0357926 0.0358797 0.0334253 0.0350209 0.0349672 0.0320278 0.0326663 0.0349626 0.0327084 0.0333723 0.0342281 0.0287885 0.0280332 0.0280332 0.0326028 0.0334039 0.0319022 0.0343144 0.0319323 0.0326526 0.0318663 0.0334166 0.0334198 0.0333885 0.0319033 0.0327053 0.0311248 0.0326565 0.0295784 0.0318622 0.0303102 0.0319408 0.0302999 0.0318639 0.0318903 0.0303473 0.0310893 0.0310684 0.0314998 0.0310644 0.0296993 0.0303289 0.0287695 0.0287695 0.0281864 0.0280147 0.0280147 
AB055918.1_Symbiodinium_sp.                                        0.0667190 0.0607608 0.0338893 0.0333405 0.0317961 0.0151052 0.0128940 0.0092654 0.0114292 0.0085490 0.0035448 0.0071225 0.0099974 0.0092712 0.0078319 0.0071086 0.0071086 0.0021262 0.0000000 0.0021223 0.0021175 0.0021202 0.0071186 0.0056816 0.0056836 0.0063895 0.0049689 0.0049720 0.0042549 0.0056737 0.0042486 0.0042486 0.0043010 0.0049634 0.0049597 0.0049597 0.0050401 0.0388798 0.0349893 0.0348962 0.0341236 0.0341236 0.0331457 0.0318090 0.0333796 0.0333614 0.0325733 0.0325613 0.0325613 0.0329796 0.0256616 0.0263830 0.0323995 0.0255784 0.0308978 0.0289651 0.0411802 0.0435412 0.0411271 0.0378789 0.0425100 0.0426966 0.0412092 0.0434722 0.0427919 0.0418876 0.0419347 0.0426107 0.0427602 0.0435610 0.0426893 0.0409993 0.0403255 0.0356509 0.0356153 0.0372281 0.0372281 0.0379948 0.0387755 0.0379154 0.0355794 0.0357297 0.0371672 0.0364032 0.0364916 0.0340424 0.0356340 0.0355795 0.0326518 0.0348378 0.0355748 0.0333286 0.0339886 0.0348432 0.0294188 0.0286659 0.0286659 0.0332214 0.0340207 0.0325242 0.0349309 0.0325548 0.0332720 0.0324878 0.0340335 0.0340367 0.0340050 0.0325253 0.0333255 0.0317490 0.0332759 0.0302069 0.0324835 0.0309359 0.0325635 0.0309254 0.0324853 0.0325121 0.0309736 0.0317129 0.0316917 0.0321300 0.0316876 0.0295721 0.0309549 0.0293995 0.0293995 0.0288220 0.0286471 0.0286471 
X62650.1_S.pilosum                                                 0.0660645 0.0601075 0.0331970 0.0326583 0.0311123 0.0144106 0.0121993 0.0085670 0.0107328 0.0078497 0.0028406 0.0064210 0.0092988 0.0085723 0.0071318 0.0064084 0.0064084 0.0014198 0.0021223 0.0000000 0.0014140 0.0014158 0.0064174 0.0049797 0.0049815 0.0056890 0.0042661 0.0042688 0.0035517 0.0049727 0.0035463 0.0035463 0.0035901 0.0042614 0.0042582 0.0042582 0.0043274 0.0382019 0.0343070 0.0342155 0.0334421 0.0334421 0.0324518 0.0311088 0.0326967 0.0326789 0.0318903 0.0318786 0.0318786 0.0322889 0.0249726 0.0256955 0.0317199 0.0248914 0.0302160 0.0282732 0.0405058 0.0428696 0.0404536 0.0372038 0.0418410 0.0420249 0.0405344 0.0428015 0.0421187 0.0412153 0.0412618 0.0419403 0.0420876 0.0428892 0.0420178 0.0403276 0.0396514 0.0349715 0.0349364 0.0365499 0.0365499 0.0373177 0.0380992 0.0372396 0.0349012 0.0350488 0.0364900 0.0357251 0.0358119 0.0333624 0.0349549 0.0349013 0.0319673 0.0341583 0.0348967 0.0326468 0.0333097 0.0341636 0.0287345 0.0279806 0.0279806 0.0325416 0.0333411 0.0318422 0.0342496 0.0318721 0.0325912 0.0318064 0.0333537 0.0333569 0.0333257 0.0318433 0.0326437 0.0310663 0.0325950 0.0295229 0.0318023 0.0302533 0.0318807 0.0302431 0.0318041 0.0318303 0.0302903 0.0310309 0.0310101 0.0314399 0.0310061 0.0296433 0.0302720 0.0287156 0.0287156 0.0281333 0.0279622 0.0279622 
AB016723.1_Symbiodinium_sp.                                        0.0658934 0.0599555 0.0331156 0.0310522 0.0295153 0.0129202 0.0107227 0.0071124 0.0092670 0.0063984 0.0028341 0.0049754 0.0078388 0.0071168 0.0056841 0.0049657 0.0049657 0.0014166 0.0021175 0.0014140 0.0000000 0.0014126 0.0049726 0.0035436 0.0035449 0.0042508 0.0028334 0.0028352 0.0021230 0.0035387 0.0021199 0.0021199 0.0021460 0.0028303 0.0028282 0.0028282 0.0028740 0.0381088 0.0342239 0.0341329 0.0333614 0.0333614 0.0323723 0.0310323 0.0326179 0.0326002 0.0318136 0.0318019 0.0318019 0.0322102 0.0234129 0.0241337 0.0301276 0.0233371 0.0286309 0.0266806 0.0388524 0.0412026 0.0388024 0.0355765 0.0401891 0.0403649 0.0388796 0.0411374 0.0404544 0.0395608 0.0396051 0.0402840 0.0404248 0.0412212 0.0403581 0.0386822 0.0380057 0.0333526 0.0333193 0.0349209 0.0349209 0.0356847 0.0364618 0.0356104 0.0332859 0.0334259 0.0348638 0.0341030 0.0341854 0.0317557 0.0333369 0.0332860 0.0303613 0.0325458 0.0332817 0.0310414 0.0317057 0.0325508 0.0271555 0.0279139 0.0279139 0.0309419 0.0317355 0.0302432 0.0326325 0.0302714 0.0309888 0.0302093 0.0317474 0.0317504 0.0317208 0.0302441 0.0310385 0.0294720 0.0309924 0.0279380 0.0302055 0.0286660 0.0302795 0.0286564 0.0302071 0.0302318 0.0287010 0.0294386 0.0294190 0.0298252 0.0294153 0.0280515 0.0286837 0.0271376 0.0271376 0.0265489 0.0263881 0.0263881 
AB016724.1_Symbiodinium_sp.                                        0.0659923 0.0600431 0.0331617 0.0326242 0.0310799 0.0143959 0.0121869 0.0085583 0.0107220 0.0078417 0.0028377 0.0064145 0.0092895 0.0085636 0.0071246 0.0064019 0.0064019 0.0014184 0.0021202 0.0014158 0.0014126 0.0000000 0.0064109 0.0049747 0.0049764 0.0056833 0.0042618 0.0042645 0.0035481 0.0049677 0.0035428 0.0035428 0.0035865 0.0042571 0.0042539 0.0042539 0.0043229 0.0381618 0.0342710 0.0341798 0.0334072 0.0334072 0.0324174 0.0310756 0.0326626 0.0326448 0.0318570 0.0318453 0.0318453 0.0322548 0.0249467 0.0256689 0.0316870 0.0248657 0.0301847 0.0282436 0.0404632 0.0428245 0.0404111 0.0371650 0.0417972 0.0419807 0.0404918 0.0427565 0.0420744 0.0411720 0.0412184 0.0418963 0.0420433 0.0428440 0.0419736 0.0402854 0.0396098 0.0349349 0.0349000 0.0365117 0.0365117 0.0372786 0.0380593 0.0372007 0.0348648 0.0350121 0.0364519 0.0356877 0.0357743 0.0333277 0.0349183 0.0348649 0.0319339 0.0341226 0.0348603 0.0326127 0.0332750 0.0341279 0.0287047 0.0279516 0.0279516 0.0325077 0.0333064 0.0318090 0.0342138 0.0318389 0.0325572 0.0317734 0.0333190 0.0333221 0.0332910 0.0318101 0.0326096 0.0310340 0.0325611 0.0294922 0.0317693 0.0302219 0.0318474 0.0302117 0.0317710 0.0317972 0.0302588 0.0309987 0.0309779 0.0314068 0.0309739 0.0296124 0.0302405 0.0286858 0.0286858 0.0281039 0.0279332 0.0279332 
KU188515.1_Symbiodinium_sp.                                        0.0684576 0.0624994 0.0355827 0.0333967 0.0318496 0.0136689 0.0114633 0.0078412 0.0100022 0.0071253 0.0078606 0.0056904 0.0085707 0.0078461 0.0064090 0.0056878 0.0056878 0.0064293 0.0071186 0.0064174 0.0049726 0.0064109 0.0000000 0.0042555 0.0042570 0.0049704 0.0035444 0.0035466 0.0028328 0.0042559 0.0028328 0.0028328 0.0028678 0.0035458 0.0035432 0.0035432 0.0028780 0.0389457 0.0350485 0.0349551 0.0341812 0.0341812 0.0324189 0.0318900 0.0334360 0.0334177 0.0326282 0.0326162 0.0326162 0.0330359 0.0241997 0.0249218 0.0309328 0.0241212 0.0294321 0.0274850 0.0396909 0.0420486 0.0396397 0.0364009 0.0410271 0.0412071 0.0397188 0.0419819 0.0412988 0.0404000 0.0404454 0.0411243 0.0412684 0.0420677 0.0412001 0.0395166 0.0388401 0.0341721 0.0341380 0.0357460 0.0357460 0.0365120 0.0372916 0.0364358 0.0341036 0.0342475 0.0356875 0.0349244 0.0350090 0.0325687 0.0341560 0.0341037 0.0311735 0.0333619 0.0340993 0.0333848 0.0325173 0.0333670 0.0294681 0.0302313 0.0302313 0.0317511 0.0325479 0.0310519 0.0334510 0.0310810 0.0317993 0.0310170 0.0325601 0.0325632 0.0325329 0.0310528 0.0318505 0.0302781 0.0318031 0.0287389 0.0310130 0.0294683 0.0310892 0.0294584 0.0310147 0.0310402 0.0295043 0.0302437 0.0302234 0.0306416 0.0302196 0.0288559 0.0294865 0.0279348 0.0279348 0.0273491 0.0271831 0.0271831 
KU188511.1_Symbiodinium_sp.                                        0.0667124 0.0608037 0.0339839 0.0318346 0.0302943 0.0122011 0.0100070 0.0064006 0.0085533 0.0056870 0.0064164 0.0042579 0.0071256 0.0064046 0.0049731 0.0042559 0.0042559 0.0049888 0.0056816 0.0049797 0.0035436 0.0049747 0.0042555 0.0000000 0.0028314 0.0035420 0.0021217 0.0021230 0.0014131 0.0028307 0.0014131 0.0014131 0.0014305 0.0021225 0.0021210 0.0021210 0.0021552 0.0373560 0.0334750 0.0333861 0.0326155 0.0326155 0.0316150 0.0310813 0.0318721 0.0318548 0.0310694 0.0310580 0.0310580 0.0314568 0.0226784 0.0233994 0.0293888 0.0226050 0.0278930 0.0259361 0.0380996 0.0404473 0.0380506 0.0348304 0.0394391 0.0396114 0.0381263 0.0403833 0.0396992 0.0388086 0.0388520 0.0395322 0.0396702 0.0404655 0.0396048 0.0379328 0.0372551 0.0326068 0.0325743 0.0341730 0.0341730 0.0349361 0.0357125 0.0348635 0.0325417 0.0326784 0.0341171 0.0333569 0.0326744 0.0310129 0.0325914 0.0325418 0.0296167 0.0318017 0.0325375 0.0318235 0.0309641 0.0318066 0.0279272 0.0286872 0.0286872 0.0302011 0.0309932 0.0295016 0.0318863 0.0295291 0.0302468 0.0294685 0.0310048 0.0310077 0.0309789 0.0295024 0.0302953 0.0287313 0.0302503 0.0271992 0.0294648 0.0279273 0.0295369 0.0279179 0.0294663 0.0294904 0.0279613 0.0286988 0.0286797 0.0290756 0.0286761 0.0273097 0.0279444 0.0264007 0.0264007 0.0258080 0.0256517 0.0256517 
KU188514.1_Symbiodinium_sp.                                        0.0667421 0.0608300 0.0339977 0.0318473 0.0303063 0.0122056 0.0100106 0.0064029 0.0085564 0.0056890 0.0064187 0.0042594 0.0071281 0.0064069 0.0049749 0.0042574 0.0042574 0.0049906 0.0056836 0.0049815 0.0035449 0.0049764 0.0042570 0.0028314 0.0000000 0.0035433 0.0021225 0.0021238 0.0014136 0.0028317 0.0014136 0.0014136 0.0014310 0.0021233 0.0021217 0.0021217 0.0021552 0.0373712 0.0334884 0.0333994 0.0326285 0.0326285 0.0316277 0.0310939 0.0318847 0.0318674 0.0310817 0.0310703 0.0310703 0.0314694 0.0226871 0.0234084 0.0294003 0.0226137 0.0279039 0.0259463 0.0381150 0.0404638 0.0380660 0.0348443 0.0394550 0.0396275 0.0381417 0.0403998 0.0397154 0.0388243 0.0388678 0.0395482 0.0396863 0.0404820 0.0396209 0.0379481 0.0372701 0.0326197 0.0325872 0.0341867 0.0341867 0.0349501 0.0357268 0.0348775 0.0325546 0.0326914 0.0341308 0.0333702 0.0334508 0.0310252 0.0326044 0.0325547 0.0296284 0.0318143 0.0325505 0.0318361 0.0309763 0.0318192 0.0279381 0.0286985 0.0286985 0.0302130 0.0310054 0.0295132 0.0318990 0.0295407 0.0302587 0.0294800 0.0310170 0.0310200 0.0309911 0.0295140 0.0303073 0.0287426 0.0302623 0.0272098 0.0294763 0.0279382 0.0295485 0.0279288 0.0294779 0.0295020 0.0279723 0.0287101 0.0286909 0.0290871 0.0286873 0.0273204 0.0279554 0.0264110 0.0264110 0.0258181 0.0256617 0.0256617 
AF238256.1_Symbiodinium_sp._Type_A                                 0.0675307 0.0599258 0.0331669 0.0325641 0.0310229 0.0114623 0.0092752 0.0071092 0.0078262 0.0063956 0.0071267 0.0049731 0.0064012 0.0056825 0.0042549 0.0035401 0.0035401 0.0056995 0.0063895 0.0056890 0.0042508 0.0056833 0.0049704 0.0035420 0.0035433 0.0000000 0.0028322 0.0028339 0.0021221 0.0021191 0.0021189 0.0021189 0.0021450 0.0014124 0.0014114 0.0014114 0.0014340 0.0380905 0.0342075 0.0341166 0.0333456 0.0333456 0.0323567 0.0318284 0.0326024 0.0325847 0.0317985 0.0317868 0.0317868 0.0321948 0.0234019 0.0241224 0.0301133 0.0233262 0.0286174 0.0266679 0.0388337 0.0411828 0.0387838 0.0355596 0.0401699 0.0403455 0.0388610 0.0411177 0.0404350 0.0395418 0.0395861 0.0402647 0.0404053 0.0412014 0.0403387 0.0386638 0.0379875 0.0333367 0.0333035 0.0349043 0.0349043 0.0356676 0.0364444 0.0355935 0.0332701 0.0334100 0.0348472 0.0340867 0.0341691 0.0317406 0.0333210 0.0332702 0.0303469 0.0325304 0.0332659 0.0325527 0.0316907 0.0325354 0.0286524 0.0294128 0.0294128 0.0309273 0.0317205 0.0302289 0.0326169 0.0302571 0.0309741 0.0301950 0.0317323 0.0317354 0.0317058 0.0302298 0.0310238 0.0294581 0.0309778 0.0279248 0.0301912 0.0286525 0.0302651 0.0286429 0.0301928 0.0302175 0.0286875 0.0294247 0.0294051 0.0298109 0.0294014 0.0280383 0.0286701 0.0271249 0.0271249 0.0265363 0.0263757 0.0263757 
KU188513.1_Symbiodinium_sp.                                        0.0658965 0.0600069 0.0332123 0.0310791 0.0295410 0.0114776 0.0092875 0.0056865 0.0078366 0.0049736 0.0057005 0.0035464 0.0064098 0.0056901 0.0042605 0.0035448 0.0035448 0.0042740 0.0049689 0.0042661 0.0028334 0.0042618 0.0035444 0.0021217 0.0021225 0.0028322 0.0000000 0.0014146 0.0007056 0.0021219 0.0007056 0.0007056 0.0007149 0.0014143 0.0014132 0.0014132 0.0014361 0.0365914 0.0327152 0.0326285 0.0318588 0.0318588 0.0308470 0.0303082 0.0311157 0.0310989 0.0303149 0.0303038 0.0303038 0.0306928 0.0219360 0.0226570 0.0286402 0.0218650 0.0271458 0.0251827 0.0373347 0.0396795 0.0372867 0.0340730 0.0386767 0.0388456 0.0373608 0.0396167 0.0389315 0.0380442 0.0380867 0.0387680 0.0389031 0.0396973 0.0388391 0.0371714 0.0364926 0.0318502 0.0318186 0.0334140 0.0334140 0.0341763 0.0349516 0.0341054 0.0317867 0.0319201 0.0333593 0.0325999 0.0326785 0.0302599 0.0318353 0.0317869 0.0288621 0.0310471 0.0317827 0.0310684 0.0302123 0.0310518 0.0271791 0.0279381 0.0279381 0.0294502 0.0302406 0.0287500 0.0311297 0.0287768 0.0294948 0.0287178 0.0302519 0.0302548 0.0302267 0.0287508 0.0295420 0.0279809 0.0294982 0.0264511 0.0287142 0.0271791 0.0287844 0.0271700 0.0287157 0.0287391 0.0272122 0.0279493 0.0279307 0.0283161 0.0279272 0.0265586 0.0271958 0.0256548 0.0256548 0.0250583 0.0249066 0.0249066 
KU188510.1_Symbiodinium_sp.                                        0.0659465 0.0600504 0.0332352 0.0311001 0.0295608 0.0114849 0.0092933 0.0056901 0.0078415 0.0049767 0.0057041 0.0035486 0.0064138 0.0056936 0.0042632 0.0035470 0.0035470 0.0042766 0.0049720 0.0042688 0.0028352 0.0042645 0.0035466 0.0021230 0.0021238 0.0028339 0.0014146 0.0000000 0.0007066 0.0021232 0.0007066 0.0007066 0.0007153 0.0014152 0.0014141 0.0014141 0.0014361 0.0366165 0.0327375 0.0326506 0.0318804 0.0318804 0.0308682 0.0303291 0.0311368 0.0311199 0.0303353 0.0303242 0.0303242 0.0307137 0.0219505 0.0226720 0.0286594 0.0218794 0.0271639 0.0251996 0.0373603 0.0397068 0.0373122 0.0340962 0.0387032 0.0388723 0.0373865 0.0396440 0.0389584 0.0380703 0.0381129 0.0387946 0.0389299 0.0397247 0.0388658 0.0371968 0.0365176 0.0318718 0.0318401 0.0334367 0.0334367 0.0341996 0.0349755 0.0341285 0.0318082 0.0319417 0.0333820 0.0326220 0.0327007 0.0302802 0.0318569 0.0318083 0.0288815 0.0310680 0.0318042 0.0310894 0.0302326 0.0310728 0.0271972 0.0279568 0.0279568 0.0294700 0.0302610 0.0287693 0.0311507 0.0287961 0.0295146 0.0287370 0.0302722 0.0302752 0.0302470 0.0287701 0.0295619 0.0279997 0.0295180 0.0264688 0.0287334 0.0271972 0.0288037 0.0271881 0.0287350 0.0287584 0.0272304 0.0279680 0.0279494 0.0283353 0.0279459 0.0265763 0.0272140 0.0256719 0.0256719 0.0250750 0.0249232 0.0249232 
KU188509.1_Symbiodinium_sp.                                        0.0650430 0.0591764 0.0324240 0.0303085 0.0287734 0.0107488 0.0085648 0.0049709 0.0071173 0.0042590 0.0049831 0.0028344 0.0056921 0.0049740 0.0035470 0.0028331 0.0028331 0.0035582 0.0042549 0.0035517 0.0021230 0.0035481 0.0028328 0.0014131 0.0014136 0.0021221 0.0007056 0.0007066 0.0000000 0.0014132 0.0000010 0.0000010 0.0000010 0.0007060 0.0007056 0.0007056 0.0007177 0.0358083 0.0319393 0.0318548 0.0310865 0.0310865 0.0300639 0.0295200 0.0303442 0.0303278 0.0295458 0.0295349 0.0295349 0.0299137 0.0211837 0.0219043 0.0278780 0.0211152 0.0263858 0.0244174 0.0365509 0.0388913 0.0365040 0.0332989 0.0378948 0.0380599 0.0365764 0.0388298 0.0381440 0.0372605 0.0373021 0.0379841 0.0381163 0.0389087 0.0380537 0.0363912 0.0357118 0.0310782 0.0310473 0.0326384 0.0326384 0.0333995 0.0341734 0.0333303 0.0310163 0.0311462 0.0325851 0.0318269 0.0319036 0.0294922 0.0310637 0.0310165 0.0280936 0.0302774 0.0310124 0.0302982 0.0294459 0.0302820 0.0264181 0.0271757 0.0271757 0.0286852 0.0294735 0.0279848 0.0303578 0.0280108 0.0287285 0.0279534 0.0294844 0.0294873 0.0294599 0.0279855 0.0287745 0.0272173 0.0287319 0.0256907 0.0279499 0.0264181 0.0280182 0.0264093 0.0279514 0.0279741 0.0264503 0.0271866 0.0271685 0.0275431 0.0271652 0.0257949 0.0264343 0.0248970 0.0248970 0.0242969 0.0241500 0.0241500 
