130
GU362426_Gymnodinium_catenatum                                     0.0000000 0.0453966 0.0657935 0.0704699 0.0687637 0.0772452 0.0753822 0.0692931 0.0735658 0.0648348 0.0678523 0.0685529 0.0719583 0.0710764 0.0693737 0.0684602 0.0684602 0.0662424 0.0667656 0.0661110 0.0659394 0.0660383 0.0685071 0.0667585 0.0667894 0.0675790 0.0659440 0.0659929 0.0650877 0.0667161 0.0650351 0.0650351 0.0659189 0.0659135 0.0658602 0.0658602 0.0652941 0.0734534 0.0673700 0.0671737 0.0663331 0.0663331 0.0658216 0.0664877 0.0664809 0.0655127 0.0655609 0.0664125 0.0664125 0.0673109 0.0629565 0.0627968 0.0677584 0.0635546 0.0661417 0.0644485 0.0741899 0.0767695 0.0740924 0.0694971 0.0694288 0.0749547 0.0731769 0.0766432 0.0759895 0.0748980 0.0741472 0.0730502 0.0733316 0.0768220 0.0740969 0.0738452 0.0714598 0.0696944 0.0696177 0.0697167 0.0697167 0.0723626 0.0706795 0.0704598 0.0696144 0.0707740 0.0680240 0.0705609 0.0707480 0.0635417 0.0697249 0.0696111 0.0665300 0.0688316 0.0679360 0.0656627 0.0669867 0.0679634 0.0603661 0.0595557 0.0595557 0.0669792 0.0678877 0.0662913 0.0690302 0.0663605 0.0679327 0.0662155 0.0679169 0.0679241 0.0678557 0.0671491 0.0663716 0.0654382 0.0671004 0.0612116 0.0662025 0.0661462 0.0663822 0.0644668 0.0637188 0.0662692 0.0619439 0.0653552 0.0653096 0.0662600 0.0652961 0.0640057 0.0645318 0.0627956 0.0627956 0.0632281 0.0636277 0.0636277 
EF492511                                                           0.0453966 0.0000000 0.0450357 0.0637813 0.0621198 0.0676358 0.0650089 0.0632566 0.0632690 0.0614113 0.0618322 0.0625773 0.0617050 0.0608563 0.0592129 0.0583405 0.0583405 0.0602593 0.0607953 0.0601419 0.0599895 0.0600770 0.0625366 0.0608380 0.0608654 0.0599607 0.0600417 0.0600850 0.0592097 0.0591254 0.0591157 0.0591157 0.0599020 0.0583426 0.0582963 0.0582963 0.0575904 0.0664918 0.0605929 0.0604211 0.0579897 0.0579897 0.0573201 0.0578870 0.0613978 0.0588045 0.0605059 0.0596731 0.0596731 0.0604640 0.0531298 0.0520708 0.0537182 0.0513152 0.0521583 0.0503789 0.0680393 0.0705487 0.0679517 0.0619377 0.0627297 0.0655053 0.0654278 0.0687858 0.0681311 0.0670964 0.0654934 0.0653185 0.0655627 0.0689421 0.0663138 0.0660942 0.0653969 0.0637924 0.0637238 0.0646650 0.0646650 0.0646333 0.0646307 0.0628091 0.0636128 0.0631129 0.0620810 0.0628975 0.0622346 0.0585992 0.0620848 0.0611671 0.0590046 0.0612228 0.0619783 0.0581264 0.0578012 0.0603826 0.0530177 0.0522289 0.0522289 0.0594429 0.0603176 0.0587596 0.0613943 0.0588188 0.0603563 0.0586933 0.0603423 0.0603489 0.0594741 0.0587639 0.0588285 0.0579323 0.0587322 0.0553389 0.0586825 0.0586338 0.0588375 0.0570044 0.0578747 0.0587394 0.0545782 0.0578611 0.0562170 0.0570170 0.0578106 0.0565170 0.0570607 0.0553828 0.0553828 0.0557554 0.0561907 0.0561907 
JF791031                                                           0.0657935 0.0450357 0.0000000 0.0417556 0.0401560 0.0403717 0.0387448 0.0379227 0.0371138 0.0354219 0.0348013 0.0356210 0.0355583 0.0347831 0.0332127 0.0324017 0.0324017 0.0332745 0.0339027 0.0332102 0.0331287 0.0331747 0.0355990 0.0339984 0.0340128 0.0331816 0.0332269 0.0332498 0.0324378 0.0323912 0.0323866 0.0323866 0.0328113 0.0316298 0.0316049 0.0316049 0.0313483 0.0442019 0.0402139 0.0401032 0.0393113 0.0393113 0.0392035 0.0378907 0.0393370 0.0385315 0.0385028 0.0377058 0.0377058 0.0382003 0.0321924 0.0336702 0.0375086 0.0336196 0.0359746 0.0340542 0.0448901 0.0473003 0.0448330 0.0407337 0.0430862 0.0440292 0.0449007 0.0472026 0.0465174 0.0455838 0.0456385 0.0455051 0.0456698 0.0473240 0.0464037 0.0455278 0.0448483 0.0408750 0.0408325 0.0417101 0.0417101 0.0392150 0.0424119 0.0408022 0.0399850 0.0401813 0.0416149 0.0408328 0.0393583 0.0384121 0.0400461 0.0376304 0.0362220 0.0391914 0.0383936 0.0377515 0.0375705 0.0392354 0.0329015 0.0321339 0.0321339 0.0375656 0.0383878 0.0360876 0.0393372 0.0368972 0.0368497 0.0368198 0.0384021 0.0384069 0.0360361 0.0368630 0.0369034 0.0376277 0.0360692 0.0368399 0.0352510 0.0336727 0.0369083 0.0352167 0.0368170 0.0368477 0.0336999 0.0360257 0.0360015 0.0356688 0.0359959 0.0346315 0.0352510 0.0336562 0.0336562 0.0338788 0.0328881 0.0328881 
AY160124.1_Symbiodinium_sp._G15                                    0.0704699 0.0637813 0.0417556 0.0000000 0.0014078 0.0396676 0.0388088 0.0356852 0.0372063 0.0332477 0.0342351 0.0334307 0.0357058 0.0349164 0.0333733 0.0325762 0.0325762 0.0327333 0.0333534 0.0326711 0.0310640 0.0326367 0.0334105 0.0318468 0.0318599 0.0325771 0.0310914 0.0311123 0.0303200 0.0318018 0.0302730 0.0302730 0.0306622 0.0310545 0.0310304 0.0310304 0.0299857 0.0402279 0.0363458 0.0362484 0.0354774 0.0354774 0.0345195 0.0348510 0.0354999 0.0347173 0.0346920 0.0339169 0.0339169 0.0343520 0.0308895 0.0338715 0.0361146 0.0315414 0.0346085 0.0327090 0.0433878 0.0457537 0.0433335 0.0408437 0.0439304 0.0456877 0.0449765 0.0464661 0.0457902 0.0448739 0.0433369 0.0455943 0.0457570 0.0456818 0.0456802 0.0439765 0.0433063 0.0401880 0.0401469 0.0401441 0.0401441 0.0417540 0.0409769 0.0408852 0.0377703 0.0402747 0.0401365 0.0393692 0.0394649 0.0331531 0.0385974 0.0385386 0.0356149 0.0385779 0.0385340 0.0355807 0.0354087 0.0378029 0.0308386 0.0316005 0.0316005 0.0361684 0.0369737 0.0354754 0.0378992 0.0370430 0.0369961 0.0354353 0.0369871 0.0369917 0.0361903 0.0354761 0.0362813 0.0346968 0.0362280 0.0354592 0.0354302 0.0338765 0.0355190 0.0338642 0.0354327 0.0354617 0.0331440 0.0346568 0.0346339 0.0351135 0.0346287 0.0332829 0.0338965 0.0323333 0.0323333 0.0317689 0.0315793 0.0315793 
HE653239_Symbiodinium_voratum                                      0.0687637 0.0621198 0.0401560 0.0014078 0.0000000 0.0380944 0.0372420 0.0341304 0.0356472 0.0317073 0.0326813 0.0318814 0.0341502 0.0333642 0.0318267 0.0310339 0.0310339 0.0311832 0.0318079 0.0311240 0.0295261 0.0310913 0.0318622 0.0303054 0.0303178 0.0310347 0.0295521 0.0295719 0.0287838 0.0302626 0.0287393 0.0287393 0.0291081 0.0295172 0.0294943 0.0294943 0.0284292 0.0386615 0.0347935 0.0347005 0.0339324 0.0339324 0.0329527 0.0332686 0.0339538 0.0331746 0.0331504 0.0323785 0.0323785 0.0327932 0.0293609 0.0323354 0.0345727 0.0300156 0.0330709 0.0311605 0.0418088 0.0441660 0.0417566 0.0392811 0.0423578 0.0441023 0.0433911 0.0448782 0.0442009 0.0432925 0.0417599 0.0440126 0.0441691 0.0440966 0.0440952 0.0424021 0.0417306 0.0386231 0.0385837 0.0385810 0.0385810 0.0401832 0.0394088 0.0393209 0.0362178 0.0387061 0.0385736 0.0378090 0.0379006 0.0316175 0.0370398 0.0369835 0.0340634 0.0370211 0.0369791 0.0340309 0.0338668 0.0362489 0.0293125 0.0300717 0.0300717 0.0346241 0.0354251 0.0339304 0.0363411 0.0354913 0.0354464 0.0338921 0.0354378 0.0354422 0.0346451 0.0339311 0.0347319 0.0331551 0.0346810 0.0339150 0.0338873 0.0323401 0.0339720 0.0323284 0.0338897 0.0339173 0.0316088 0.0331170 0.0330951 0.0335526 0.0330902 0.0317410 0.0323592 0.0308032 0.0308032 0.0302316 0.0300516 0.0300516 
AJ271758.1_Symbiodinium_sp.                                        0.0772452 0.0676358 0.0403717 0.0396676 0.0380944 0.0000000 0.0136438 0.0158508 0.0121720 0.0151228 0.0158901 0.0136796 0.0107365 0.0100075 0.0085636 0.0078373 0.0078373 0.0144402 0.0151081 0.0144134 0.0129226 0.0143986 0.0136718 0.0122033 0.0122080 0.0114645 0.0114798 0.0114871 0.0107507 0.0107356 0.0107344 0.0107344 0.0108694 0.0100176 0.0100100 0.0100100 0.0101738 0.0453195 0.0413616 0.0412486 0.0404626 0.0404626 0.0395716 0.0390892 0.0397091 0.0396890 0.0388820 0.0388683 0.0388683 0.0393735 0.0310937 0.0318208 0.0363596 0.0309922 0.0348429 0.0329324 0.0452792 0.0476714 0.0452220 0.0419177 0.0466027 0.0468108 0.0453114 0.0475964 0.0469169 0.0459887 0.0460435 0.0467143 0.0468825 0.0476952 0.0468031 0.0450801 0.0444064 0.0396737 0.0396329 0.0397121 0.0397121 0.0420511 0.0428392 0.0419608 0.0395930 0.0397598 0.0412060 0.0404317 0.0405309 0.0380357 0.0396529 0.0395919 0.0366460 0.0388447 0.0388110 0.0396554 0.0379757 0.0388505 0.0356586 0.0364337 0.0364337 0.0371983 0.0380120 0.0365010 0.0389503 0.0380839 0.0372564 0.0364596 0.0380260 0.0380306 0.0379940 0.0365019 0.0373155 0.0357152 0.0372602 0.0357129 0.0364542 0.0348857 0.0365464 0.0348729 0.0364568 0.0364870 0.0349281 0.0356736 0.0356498 0.0361474 0.0356443 0.0342917 0.0349065 0.0333280 0.0333280 0.0327669 0.0325674 0.0325674 
AJ271759.1_Symbiodinium_sp.                                        0.0753822 0.0650089 0.0387448 0.0388088 0.0372420 0.0136438 0.0000000 0.0136329 0.0099834 0.0129091 0.0136665 0.0114713 0.0085544 0.0078312 0.0063967 0.0056769 0.0056769 0.0122236 0.0128966 0.0122009 0.0107240 0.0121884 0.0114649 0.0100081 0.0100119 0.0092763 0.0092887 0.0092945 0.0085657 0.0085538 0.0085528 0.0085528 0.0086591 0.0078392 0.0078333 0.0078333 0.0079608 0.0444360 0.0404937 0.0403835 0.0396007 0.0396007 0.0386989 0.0382118 0.0388494 0.0388298 0.0380265 0.0380132 0.0380132 0.0385059 0.0302694 0.0309946 0.0355181 0.0301707 0.0340066 0.0320937 0.0443966 0.0467792 0.0443408 0.0410524 0.0457198 0.0459232 0.0444281 0.0467058 0.0460269 0.0451049 0.0451584 0.0458289 0.0459933 0.0468024 0.0459157 0.0442021 0.0435289 0.0388149 0.0387751 0.0388523 0.0388523 0.0411824 0.0419675 0.0410944 0.0371674 0.0388988 0.0403418 0.0395705 0.0396672 0.0371850 0.0387946 0.0387352 0.0357968 0.0379902 0.0387306 0.0380175 0.0371265 0.0379958 0.0340474 0.0348182 0.0348182 0.0363521 0.0371619 0.0356558 0.0380931 0.0356893 0.0364086 0.0356154 0.0371755 0.0371800 0.0371443 0.0356566 0.0364662 0.0348731 0.0364124 0.0348710 0.0356102 0.0340482 0.0356999 0.0340357 0.0356127 0.0356420 0.0340895 0.0348327 0.0348095 0.0352940 0.0348043 0.0334523 0.0340684 0.0324968 0.0324968 0.0319328 0.0317389 0.0317389 
AJ271754.1_Symbiodinium_sp.                                        0.0692931 0.0632566 0.0379227 0.0356852 0.0341304 0.0158508 0.0136329 0.0000000 0.0121625 0.0092753 0.0100179 0.0078467 0.0107281 0.0099997 0.0085570 0.0078313 0.0078313 0.0085839 0.0092665 0.0085680 0.0071132 0.0085593 0.0078423 0.0064013 0.0064037 0.0071101 0.0056872 0.0056907 0.0049714 0.0063924 0.0049639 0.0049639 0.0050254 0.0056808 0.0056765 0.0056765 0.0057686 0.0397033 0.0358014 0.0357049 0.0349301 0.0349301 0.0339607 0.0334426 0.0341830 0.0341660 0.0333737 0.0333621 0.0333621 0.0337925 0.0249340 0.0256565 0.0316733 0.0248532 0.0301718 0.0282311 0.0404474 0.0428090 0.0403967 0.0371499 0.0417811 0.0419655 0.0404758 0.0427421 0.0420593 0.0411566 0.0404254 0.0411015 0.0412474 0.0428298 0.0403740 0.0402712 0.0395943 0.0349215 0.0348860 0.0364970 0.0364970 0.0372663 0.0380447 0.0371874 0.0348512 0.0349961 0.0364383 0.0356732 0.0357597 0.0333134 0.0349035 0.0348504 0.0319200 0.0341085 0.0348462 0.0333568 0.0332613 0.0341135 0.0302081 0.0309721 0.0309721 0.0324936 0.0332927 0.0325547 0.0342004 0.0318249 0.0325437 0.0317593 0.0333046 0.0333088 0.0332770 0.0317958 0.0325948 0.0310203 0.0325469 0.0279461 0.0317549 0.0302084 0.0318343 0.0301975 0.0317570 0.0317829 0.0302450 0.0309847 0.0309641 0.0313934 0.0309597 0.0295987 0.0302264 0.0286723 0.0286723 0.0280898 0.0279201 0.0279201 
AJ271756.1_Symbiodinium_sp.                                        0.0735658 0.0632690 0.0371138 0.0372063 0.0356472 0.0121720 0.0099834 0.0121625 0.0000000 0.0114415 0.0121922 0.0100093 0.0071088 0.0063894 0.0049613 0.0042458 0.0042458 0.0107543 0.0114307 0.0107342 0.0092681 0.0107233 0.0100037 0.0085544 0.0085576 0.0078272 0.0078376 0.0078425 0.0071181 0.0071082 0.0071074 0.0071074 0.0071955 0.0063959 0.0063911 0.0063911 0.0064948 0.0428026 0.0388788 0.0387734 0.0379942 0.0379942 0.0370702 0.0365730 0.0372453 0.0372266 0.0364280 0.0364153 0.0364153 0.0368860 0.0287090 0.0294328 0.0339391 0.0286158 0.0324333 0.0305111 0.0427648 0.0451360 0.0427111 0.0394436 0.0440909 0.0442862 0.0427950 0.0450654 0.0443856 0.0434727 0.0435240 0.0441957 0.0443535 0.0451582 0.0442790 0.0425781 0.0419041 0.0372123 0.0371743 0.0372480 0.0372480 0.0395679 0.0403493 0.0394837 0.0355763 0.0365189 0.0387334 0.0379655 0.0380579 0.0355932 0.0371930 0.0371362 0.0342043 0.0363933 0.0371318 0.0364195 0.0355374 0.0363987 0.0324723 0.0332395 0.0332395 0.0347666 0.0355711 0.0340702 0.0364916 0.0341021 0.0348204 0.0340316 0.0355840 0.0355884 0.0355543 0.0340709 0.0348753 0.0332915 0.0348239 0.0332895 0.0340268 0.0324729 0.0341122 0.0309395 0.0340292 0.0340570 0.0325122 0.0332531 0.0332311 0.0336923 0.0332261 0.0318719 0.0324921 0.0309294 0.0309294 0.0303584 0.0301747 0.0301747 
AJ271764.1_Symbiodinium_sp.                                        0.0648348 0.0614113 0.0354219 0.0332477 0.0317073 0.0151228 0.0129091 0.0092753 0.0114415 0.0000000 0.0092978 0.0071299 0.0100081 0.0092810 0.0078401 0.0071160 0.0071160 0.0078648 0.0085496 0.0078502 0.0063988 0.0078422 0.0071259 0.0056873 0.0056894 0.0063960 0.0049739 0.0049770 0.0042592 0.0056794 0.0042528 0.0042528 0.0043054 0.0049683 0.0049646 0.0049646 0.0050451 0.0372221 0.0333553 0.0332661 0.0324983 0.0324983 0.0314977 0.0309655 0.0309752 0.0317404 0.0301785 0.0309460 0.0309460 0.0313428 0.0240893 0.0233038 0.0307929 0.0240116 0.0292993 0.0273598 0.0364010 0.0387324 0.0363557 0.0331631 0.0377401 0.0379048 0.0364263 0.0386724 0.0379883 0.0371085 0.0371515 0.0378288 0.0379616 0.0387508 0.0378989 0.0362440 0.0355658 0.0309522 0.0309211 0.0325052 0.0325052 0.0332655 0.0340342 0.0331959 0.0308906 0.0310175 0.0324533 0.0316972 0.0317731 0.0293719 0.0309366 0.0308900 0.0279786 0.0301541 0.0308864 0.0309305 0.0301004 0.0301584 0.0270576 0.0278132 0.0278132 0.0285684 0.0293538 0.0278708 0.0302346 0.0278963 0.0286119 0.0278393 0.0293641 0.0293678 0.0293400 0.0278710 0.0286564 0.0271063 0.0286146 0.0255861 0.0278356 0.0263105 0.0279044 0.0263012 0.0278374 0.0278597 0.0263422 0.0270756 0.0270578 0.0274300 0.0270541 0.0256891 0.0263261 0.0247953 0.0247953 0.0241963 0.0240514 0.0240514 
L13718.1_Symbiodinium_meandrinae                                   0.0678523 0.0618322 0.0348013 0.0342351 0.0326813 0.0158901 0.0136665 0.0100179 0.0121922 0.0092978 0.0000000 0.0078657 0.0107543 0.0100240 0.0085777 0.0078503 0.0078503 0.0014193 0.0035449 0.0028406 0.0028342 0.0028378 0.0078613 0.0064168 0.0064192 0.0071273 0.0057010 0.0057045 0.0049834 0.0064078 0.0049759 0.0049759 0.0050377 0.0056945 0.0056903 0.0056903 0.0057828 0.0398070 0.0358943 0.0357973 0.0350204 0.0350204 0.0340498 0.0327117 0.0342713 0.0342542 0.0334597 0.0334480 0.0334480 0.0338807 0.0265074 0.0272322 0.0332808 0.0264212 0.0317718 0.0298385 0.0421182 0.0444940 0.0420652 0.0387937 0.0434504 0.0436433 0.0421480 0.0444242 0.0437415 0.0428286 0.0428793 0.0435540 0.0437098 0.0445159 0.0428364 0.0419339 0.0412570 0.0365565 0.0365191 0.0381425 0.0381425 0.0389161 0.0396990 0.0388331 0.0364825 0.0366352 0.0380809 0.0373115 0.0374025 0.0349357 0.0365375 0.0364816 0.0335414 0.0341750 0.0364773 0.0342211 0.0348808 0.0357421 0.0302852 0.0295285 0.0295285 0.0341086 0.0349140 0.0334097 0.0358335 0.0334409 0.0341615 0.0333717 0.0349266 0.0349310 0.0348975 0.0334103 0.0342155 0.0326297 0.0341650 0.0310787 0.0333669 0.0318106 0.0334508 0.0317991 0.0333693 0.0333966 0.0318492 0.0325920 0.0325703 0.0330236 0.0325655 0.0312053 0.0318296 0.0302648 0.0302648 0.0296886 0.0295085 0.0295085 
KU188508.1_Symbiodinium_sp.                                        0.0685529 0.0625773 0.0356210 0.0334307 0.0318814 0.0136796 0.0114713 0.0078467 0.0100093 0.0071299 0.0078657 0.0000000 0.0085766 0.0078515 0.0064133 0.0056915 0.0056915 0.0064335 0.0071232 0.0064215 0.0049758 0.0064150 0.0056909 0.0042581 0.0042597 0.0049736 0.0035467 0.0035489 0.0028346 0.0042586 0.0028346 0.0028346 0.0028696 0.0035480 0.0035454 0.0035454 0.0036028 0.0389846 0.0350829 0.0349884 0.0342136 0.0342136 0.0332324 0.0327087 0.0334660 0.0334494 0.0326576 0.0326462 0.0326462 0.0330678 0.0242196 0.0249430 0.0309609 0.0241411 0.0294589 0.0275100 0.0389452 0.0413025 0.0388964 0.0364354 0.0410670 0.0412483 0.0397573 0.0420250 0.0413404 0.0404399 0.0404874 0.0411644 0.0413108 0.0421112 0.0412417 0.0395563 0.0388776 0.0342051 0.0341704 0.0357801 0.0357801 0.0365494 0.0373278 0.0364720 0.0341363 0.0342783 0.0357225 0.0349573 0.0350421 0.0325985 0.0341876 0.0341355 0.0312020 0.0333931 0.0341315 0.0334172 0.0325475 0.0333980 0.0294943 0.0302583 0.0302583 0.0317799 0.0325783 0.0310802 0.0334831 0.0311091 0.0318289 0.0310449 0.0325900 0.0325940 0.0325629 0.0310806 0.0318789 0.0303054 0.0318321 0.0287646 0.0310406 0.0294947 0.0311182 0.0294840 0.0310427 0.0310680 0.0295304 0.0302706 0.0302505 0.0306702 0.0302462 0.0288814 0.0295122 0.0279590 0.0279590 0.0273721 0.0272066 0.0272066 
AB055917.1_Symbiodinium_sp.                                        0.0719583 0.0617050 0.0355583 0.0357058 0.0341502 0.0107365 0.0085544 0.0107281 0.0071088 0.0100081 0.0107543 0.0085766 0.0000000 0.0049680 0.0035427 0.0028296 0.0028296 0.0093174 0.0099986 0.0093000 0.0078397 0.0092905 0.0085718 0.0071264 0.0071290 0.0064020 0.0064105 0.0064145 0.0056927 0.0056847 0.0056841 0.0056841 0.0057546 0.0049730 0.0049692 0.0049692 0.0043258 0.0412868 0.0373707 0.0372697 0.0364920 0.0364920 0.0347671 0.0342540 0.0357434 0.0357255 0.0349294 0.0349172 0.0349172 0.0353685 0.0272277 0.0279518 0.0324528 0.0271393 0.0309488 0.0290132 0.0412504 0.0436168 0.0411986 0.0379427 0.0425823 0.0403706 0.0388841 0.0411443 0.0404604 0.0395661 0.0411685 0.0418430 0.0419916 0.0436382 0.0419215 0.0410705 0.0403941 0.0357118 0.0356754 0.0357460 0.0357460 0.0372340 0.0364665 0.0379810 0.0356397 0.0357883 0.0372311 0.0364645 0.0365530 0.0340988 0.0356933 0.0356389 0.0327060 0.0348962 0.0356347 0.0349213 0.0340454 0.0349013 0.0309860 0.0317517 0.0317517 0.0332761 0.0340776 0.0325781 0.0349904 0.0326084 0.0333275 0.0325411 0.0340899 0.0340941 0.0340615 0.0325786 0.0333800 0.0318012 0.0333309 0.0317994 0.0325365 0.0309865 0.0326180 0.0309753 0.0325388 0.0325653 0.0310240 0.0317646 0.0317436 0.0321841 0.0317389 0.0303793 0.0310049 0.0294468 0.0294468 0.0288678 0.0286932 0.0286932 
AJ271757.1_Symbiodinium_sp.                                        0.0710764 0.0608563 0.0347831 0.0349164 0.0333642 0.0100075 0.0078312 0.0099997 0.0063894 0.0092810 0.0100240 0.0078515 0.0049680 0.0000000 0.0028304 0.0021194 0.0021194 0.0085892 0.0092722 0.0085732 0.0071176 0.0085645 0.0078471 0.0064052 0.0064076 0.0056831 0.0056907 0.0056942 0.0049745 0.0049675 0.0049670 0.0049670 0.0050285 0.0042569 0.0042537 0.0042537 0.0043226 0.0404835 0.0365755 0.0364768 0.0357008 0.0357008 0.0347427 0.0342297 0.0349531 0.0349357 0.0341417 0.0341298 0.0341298 0.0345704 0.0264571 0.0271806 0.0316741 0.0263713 0.0301726 0.0282320 0.0404479 0.0428094 0.0403972 0.0371506 0.0417816 0.0419660 0.0404764 0.0427426 0.0420598 0.0411572 0.0412056 0.0418807 0.0412480 0.0428303 0.0419593 0.0402718 0.0395949 0.0349222 0.0348867 0.0349556 0.0349556 0.0372670 0.0380454 0.0371880 0.0348519 0.0349969 0.0364390 0.0356739 0.0357604 0.0333142 0.0349043 0.0348511 0.0319208 0.0341093 0.0348470 0.0341338 0.0332621 0.0341143 0.0302089 0.0309729 0.0309729 0.0324944 0.0332935 0.0317962 0.0342012 0.0318257 0.0325445 0.0317601 0.0333054 0.0333096 0.0332778 0.0317966 0.0325956 0.0310211 0.0325478 0.0310193 0.0317557 0.0302093 0.0318351 0.0301984 0.0317579 0.0317837 0.0302458 0.0309855 0.0309650 0.0313943 0.0309605 0.0295995 0.0302272 0.0286732 0.0286732 0.0280906 0.0279209 0.0279209 
AB863030.1_Symbiodinium_sp.                                        0.0693737 0.0592129 0.0332127 0.0333733 0.0318267 0.0085636 0.0063967 0.0085570 0.0049613 0.0078401 0.0085777 0.0064133 0.0035427 0.0028304 0.0000000 0.0007046 0.0007046 0.0071458 0.0078327 0.0071325 0.0056846 0.0071252 0.0064097 0.0049736 0.0049754 0.0042553 0.0042609 0.0042636 0.0035473 0.0035423 0.0035420 0.0035420 0.0035858 0.0028332 0.0028311 0.0028311 0.0028769 0.0389173 0.0350225 0.0349282 0.0341548 0.0341548 0.0331744 0.0326512 0.0334085 0.0333919 0.0326016 0.0325902 0.0325902 0.0330103 0.0249449 0.0256677 0.0301498 0.0248641 0.0286522 0.0267004 0.0388832 0.0412366 0.0388345 0.0356040 0.0402210 0.0403980 0.0389104 0.0411723 0.0404879 0.0395929 0.0396392 0.0403162 0.0404591 0.0412565 0.0403917 0.0387142 0.0380358 0.0333791 0.0333452 0.0334109 0.0334109 0.0357151 0.0364909 0.0356397 0.0333121 0.0334501 0.0348920 0.0341293 0.0342117 0.0317794 0.0333620 0.0333113 0.0303839 0.0325707 0.0333074 0.0325941 0.0317298 0.0325754 0.0286866 0.0294481 0.0294481 0.0309648 0.0317597 0.0302658 0.0326583 0.0302937 0.0310124 0.0302314 0.0317710 0.0317750 0.0317447 0.0302661 0.0310610 0.0294936 0.0310154 0.0294920 0.0302272 0.0286869 0.0303026 0.0286766 0.0302293 0.0302538 0.0287216 0.0294599 0.0294404 0.0298480 0.0294362 0.0280716 0.0287039 0.0271567 0.0271567 0.0265668 0.0264066 0.0264066 
AB016579.1_Symbiodinium_sp.                                        0.0684602 0.0583405 0.0324017 0.0325762 0.0310339 0.0078373 0.0056769 0.0078313 0.0042458 0.0071160 0.0078503 0.0056915 0.0028296 0.0021194 0.0007046 0.0000000 0.0000010 0.0064209 0.0071092 0.0064090 0.0049661 0.0064025 0.0056884 0.0042562 0.0042578 0.0035404 0.0035451 0.0035473 0.0028333 0.0028293 0.0028290 0.0028290 0.0028640 0.0021215 0.0021199 0.0021199 0.0021542 0.0381034 0.0342188 0.0341270 0.0333556 0.0333556 0.0323645 0.0318365 0.0326106 0.0325944 0.0318066 0.0317956 0.0317956 0.0322048 0.0241707 0.0248926 0.0293651 0.0240925 0.0278707 0.0259148 0.0380701 0.0404173 0.0380225 0.0348032 0.0394089 0.0395820 0.0380967 0.0403544 0.0396698 0.0387794 0.0388247 0.0395020 0.0396417 0.0404367 0.0395758 0.0379050 0.0372264 0.0325819 0.0325489 0.0326129 0.0326129 0.0349114 0.0356852 0.0348379 0.0325166 0.0326511 0.0340916 0.0333307 0.0334110 0.0309879 0.0325653 0.0325160 0.0295926 0.0317766 0.0325121 0.0317994 0.0309397 0.0317812 0.0279041 0.0286636 0.0286636 0.0301766 0.0309688 0.0294778 0.0318618 0.0295049 0.0302229 0.0294443 0.0309797 0.0309837 0.0309542 0.0294780 0.0302701 0.0287078 0.0302258 0.0287062 0.0294403 0.0279044 0.0295135 0.0278944 0.0294423 0.0294661 0.0279381 0.0286751 0.0286561 0.0290522 0.0286521 0.0272868 0.0279209 0.0263784 0.0263784 0.0257853 0.0256301 0.0256301 
AB016572.1_Symbiodinium_sp.                                        0.0684602 0.0583405 0.0324017 0.0325762 0.0310339 0.0078373 0.0056769 0.0078313 0.0042458 0.0071160 0.0078503 0.0056915 0.0028296 0.0021194 0.0007046 0.0000010 0.0000000 0.0064209 0.0071092 0.0064090 0.0049661 0.0064025 0.0056884 0.0042562 0.0042578 0.0035404 0.0035451 0.0035473 0.0028333 0.0028293 0.0028290 0.0028290 0.0028640 0.0021215 0.0021199 0.0021199 0.0021542 0.0381034 0.0342188 0.0341270 0.0333556 0.0333556 0.0323645 0.0318365 0.0326106 0.0325944 0.0318066 0.0317956 0.0317956 0.0322048 0.0241707 0.0248926 0.0293651 0.0240925 0.0278707 0.0259148 0.0380701 0.0404173 0.0380225 0.0348032 0.0394089 0.0395820 0.0380967 0.0403544 0.0396698 0.0387794 0.0388247 0.0395020 0.0396417 0.0404367 0.0395758 0.0379050 0.0372264 0.0325819 0.0325489 0.0326129 0.0326129 0.0349114 0.0356852 0.0348379 0.0325166 0.0326511 0.0340916 0.0333307 0.0334110 0.0309879 0.0325653 0.0325160 0.0295926 0.0317766 0.0325121 0.0317994 0.0309397 0.0317812 0.0279041 0.0286636 0.0286636 0.0301766 0.0309688 0.0294778 0.0318618 0.0295049 0.0302229 0.0294443 0.0309797 0.0309837 0.0309542 0.0294780 0.0302701 0.0287078 0.0302258 0.0287062 0.0294403 0.0279044 0.0295135 0.0278944 0.0294423 0.0294661 0.0279381 0.0286751 0.0286561 0.0290522 0.0286521 0.0272868 0.0279209 0.0263784 0.0263784 0.0257853 0.0256301 0.0256301 
L13717.1_Symbiodinium_corculorum                                   0.0662424 0.0602593 0.0332745 0.0327333 0.0311832 0.0144402 0.0122236 0.0085839 0.0107543 0.0078648 0.0014193 0.0064335 0.0093174 0.0085892 0.0071458 0.0064209 0.0064209 0.0000000 0.0021263 0.0014199 0.0014166 0.0014184 0.0064299 0.0049892 0.0049911 0.0057000 0.0042743 0.0042770 0.0035584 0.0049822 0.0035531 0.0035531 0.0035972 0.0042695 0.0042663 0.0042663 0.0043356 0.0375152 0.0343846 0.0342919 0.0335166 0.0335166 0.0325232 0.0311776 0.0327680 0.0327517 0.0319598 0.0319487 0.0319487 0.0323619 0.0250252 0.0257503 0.0317892 0.0249438 0.0302822 0.0283355 0.0405972 0.0429677 0.0405461 0.0372866 0.0419350 0.0421209 0.0406258 0.0429004 0.0422154 0.0413089 0.0413576 0.0420349 0.0421849 0.0429888 0.0413164 0.0404197 0.0397406 0.0350502 0.0350144 0.0366317 0.0366317 0.0374039 0.0381852 0.0373244 0.0349794 0.0351254 0.0365726 0.0358046 0.0358918 0.0334358 0.0350321 0.0349786 0.0320377 0.0326761 0.0349744 0.0327202 0.0333833 0.0342390 0.0287967 0.0280412 0.0280412 0.0326128 0.0334150 0.0319122 0.0343266 0.0319419 0.0326632 0.0318759 0.0334270 0.0334312 0.0333991 0.0319126 0.0327148 0.0311342 0.0326665 0.0295871 0.0318714 0.0303191 0.0319514 0.0303081 0.0318736 0.0318996 0.0303559 0.0310983 0.0310776 0.0315100 0.0310731 0.0297076 0.0303372 0.0287772 0.0287772 0.0281931 0.0280222 0.0280222 
AB055918.1_Symbiodinium_sp.                                        0.0667656 0.0607953 0.0339027 0.0333534 0.0318079 0.0151081 0.0128966 0.0092665 0.0114307 0.0085496 0.0035449 0.0071232 0.0099986 0.0092722 0.0078327 0.0071092 0.0071092 0.0021263 0.0000000 0.0021223 0.0021176 0.0021202 0.0071192 0.0056820 0.0056841 0.0063900 0.0049692 0.0049723 0.0042552 0.0056740 0.0042488 0.0042488 0.0043013 0.0049636 0.0049599 0.0049599 0.0050402 0.0388937 0.0350015 0.0349074 0.0341345 0.0341345 0.0331544 0.0318172 0.0333886 0.0333720 0.0325822 0.0325709 0.0325709 0.0329905 0.0256671 0.0263893 0.0324088 0.0255840 0.0309069 0.0289734 0.0411939 0.0435570 0.0411423 0.0378910 0.0425243 0.0427121 0.0412229 0.0434890 0.0428076 0.0419023 0.0419516 0.0426252 0.0427768 0.0435783 0.0427052 0.0410145 0.0403389 0.0356630 0.0356268 0.0372402 0.0372402 0.0380098 0.0387887 0.0379292 0.0355912 0.0357394 0.0371803 0.0364148 0.0365031 0.0340524 0.0356447 0.0355904 0.0326614 0.0348487 0.0355862 0.0333400 0.0339991 0.0348537 0.0294267 0.0286736 0.0286736 0.0332309 0.0340313 0.0325338 0.0349426 0.0325640 0.0332822 0.0324969 0.0340435 0.0340478 0.0340152 0.0325343 0.0333345 0.0317580 0.0332855 0.0302153 0.0324923 0.0309444 0.0325736 0.0309332 0.0324946 0.0325210 0.0309819 0.0317215 0.0317005 0.0321399 0.0316959 0.0295798 0.0309628 0.0294069 0.0294069 0.0288284 0.0286543 0.0286543 
X62650.1_S.pilosum                                                 0.0661110 0.0601419 0.0332102 0.0326711 0.0311240 0.0144134 0.0122009 0.0085680 0.0107342 0.0078502 0.0028406 0.0064215 0.0093000 0.0085732 0.0071325 0.0064090 0.0064090 0.0014199 0.0021223 0.0000000 0.0014140 0.0014158 0.0064180 0.0049800 0.0049818 0.0056894 0.0042664 0.0042691 0.0035519 0.0049730 0.0035465 0.0035465 0.0035904 0.0042616 0.0042584 0.0042584 0.0043275 0.0382158 0.0343190 0.0342266 0.0334529 0.0334529 0.0324603 0.0311169 0.0327056 0.0326894 0.0318991 0.0318880 0.0318880 0.0322996 0.0249779 0.0257017 0.0317291 0.0248969 0.0302250 0.0282814 0.0405194 0.0428854 0.0404686 0.0372157 0.0418552 0.0420403 0.0405480 0.0428183 0.0421344 0.0412299 0.0412784 0.0419546 0.0421041 0.0429063 0.0420335 0.0403427 0.0396647 0.0349834 0.0349478 0.0365619 0.0365619 0.0373325 0.0381124 0.0372533 0.0349129 0.0350584 0.0365030 0.0357365 0.0358233 0.0333723 0.0349654 0.0349121 0.0319767 0.0341690 0.0349079 0.0326580 0.0333200 0.0341739 0.0287423 0.0279882 0.0279882 0.0325510 0.0333516 0.0318516 0.0342612 0.0318813 0.0326013 0.0318154 0.0333636 0.0333677 0.0333358 0.0318521 0.0326526 0.0310751 0.0326045 0.0295311 0.0318110 0.0302618 0.0318907 0.0302508 0.0318132 0.0318391 0.0302984 0.0310394 0.0310188 0.0314496 0.0310143 0.0296512 0.0302798 0.0287229 0.0287229 0.0281396 0.0279693 0.0279693 
AB016723.1_Symbiodinium_sp.                                        0.0659394 0.0599895 0.0331287 0.0310640 0.0295261 0.0129226 0.0107240 0.0071132 0.0092681 0.0063988 0.0028342 0.0049758 0.0078397 0.0071176 0.0056846 0.0049661 0.0049661 0.0014166 0.0021176 0.0014140 0.0000000 0.0014126 0.0049731 0.0035438 0.0035451 0.0042511 0.0028336 0.0028354 0.0021231 0.0035389 0.0021199 0.0021199 0.0021461 0.0028305 0.0028283 0.0028283 0.0028740 0.0381225 0.0342357 0.0341438 0.0333720 0.0333720 0.0323807 0.0310403 0.0326266 0.0326105 0.0318222 0.0318112 0.0318112 0.0322208 0.0234177 0.0241393 0.0301361 0.0233421 0.0286392 0.0266882 0.0388652 0.0412174 0.0388166 0.0355877 0.0402025 0.0403793 0.0388924 0.0411532 0.0404692 0.0395745 0.0396209 0.0402976 0.0404403 0.0412374 0.0403730 0.0386964 0.0380182 0.0333637 0.0333299 0.0349321 0.0349321 0.0356986 0.0364741 0.0356233 0.0332968 0.0334348 0.0348760 0.0341136 0.0341960 0.0317649 0.0333467 0.0332961 0.0303700 0.0325558 0.0332922 0.0310519 0.0317154 0.0325605 0.0271626 0.0279213 0.0279213 0.0309507 0.0317452 0.0302519 0.0326433 0.0302799 0.0309982 0.0302176 0.0317565 0.0317605 0.0317302 0.0302523 0.0310468 0.0294802 0.0310013 0.0279456 0.0302135 0.0286738 0.0302888 0.0286635 0.0302155 0.0302400 0.0287085 0.0294465 0.0294270 0.0298342 0.0294229 0.0280588 0.0286909 0.0271443 0.0271443 0.0265547 0.0263946 0.0263946 
AB016724.1_Symbiodinium_sp.                                        0.0660383 0.0600770 0.0331747 0.0326367 0.0310913 0.0143986 0.0121884 0.0085593 0.0107233 0.0078422 0.0028378 0.0064150 0.0092905 0.0085645 0.0071252 0.0064025 0.0064025 0.0014184 0.0021202 0.0014158 0.0014126 0.0000000 0.0064114 0.0049749 0.0049768 0.0056837 0.0042621 0.0042647 0.0035483 0.0049680 0.0035429 0.0035429 0.0035867 0.0042573 0.0042541 0.0042541 0.0043230 0.0381753 0.0342828 0.0341906 0.0334177 0.0334177 0.0324256 0.0310835 0.0326712 0.0326550 0.0318656 0.0318545 0.0318545 0.0322653 0.0249519 0.0256749 0.0316960 0.0248710 0.0301934 0.0282516 0.0404765 0.0428399 0.0404258 0.0371766 0.0418110 0.0419958 0.0405050 0.0427729 0.0420897 0.0411863 0.0412347 0.0419103 0.0420594 0.0428608 0.0419891 0.0403002 0.0396228 0.0349466 0.0349111 0.0365233 0.0365233 0.0372932 0.0380721 0.0372141 0.0348762 0.0350214 0.0364645 0.0356989 0.0357855 0.0333373 0.0349286 0.0348754 0.0319430 0.0341331 0.0348713 0.0326237 0.0332851 0.0341380 0.0287122 0.0279589 0.0279589 0.0325169 0.0333166 0.0318182 0.0342251 0.0318478 0.0325671 0.0317821 0.0333286 0.0333327 0.0333009 0.0318187 0.0326183 0.0310426 0.0325703 0.0295002 0.0317777 0.0302301 0.0318572 0.0302192 0.0317799 0.0318057 0.0302667 0.0310069 0.0309864 0.0314162 0.0309819 0.0296200 0.0302481 0.0286929 0.0286929 0.0281100 0.0279401 0.0279401 
KU188515.1_Symbiodinium_sp.                                        0.0685071 0.0625366 0.0355990 0.0334105 0.0318622 0.0136718 0.0114649 0.0078423 0.0100037 0.0071259 0.0078613 0.0056909 0.0085718 0.0078471 0.0064097 0.0056884 0.0056884 0.0064299 0.0071192 0.0064180 0.0049731 0.0064114 0.0000000 0.0042558 0.0042574 0.0049709 0.0035447 0.0035469 0.0028330 0.0042563 0.0028330 0.0028330 0.0028680 0.0035461 0.0035434 0.0035434 0.0028781 0.0389607 0.0350616 0.0349671 0.0341929 0.0341929 0.0324280 0.0318994 0.0334458 0.0334291 0.0326379 0.0326265 0.0326265 0.0330476 0.0242053 0.0249283 0.0309424 0.0241269 0.0294413 0.0274935 0.0397049 0.0420648 0.0396552 0.0364132 0.0410418 0.0412229 0.0397328 0.0419990 0.0413149 0.0404150 0.0404625 0.0411391 0.0412853 0.0420852 0.0412163 0.0395321 0.0388538 0.0341844 0.0341497 0.0357583 0.0357583 0.0365272 0.0373051 0.0364498 0.0341156 0.0342574 0.0357008 0.0349361 0.0350208 0.0325789 0.0341669 0.0341149 0.0311832 0.0333729 0.0341108 0.0333970 0.0325280 0.0333778 0.0294767 0.0302403 0.0302403 0.0317608 0.0325587 0.0310616 0.0334628 0.0310904 0.0318098 0.0310263 0.0325703 0.0325744 0.0325433 0.0310620 0.0318597 0.0302872 0.0318129 0.0287474 0.0310220 0.0294771 0.0310995 0.0294664 0.0310241 0.0310493 0.0295128 0.0302525 0.0302324 0.0306516 0.0302281 0.0288641 0.0294946 0.0279424 0.0279424 0.0273557 0.0271904 0.0271904 
KU188511.1_Symbiodinium_sp.                                        0.0667585 0.0608380 0.0339984 0.0318468 0.0303054 0.0122033 0.0100081 0.0064013 0.0085544 0.0056873 0.0064168 0.0042581 0.0071264 0.0064052 0.0049736 0.0042562 0.0042562 0.0049892 0.0056820 0.0049800 0.0035438 0.0049749 0.0042558 0.0000000 0.0028316 0.0035422 0.0021218 0.0021231 0.0014132 0.0028308 0.0014132 0.0014132 0.0014306 0.0021226 0.0021210 0.0021210 0.0021552 0.0373693 0.0334865 0.0333967 0.0326257 0.0326257 0.0316231 0.0310896 0.0318805 0.0318647 0.0310777 0.0310670 0.0310670 0.0314670 0.0226830 0.0234048 0.0293971 0.0226097 0.0279010 0.0259434 0.0381120 0.0404617 0.0380643 0.0348412 0.0394520 0.0396254 0.0381386 0.0403987 0.0397135 0.0388219 0.0388673 0.0395453 0.0396853 0.0404813 0.0396192 0.0379465 0.0372672 0.0326176 0.0325845 0.0341838 0.0341838 0.0349497 0.0357244 0.0348760 0.0325522 0.0326869 0.0341289 0.0333672 0.0326844 0.0310218 0.0326009 0.0325515 0.0296250 0.0318113 0.0325477 0.0318342 0.0309735 0.0318159 0.0279346 0.0286949 0.0286949 0.0302095 0.0310026 0.0295100 0.0318968 0.0295372 0.0302559 0.0294765 0.0310136 0.0310175 0.0309879 0.0295103 0.0303033 0.0287392 0.0302588 0.0272065 0.0294725 0.0279348 0.0295458 0.0279248 0.0294744 0.0294983 0.0279686 0.0287063 0.0286874 0.0290843 0.0286834 0.0273166 0.0279514 0.0264072 0.0264072 0.0258135 0.0256580 0.0256580 
KU188514.1_Symbiodinium_sp.                                        0.0667894 0.0608654 0.0340128 0.0318599 0.0303178 0.0122080 0.0100119 0.0064037 0.0085576 0.0056894 0.0064192 0.0042597 0.0071290 0.0064076 0.0049754 0.0042578 0.0042578 0.0049911 0.0056841 0.0049818 0.0035451 0.0049768 0.0042574 0.0028316 0.0000000 0.0035436 0.0021226 0.0021239 0.0014137 0.0028319 0.0014137 0.0014137 0.0014311 0.0021234 0.0021218 0.0021218 0.0021552 0.0373850 0.0335004 0.0334105 0.0326392 0.0326392 0.0316363 0.0311027 0.0318937 0.0318779 0.0310905 0.0310797 0.0310797 0.0314801 0.0226921 0.0234142 0.0294090 0.0226187 0.0279123 0.0259539 0.0381280 0.0404789 0.0380803 0.0348556 0.0394686 0.0396421 0.0381547 0.0404158 0.0397303 0.0388383 0.0388837 0.0395620 0.0397020 0.0404984 0.0396359 0.0379624 0.0372828 0.0326311 0.0325980 0.0341980 0.0341980 0.0349642 0.0357393 0.0348905 0.0325656 0.0327005 0.0341430 0.0333810 0.0334616 0.0310345 0.0326144 0.0325649 0.0296372 0.0318244 0.0325611 0.0318473 0.0309862 0.0318290 0.0279459 0.0287066 0.0287066 0.0302219 0.0310153 0.0295220 0.0319099 0.0295493 0.0302683 0.0294885 0.0310263 0.0310302 0.0310006 0.0295223 0.0303157 0.0287509 0.0302712 0.0272176 0.0294845 0.0279461 0.0295579 0.0279361 0.0294865 0.0295103 0.0279799 0.0287180 0.0286991 0.0290963 0.0286950 0.0273278 0.0279627 0.0264178 0.0264178 0.0258240 0.0256683 0.0256683 
AF238256.1_Symbiodinium_sp._Type_A                                 0.0675790 0.0599607 0.0331816 0.0325771 0.0310347 0.0114645 0.0092763 0.0071101 0.0078272 0.0063960 0.0071273 0.0049736 0.0064020 0.0056831 0.0042553 0.0035404 0.0035404 0.0057000 0.0063900 0.0056894 0.0042511 0.0056837 0.0049709 0.0035422 0.0035436 0.0000000 0.0028324 0.0028341 0.0021222 0.0021192 0.0021190 0.0021190 0.0021452 0.0014125 0.0014114 0.0014114 0.0014340 0.0381047 0.0342198 0.0341280 0.0333566 0.0333566 0.0323655 0.0318375 0.0326115 0.0325954 0.0318075 0.0317965 0.0317965 0.0322057 0.0234070 0.0241283 0.0301223 0.0233314 0.0286260 0.0266758 0.0388470 0.0411981 0.0387985 0.0355712 0.0401838 0.0403604 0.0388742 0.0411340 0.0404502 0.0395561 0.0396024 0.0402788 0.0404214 0.0412181 0.0403541 0.0386784 0.0380005 0.0333483 0.0333145 0.0349159 0.0349159 0.0356820 0.0364571 0.0356068 0.0332814 0.0334192 0.0348598 0.0340978 0.0341801 0.0317502 0.0333313 0.0332807 0.0303560 0.0325407 0.0332768 0.0325641 0.0317008 0.0325454 0.0286604 0.0294211 0.0294211 0.0309364 0.0317306 0.0302380 0.0326281 0.0302659 0.0309839 0.0302037 0.0317419 0.0317459 0.0317156 0.0302383 0.0310324 0.0294666 0.0309870 0.0279328 0.0301996 0.0286607 0.0302748 0.0286504 0.0302016 0.0302260 0.0286953 0.0294329 0.0294135 0.0298203 0.0294093 0.0280458 0.0286777 0.0271319 0.0271319 0.0265424 0.0263825 0.0263825 
KU188513.1_Symbiodinium_sp.                                        0.0659440 0.0600417 0.0332269 0.0310914 0.0295521 0.0114798 0.0092887 0.0056872 0.0078376 0.0049739 0.0057010 0.0035467 0.0064105 0.0056907 0.0042609 0.0035451 0.0035451 0.0042743 0.0049692 0.0042664 0.0028336 0.0042621 0.0035447 0.0021218 0.0021226 0.0028324 0.0000000 0.0014147 0.0007056 0.0021221 0.0007056 0.0007056 0.0007149 0.0014144 0.0014133 0.0014133 0.0014361 0.0366048 0.0327269 0.0326392 0.0318692 0.0318692 0.0308553 0.0303166 0.0311243 0.0311090 0.0303234 0.0303129 0.0303129 0.0307031 0.0219407 0.0226625 0.0286486 0.0218698 0.0271539 0.0251900 0.0373473 0.0396941 0.0373006 0.0340840 0.0386899 0.0388598 0.0373734 0.0396323 0.0389460 0.0380578 0.0381022 0.0387814 0.0389184 0.0397132 0.0388538 0.0371853 0.0365049 0.0318612 0.0318290 0.0334249 0.0334249 0.0341900 0.0349637 0.0341180 0.0317974 0.0319288 0.0333712 0.0326104 0.0326890 0.0302689 0.0318450 0.0317967 0.0288706 0.0310568 0.0317930 0.0310792 0.0302218 0.0310613 0.0271865 0.0279459 0.0279459 0.0294588 0.0302502 0.0287586 0.0311402 0.0287851 0.0295040 0.0287259 0.0302609 0.0302647 0.0302359 0.0287588 0.0295501 0.0279889 0.0295068 0.0264586 0.0287220 0.0271867 0.0287935 0.0271770 0.0287240 0.0287471 0.0272196 0.0279570 0.0279385 0.0283250 0.0279347 0.0265656 0.0272029 0.0256614 0.0256614 0.0250639 0.0249129 0.0249129 
KU188510.1_Symbiodinium_sp.                                        0.0659929 0.0600850 0.0332498 0.0311123 0.0295719 0.0114871 0.0092945 0.0056907 0.0078425 0.0049770 0.0057045 0.0035489 0.0064145 0.0056942 0.0042636 0.0035473 0.0035473 0.0042770 0.0049723 0.0042691 0.0028354 0.0042647 0.0035469 0.0021231 0.0021239 0.0028341 0.0014147 0.0000000 0.0007067 0.0021234 0.0007067 0.0007067 0.0007154 0.0014153 0.0014142 0.0014142 0.0014361 0.0366298 0.0327490 0.0326612 0.0318906 0.0318906 0.0308764 0.0303375 0.0311453 0.0311299 0.0303438 0.0303332 0.0303332 0.0307240 0.0219551 0.0226774 0.0286677 0.0218842 0.0271719 0.0252068 0.0373728 0.0397214 0.0373260 0.0341070 0.0387163 0.0388864 0.0373989 0.0396594 0.0389728 0.0380838 0.0381282 0.0388079 0.0389451 0.0397405 0.0388804 0.0372106 0.0365298 0.0318827 0.0318504 0.0334475 0.0334475 0.0342131 0.0349874 0.0341410 0.0318188 0.0319504 0.0333938 0.0326324 0.0327111 0.0302892 0.0318664 0.0318181 0.0288899 0.0310777 0.0318143 0.0311001 0.0302420 0.0310822 0.0272046 0.0279645 0.0279645 0.0294785 0.0302704 0.0287778 0.0311612 0.0288043 0.0295237 0.0287451 0.0302811 0.0302850 0.0302561 0.0287780 0.0295699 0.0280076 0.0295266 0.0264761 0.0287412 0.0272048 0.0288127 0.0271950 0.0287431 0.0287663 0.0272377 0.0279756 0.0279571 0.0283441 0.0279532 0.0265833 0.0272210 0.0256783 0.0256783 0.0250806 0.0249294 0.0249294 
KU188509.1_Symbiodinium_sp.                                        0.0650877 0.0592097 0.0324378 0.0303200 0.0287838 0.0107507 0.0085657 0.0049714 0.0071181 0.0042592 0.0049834 0.0028346 0.0056927 0.0049745 0.0035473 0.0028333 0.0028333 0.0035584 0.0042552 0.0035519 0.0021231 0.0035483 0.0028330 0.0014132 0.0014137 0.0021222 0.0007056 0.0007067 0.0000000 0.0014133 0.0000010 0.0000010 0.0000010 0.0007060 0.0007056 0.0007056 0.0007177 0.0358209 0.0319502 0.0318647 0.0310962 0.0310962 0.0300714 0.0295278 0.0303522 0.0303372 0.0295536 0.0295434 0.0295434 0.0299233 0.0211879 0.0219092 0.0278858 0.0211195 0.0263932 0.0244241 0.0365627 0.0389050 0.0365170 0.0333091 0.0379071 0.0380733 0.0365882 0.0388444 0.0381576 0.0372732 0.0373166 0.0379966 0.0381306 0.0389236 0.0380674 0.0364043 0.0357233 0.0310884 0.0310570 0.0326486 0.0326486 0.0334123 0.0341847 0.0333421 0.0310262 0.0311542 0.0325962 0.0318366 0.0319132 0.0295005 0.0310726 0.0310256 0.0281015 0.0302864 0.0310219 0.0303083 0.0294547 0.0302908 0.0264250 0.0271829 0.0271829 0.0286931 0.0294823 0.0279927 0.0303676 0.0280184 0.0287370 0.0279609 0.0294927 0.0294964 0.0294684 0.0279928 0.0287819 0.0272246 0.0287398 0.0256975 0.0279571 0.0264251 0.0280265 0.0264156 0.0279590 0.0279815 0.0264570 0.0271936 0.0271757 0.0275512 0.0271719 0.0258014 0.0264408 0.0249029 0.0249029 0.0243019 0.0241557 0.0241557 
