130
GU362426_Gymnodinium_catenatum                                     0.0000000 0.0454923 0.0659869 0.0707126 0.0689958 0.0775289 0.0756595 0.0695307 0.0738257 0.0650393 0.0680876 0.0687853 0.0722063 0.0713218 0.0696090 0.0686903 0.0686903 0.0664639 0.0669868 0.0663358 0.0661568 0.0662622 0.0687403 0.0669794 0.0670115 0.0678062 0.0661619 0.0662108 0.0653017 0.0669373 0.0652486 0.0652486 0.0661377 0.0661303 0.0660765 0.0660765 0.0655068 0.0737043 0.0675826 0.0673837 0.0665381 0.0665381 0.0660231 0.0666950 0.0666935 0.0657142 0.0657633 0.0666197 0.0666197 0.0675245 0.0631416 0.0629742 0.0679621 0.0637367 0.0663410 0.0646379 0.0744435 0.0770315 0.0743354 0.0697019 0.0696351 0.0752112 0.0734181 0.0769074 0.0762539 0.0751488 0.0743960 0.0732845 0.0735782 0.0770895 0.0743499 0.0740872 0.0716892 0.0699012 0.0698227 0.0699261 0.0699261 0.0726051 0.0709086 0.0706840 0.0698288 0.0710070 0.0682346 0.0707818 0.0709830 0.0637209 0.0699525 0.0698214 0.0667263 0.0690486 0.0681410 0.0658572 0.0671841 0.0681655 0.0605337 0.0597201 0.0597201 0.0671770 0.0680902 0.0664854 0.0692451 0.0665618 0.0681342 0.0664148 0.0681266 0.0681287 0.0680569 0.0673522 0.0665829 0.0656345 0.0673075 0.0613816 0.0664024 0.0663412 0.0665848 0.0646498 0.0639024 0.0664693 0.0621111 0.0655442 0.0655009 0.0664614 0.0654844 0.0641937 0.0647228 0.0629730 0.0629730 0.0634055 0.0638087 0.0638087 
EF492511                                                           0.0454923 0.0000000 0.0451161 0.0639439 0.0622743 0.0678260 0.0651894 0.0634251 0.0634361 0.0615687 0.0619992 0.0627420 0.0618629 0.0610122 0.0593612 0.0584850 0.0584850 0.0604149 0.0609506 0.0603006 0.0601419 0.0602350 0.0627022 0.0609936 0.0610219 0.0601146 0.0601950 0.0602382 0.0593590 0.0592746 0.0592642 0.0592642 0.0600551 0.0584883 0.0584416 0.0584416 0.0577320 0.0666625 0.0607328 0.0605592 0.0581191 0.0581191 0.0574466 0.0580174 0.0615467 0.0589368 0.0606463 0.0598090 0.0598090 0.0606041 0.0532425 0.0521735 0.0538268 0.0514157 0.0522640 0.0504770 0.0682197 0.0707354 0.0681229 0.0620789 0.0628818 0.0656749 0.0655917 0.0689679 0.0683133 0.0672677 0.0656530 0.0654766 0.0657309 0.0691267 0.0664873 0.0662585 0.0655576 0.0639405 0.0638704 0.0648209 0.0648209 0.0647986 0.0647913 0.0629589 0.0637602 0.0632771 0.0622236 0.0630442 0.0623909 0.0587308 0.0622377 0.0613023 0.0591332 0.0613671 0.0621193 0.0582534 0.0579228 0.0605145 0.0531244 0.0523333 0.0523333 0.0595727 0.0604508 0.0588862 0.0615372 0.0589516 0.0604886 0.0588244 0.0604817 0.0604838 0.0596033 0.0588942 0.0589691 0.0580612 0.0588667 0.0554531 0.0588144 0.0587614 0.0589704 0.0571225 0.0579989 0.0588713 0.0546888 0.0579838 0.0563364 0.0571437 0.0579328 0.0566393 0.0571856 0.0554968 0.0554968 0.0558690 0.0563075 0.0563075 
JF791031                                                           0.0659869 0.0451161 0.0000000 0.0418213 0.0402167 0.0404392 0.0388100 0.0379845 0.0371713 0.0354744 0.0348559 0.0356753 0.0356104 0.0348342 0.0332596 0.0324467 0.0324467 0.0333229 0.0339514 0.0332604 0.0331758 0.0332246 0.0356539 0.0340479 0.0340627 0.0332300 0.0332750 0.0332977 0.0324838 0.0324371 0.0324322 0.0324322 0.0328585 0.0316739 0.0316488 0.0316488 0.0313910 0.0442744 0.0402715 0.0401599 0.0393662 0.0393662 0.0392577 0.0379397 0.0393959 0.0385847 0.0385566 0.0377569 0.0377569 0.0382532 0.0322316 0.0337100 0.0375560 0.0336589 0.0360202 0.0340945 0.0449665 0.0473806 0.0449034 0.0407900 0.0431507 0.0440989 0.0449771 0.0472801 0.0465948 0.0456545 0.0457073 0.0455692 0.0457403 0.0474041 0.0464801 0.0456007 0.0449206 0.0409315 0.0408881 0.0417714 0.0417714 0.0392691 0.0424713 0.0408635 0.0400397 0.0402477 0.0416735 0.0408906 0.0394201 0.0384653 0.0401079 0.0376779 0.0362667 0.0392449 0.0384434 0.0378005 0.0376181 0.0392898 0.0329388 0.0321699 0.0321699 0.0376133 0.0384375 0.0361318 0.0393925 0.0369466 0.0368954 0.0368683 0.0384556 0.0384576 0.0360803 0.0369109 0.0369576 0.0376782 0.0361180 0.0368869 0.0352959 0.0337122 0.0369578 0.0352576 0.0368630 0.0368966 0.0337385 0.0360693 0.0360463 0.0357123 0.0360392 0.0346747 0.0352959 0.0336948 0.0336948 0.0339166 0.0329253 0.0329253 
AY160124.1_Symbiodinium_sp._G15                                    0.0707126 0.0639439 0.0418213 0.0000000 0.0014078 0.0397307 0.0388714 0.0357413 0.0372614 0.0332951 0.0342885 0.0334797 0.0357559 0.0349654 0.0334182 0.0326193 0.0326193 0.0327807 0.0334011 0.0327202 0.0311068 0.0326855 0.0334601 0.0318913 0.0319049 0.0326240 0.0311346 0.0311554 0.0303613 0.0318463 0.0303140 0.0303140 0.0307046 0.0310971 0.0310729 0.0310729 0.0300247 0.0402887 0.0363933 0.0362952 0.0355226 0.0355226 0.0345614 0.0348946 0.0355486 0.0347609 0.0347361 0.0339587 0.0339587 0.0343953 0.0309284 0.0339141 0.0361594 0.0315790 0.0346516 0.0327470 0.0434634 0.0458333 0.0434035 0.0409019 0.0439987 0.0457634 0.0450575 0.0465462 0.0458702 0.0449473 0.0434029 0.0456644 0.0458334 0.0457545 0.0457592 0.0440457 0.0433749 0.0402432 0.0402014 0.0402015 0.0402015 0.0418190 0.0410397 0.0409469 0.0378228 0.0403415 0.0401920 0.0394239 0.0395271 0.0331963 0.0386559 0.0385884 0.0356588 0.0386334 0.0385854 0.0356256 0.0354543 0.0378543 0.0308725 0.0316359 0.0316359 0.0362135 0.0370207 0.0355186 0.0379516 0.0370929 0.0370424 0.0354812 0.0370377 0.0370396 0.0362374 0.0355214 0.0363319 0.0347413 0.0362774 0.0355059 0.0354765 0.0339173 0.0355657 0.0339027 0.0354762 0.0355079 0.0331821 0.0346979 0.0346762 0.0351594 0.0346696 0.0333236 0.0339389 0.0323697 0.0323697 0.0318025 0.0316144 0.0316144 
HE653239_Symbiodinium_voratum                                      0.0689958 0.0622743 0.0402167 0.0014078 0.0000000 0.0381526 0.0372998 0.0341819 0.0356978 0.0317506 0.0327303 0.0319262 0.0341960 0.0334090 0.0318676 0.0310730 0.0310730 0.0312264 0.0318514 0.0311688 0.0295649 0.0311359 0.0319075 0.0303459 0.0303587 0.0310775 0.0295914 0.0296111 0.0288212 0.0303031 0.0287764 0.0287764 0.0291466 0.0295559 0.0295329 0.0295329 0.0284644 0.0387175 0.0348368 0.0347432 0.0339735 0.0339735 0.0329907 0.0333082 0.0339983 0.0332143 0.0331907 0.0324165 0.0324165 0.0328325 0.0293961 0.0323742 0.0346136 0.0300496 0.0331101 0.0311948 0.0418791 0.0442401 0.0418215 0.0393348 0.0424212 0.0441727 0.0434667 0.0449529 0.0442755 0.0433607 0.0418209 0.0440776 0.0442402 0.0441641 0.0441688 0.0424663 0.0417942 0.0386738 0.0386337 0.0386339 0.0386339 0.0402432 0.0394669 0.0393778 0.0362659 0.0387678 0.0386247 0.0378593 0.0379580 0.0316568 0.0370936 0.0370290 0.0341033 0.0370721 0.0370262 0.0340717 0.0339084 0.0362960 0.0293430 0.0301035 0.0301035 0.0346652 0.0354680 0.0339697 0.0363891 0.0355370 0.0354887 0.0339340 0.0354841 0.0354860 0.0346880 0.0339723 0.0347782 0.0331956 0.0347262 0.0339576 0.0339296 0.0323771 0.0340146 0.0323632 0.0339292 0.0339594 0.0316433 0.0331543 0.0331335 0.0335944 0.0331274 0.0317779 0.0323977 0.0308360 0.0308360 0.0302617 0.0300831 0.0300831 
AJ271758.1_Symbiodinium_sp.                                        0.0775289 0.0678260 0.0404392 0.0397307 0.0381526 0.0000000 0.0136509 0.0158595 0.0121777 0.0151309 0.0158991 0.0136857 0.0107399 0.0100106 0.0085658 0.0078392 0.0078392 0.0144469 0.0151149 0.0144208 0.0129278 0.0144059 0.0136781 0.0122080 0.0122129 0.0114690 0.0114841 0.0114914 0.0107544 0.0107393 0.0107380 0.0107380 0.0108733 0.0100209 0.0100132 0.0100132 0.0101770 0.0454044 0.0414306 0.0413166 0.0405286 0.0405286 0.0396345 0.0391483 0.0397797 0.0397531 0.0389472 0.0389301 0.0389301 0.0394374 0.0311372 0.0318667 0.0364122 0.0310329 0.0348934 0.0329774 0.0453709 0.0477678 0.0453077 0.0419910 0.0466920 0.0469038 0.0454073 0.0476942 0.0470144 0.0460790 0.0461320 0.0468013 0.0469762 0.0477914 0.0468995 0.0451658 0.0444912 0.0397382 0.0396966 0.0397794 0.0397794 0.0421293 0.0429168 0.0420377 0.0396588 0.0398357 0.0412762 0.0405009 0.0406079 0.0380997 0.0397257 0.0396557 0.0367028 0.0389120 0.0388770 0.0397170 0.0380332 0.0389158 0.0357122 0.0364892 0.0364892 0.0372565 0.0380724 0.0365571 0.0390166 0.0381474 0.0373142 0.0365184 0.0380901 0.0380921 0.0380538 0.0365601 0.0373795 0.0357723 0.0373229 0.0357685 0.0365134 0.0349388 0.0366061 0.0349236 0.0365131 0.0365461 0.0349808 0.0357272 0.0357046 0.0362063 0.0356977 0.0343445 0.0349612 0.0333760 0.0333760 0.0328122 0.0326138 0.0326138 
AJ271759.1_Symbiodinium_sp.                                        0.0756595 0.0651894 0.0388100 0.0388714 0.0372998 0.0136509 0.0000000 0.0136403 0.0099873 0.0129159 0.0136742 0.0114774 0.0085571 0.0078337 0.0063984 0.0056783 0.0056783 0.0122292 0.0129024 0.0122072 0.0107282 0.0121946 0.0114701 0.0100119 0.0100158 0.0092799 0.0092921 0.0092978 0.0085687 0.0085567 0.0085557 0.0085557 0.0086622 0.0078417 0.0078357 0.0078357 0.0079633 0.0445202 0.0405622 0.0404511 0.0396661 0.0396661 0.0387613 0.0382704 0.0389193 0.0388934 0.0380911 0.0380745 0.0380745 0.0385692 0.0303124 0.0310401 0.0355703 0.0302112 0.0340567 0.0321384 0.0444874 0.0468747 0.0444257 0.0411251 0.0458084 0.0460154 0.0445230 0.0468027 0.0461234 0.0451945 0.0452461 0.0459153 0.0460862 0.0468978 0.0460112 0.0442870 0.0436130 0.0388789 0.0388384 0.0389191 0.0389191 0.0412600 0.0420444 0.0411706 0.0372274 0.0389739 0.0404116 0.0396392 0.0397434 0.0372484 0.0388668 0.0387985 0.0358532 0.0380569 0.0387956 0.0380767 0.0371836 0.0380605 0.0340988 0.0348714 0.0348714 0.0364099 0.0372218 0.0357114 0.0381588 0.0357484 0.0364661 0.0356736 0.0372390 0.0372410 0.0372036 0.0357143 0.0365296 0.0349298 0.0364745 0.0349261 0.0356689 0.0341008 0.0357591 0.0340861 0.0356686 0.0357006 0.0341417 0.0348859 0.0348639 0.0353524 0.0348573 0.0335046 0.0341226 0.0325444 0.0325444 0.0319777 0.0317849 0.0317849 
AJ271754.1_Symbiodinium_sp.                                        0.0695307 0.0634251 0.0379845 0.0357413 0.0341819 0.0158595 0.0136403 0.0000000 0.0121675 0.0092787 0.0100220 0.0078489 0.0107318 0.0100031 0.0085594 0.0078334 0.0078334 0.0085866 0.0092692 0.0085710 0.0071150 0.0085623 0.0078447 0.0064028 0.0064052 0.0071120 0.0056885 0.0056920 0.0049724 0.0063938 0.0049649 0.0049649 0.0050264 0.0056820 0.0056777 0.0056777 0.0057697 0.0397755 0.0358591 0.0357619 0.0349851 0.0349851 0.0340128 0.0334913 0.0342418 0.0342193 0.0334279 0.0334133 0.0334133 0.0338455 0.0249646 0.0256892 0.0317160 0.0248818 0.0302125 0.0282670 0.0405251 0.0428912 0.0404691 0.0372112 0.0418569 0.0420445 0.0405572 0.0428256 0.0421423 0.0412333 0.0405008 0.0411759 0.0413276 0.0429118 0.0404502 0.0403437 0.0396659 0.0349748 0.0349386 0.0365566 0.0365566 0.0373318 0.0381098 0.0372518 0.0349057 0.0350594 0.0364968 0.0357307 0.0358240 0.0333661 0.0349641 0.0349031 0.0319663 0.0341642 0.0349005 0.0334038 0.0333084 0.0341674 0.0302499 0.0310157 0.0310157 0.0325413 0.0333423 0.0326020 0.0342552 0.0318737 0.0325910 0.0318073 0.0333575 0.0333593 0.0333260 0.0318433 0.0326475 0.0310669 0.0325985 0.0279829 0.0318033 0.0302515 0.0318831 0.0302385 0.0318030 0.0318312 0.0302876 0.0310282 0.0310087 0.0314414 0.0310031 0.0296413 0.0302708 0.0287108 0.0287108 0.0281259 0.0279571 0.0279571 
AJ271756.1_Symbiodinium_sp.                                        0.0738257 0.0634361 0.0371713 0.0372614 0.0356978 0.0121777 0.0099873 0.0121675 0.0000000 0.0114461 0.0121985 0.0100124 0.0071101 0.0063907 0.0049620 0.0042463 0.0042463 0.0107578 0.0114343 0.0107383 0.0092706 0.0107273 0.0100070 0.0085566 0.0085599 0.0078293 0.0078396 0.0078444 0.0071197 0.0071098 0.0071089 0.0071089 0.0071972 0.0063972 0.0063924 0.0063924 0.0064961 0.0428780 0.0389393 0.0388332 0.0380520 0.0380520 0.0371250 0.0366242 0.0373074 0.0372827 0.0364851 0.0364692 0.0364692 0.0369417 0.0287461 0.0294722 0.0339846 0.0286504 0.0324769 0.0305496 0.0428466 0.0452222 0.0427873 0.0395083 0.0441704 0.0443691 0.0428807 0.0451529 0.0444728 0.0435532 0.0436028 0.0442731 0.0444372 0.0452442 0.0443652 0.0426543 0.0419795 0.0372688 0.0372301 0.0373071 0.0373071 0.0396371 0.0404180 0.0395517 0.0356291 0.0365863 0.0387952 0.0380263 0.0381259 0.0356492 0.0372572 0.0371921 0.0342537 0.0364524 0.0371893 0.0364714 0.0355874 0.0364559 0.0325170 0.0332859 0.0332859 0.0348173 0.0356238 0.0341190 0.0365498 0.0341541 0.0348708 0.0340829 0.0356401 0.0356421 0.0356064 0.0341215 0.0349313 0.0333413 0.0348788 0.0333378 0.0340784 0.0325189 0.0341642 0.0309802 0.0340781 0.0341085 0.0325578 0.0332996 0.0332787 0.0337436 0.0332724 0.0319176 0.0325396 0.0309707 0.0309707 0.0303972 0.0302145 0.0302145 
AJ271764.1_Symbiodinium_sp.                                        0.0650393 0.0615687 0.0354744 0.0332951 0.0317506 0.0151309 0.0129159 0.0092787 0.0114461 0.0000000 0.0093015 0.0071319 0.0100114 0.0092840 0.0078422 0.0071177 0.0071177 0.0078671 0.0085520 0.0078529 0.0064003 0.0078448 0.0071280 0.0056886 0.0056907 0.0063976 0.0049750 0.0049780 0.0042600 0.0056806 0.0042535 0.0042535 0.0043062 0.0049693 0.0049655 0.0049655 0.0050460 0.0372843 0.0334042 0.0333144 0.0325448 0.0325448 0.0315414 0.0310061 0.0310204 0.0317853 0.0302196 0.0309890 0.0309890 0.0313874 0.0241164 0.0233281 0.0308312 0.0240368 0.0293358 0.0273916 0.0364607 0.0387958 0.0364107 0.0332087 0.0377981 0.0379655 0.0364893 0.0387370 0.0380525 0.0371672 0.0372087 0.0378849 0.0380229 0.0388141 0.0379624 0.0362991 0.0356202 0.0309909 0.0309593 0.0325493 0.0325493 0.0333147 0.0340830 0.0332441 0.0309305 0.0310649 0.0324964 0.0317395 0.0318214 0.0294103 0.0309817 0.0309283 0.0280115 0.0301950 0.0309260 0.0309669 0.0301383 0.0301978 0.0270882 0.0278452 0.0278452 0.0286025 0.0293896 0.0279033 0.0302747 0.0279314 0.0286457 0.0278738 0.0294026 0.0294043 0.0293753 0.0279050 0.0286948 0.0271396 0.0286521 0.0256146 0.0278705 0.0263408 0.0279395 0.0263297 0.0278701 0.0278944 0.0263722 0.0271063 0.0270894 0.0274644 0.0270846 0.0257191 0.0263576 0.0248218 0.0248218 0.0242209 0.0240768 0.0240768 
L13718.1_Symbiodinium_meandrinae                                   0.0680876 0.0619992 0.0348559 0.0342885 0.0327303 0.0158991 0.0136742 0.0100220 0.0121985 0.0093015 0.0000000 0.0078681 0.0107581 0.0100276 0.0085804 0.0078525 0.0078525 0.0014195 0.0035455 0.0028413 0.0028346 0.0028384 0.0078639 0.0064184 0.0064209 0.0071294 0.0057024 0.0057059 0.0049845 0.0064094 0.0049770 0.0049770 0.0050388 0.0056958 0.0056915 0.0056915 0.0057840 0.0398804 0.0359531 0.0358553 0.0350764 0.0350764 0.0341029 0.0327594 0.0343312 0.0343085 0.0335148 0.0335002 0.0335002 0.0339347 0.0265415 0.0272686 0.0333277 0.0264531 0.0318167 0.0298781 0.0422018 0.0445821 0.0421432 0.0388600 0.0435320 0.0437282 0.0422354 0.0445137 0.0438306 0.0429111 0.0429600 0.0436334 0.0437954 0.0446039 0.0429211 0.0420119 0.0413342 0.0366145 0.0365764 0.0382071 0.0382071 0.0389869 0.0397694 0.0389028 0.0365418 0.0367037 0.0381444 0.0373739 0.0374720 0.0349931 0.0366032 0.0365390 0.0335921 0.0342304 0.0365362 0.0342711 0.0349323 0.0358007 0.0303280 0.0295697 0.0295697 0.0341607 0.0349681 0.0334597 0.0358931 0.0334942 0.0342133 0.0334242 0.0349842 0.0349861 0.0349510 0.0334622 0.0342728 0.0326807 0.0342212 0.0311237 0.0334199 0.0318578 0.0335042 0.0318441 0.0334196 0.0334494 0.0318961 0.0326398 0.0326192 0.0330761 0.0326131 0.0312522 0.0318782 0.0303072 0.0303072 0.0297286 0.0295494 0.0295494 
KU188508.1_Symbiodinium_sp.                                        0.0687853 0.0627420 0.0356753 0.0334797 0.0319262 0.0136857 0.0114774 0.0078489 0.0100124 0.0071319 0.0078681 0.0000000 0.0085787 0.0078534 0.0064145 0.0056925 0.0056925 0.0064348 0.0071246 0.0064232 0.0049765 0.0064166 0.0056921 0.0042587 0.0042603 0.0049745 0.0035471 0.0035493 0.0028348 0.0042592 0.0028348 0.0028348 0.0028700 0.0035484 0.0035457 0.0035457 0.0036032 0.0390528 0.0351371 0.0350418 0.0342652 0.0342652 0.0332811 0.0327541 0.0335213 0.0334992 0.0327083 0.0326941 0.0326941 0.0331173 0.0242478 0.0249731 0.0310005 0.0241673 0.0294967 0.0275430 0.0390166 0.0413781 0.0389626 0.0364929 0.0411387 0.0413231 0.0398345 0.0421041 0.0414191 0.0405124 0.0405582 0.0412341 0.0413863 0.0421889 0.0413196 0.0396247 0.0389452 0.0342550 0.0342195 0.0358360 0.0358360 0.0366112 0.0373891 0.0365327 0.0341873 0.0343378 0.0357773 0.0350112 0.0351026 0.0326479 0.0342445 0.0341848 0.0312451 0.0334453 0.0341822 0.0334628 0.0325914 0.0334485 0.0295332 0.0302988 0.0302988 0.0318244 0.0326246 0.0311228 0.0335344 0.0311546 0.0318730 0.0310898 0.0326394 0.0326413 0.0326087 0.0311250 0.0319282 0.0303488 0.0318803 0.0288025 0.0310859 0.0295347 0.0311638 0.0295220 0.0310855 0.0311131 0.0295700 0.0303110 0.0302920 0.0307150 0.0302865 0.0289210 0.0295536 0.0279946 0.0279946 0.0274054 0.0272408 0.0272408 
AB055917.1_Symbiodinium_sp.                                        0.0722063 0.0618629 0.0356104 0.0357559 0.0341960 0.0107399 0.0085571 0.0107318 0.0071101 0.0100114 0.0107581 0.0085787 0.0000000 0.0049686 0.0035429 0.0028297 0.0028297 0.0093198 0.0100011 0.0093028 0.0078413 0.0092933 0.0085741 0.0071277 0.0071304 0.0064032 0.0064117 0.0064156 0.0056935 0.0056856 0.0056849 0.0056849 0.0057555 0.0049736 0.0049699 0.0049699 0.0043262 0.0413563 0.0374260 0.0373241 0.0365446 0.0365446 0.0348152 0.0342987 0.0358002 0.0357765 0.0349814 0.0349662 0.0349662 0.0354191 0.0272608 0.0279870 0.0324938 0.0271701 0.0309880 0.0290475 0.0413260 0.0436966 0.0412689 0.0380019 0.0426558 0.0404370 0.0389531 0.0412148 0.0405306 0.0396304 0.0412350 0.0419083 0.0420627 0.0437178 0.0419950 0.0411407 0.0404636 0.0357631 0.0357261 0.0357999 0.0357999 0.0372920 0.0365203 0.0380434 0.0356924 0.0358499 0.0372875 0.0365201 0.0366155 0.0341498 0.0357522 0.0356897 0.0327506 0.0349501 0.0356870 0.0349684 0.0340907 0.0349534 0.0310264 0.0317936 0.0317936 0.0333221 0.0341255 0.0326221 0.0350434 0.0326556 0.0333731 0.0325876 0.0341410 0.0341429 0.0341088 0.0326245 0.0334310 0.0318463 0.0333808 0.0318430 0.0325834 0.0310280 0.0326653 0.0310146 0.0325830 0.0326120 0.0310651 0.0318065 0.0317866 0.0322305 0.0317807 0.0304205 0.0310478 0.0294839 0.0294839 0.0289025 0.0287288 0.0287288 
AJ271757.1_Symbiodinium_sp.                                        0.0713218 0.0610122 0.0348342 0.0349654 0.0334090 0.0100106 0.0078337 0.0100031 0.0063907 0.0092840 0.0100276 0.0078534 0.0049686 0.0000000 0.0028305 0.0021195 0.0021195 0.0085914 0.0092745 0.0085759 0.0071190 0.0085671 0.0078492 0.0064064 0.0064089 0.0056842 0.0056917 0.0056952 0.0049752 0.0049683 0.0049677 0.0049677 0.0050293 0.0042574 0.0042542 0.0042542 0.0043231 0.0405517 0.0366297 0.0365302 0.0357523 0.0357523 0.0347913 0.0342750 0.0350087 0.0349856 0.0341926 0.0341777 0.0341777 0.0346200 0.0264893 0.0272149 0.0317142 0.0264012 0.0302108 0.0282654 0.0405222 0.0428879 0.0404662 0.0372087 0.0418538 0.0420414 0.0405543 0.0428223 0.0421391 0.0412302 0.0412769 0.0419509 0.0413245 0.0429085 0.0420378 0.0403407 0.0396630 0.0349725 0.0349363 0.0350084 0.0350084 0.0373293 0.0381072 0.0372492 0.0349035 0.0350571 0.0364944 0.0357284 0.0358216 0.0333640 0.0349618 0.0349009 0.0319644 0.0341620 0.0348982 0.0341799 0.0333063 0.0341653 0.0302482 0.0310139 0.0310139 0.0325393 0.0333403 0.0318392 0.0342530 0.0318718 0.0325891 0.0318055 0.0333554 0.0333573 0.0333240 0.0318415 0.0326455 0.0310651 0.0325965 0.0310619 0.0318014 0.0302498 0.0318812 0.0302368 0.0318011 0.0318293 0.0302859 0.0310264 0.0310069 0.0314396 0.0310013 0.0296397 0.0302691 0.0287093 0.0287093 0.0281244 0.0279556 0.0279556 
AB863030.1_Symbiodinium_sp.                                        0.0696090 0.0593612 0.0332596 0.0334182 0.0318676 0.0085658 0.0063984 0.0085594 0.0049620 0.0078422 0.0085804 0.0064145 0.0035429 0.0028305 0.0000000 0.0007046 0.0007046 0.0071472 0.0078342 0.0071343 0.0056854 0.0071270 0.0064110 0.0049742 0.0049761 0.0042558 0.0042615 0.0042641 0.0035476 0.0035427 0.0035423 0.0035423 0.0035861 0.0028334 0.0028313 0.0028313 0.0028771 0.0389806 0.0350723 0.0349774 0.0342022 0.0342022 0.0332190 0.0326925 0.0334597 0.0334377 0.0326483 0.0326341 0.0326341 0.0330558 0.0249738 0.0256987 0.0301862 0.0248909 0.0286868 0.0267305 0.0389523 0.0413097 0.0388985 0.0356576 0.0402882 0.0404682 0.0389830 0.0412467 0.0405620 0.0396609 0.0397056 0.0403815 0.0405299 0.0413295 0.0404648 0.0387783 0.0380991 0.0334252 0.0333907 0.0334594 0.0334594 0.0357727 0.0365481 0.0356963 0.0333594 0.0335058 0.0349430 0.0341794 0.0342683 0.0318252 0.0334151 0.0333570 0.0304237 0.0326192 0.0333545 0.0326363 0.0317703 0.0326223 0.0287223 0.0294853 0.0294853 0.0310058 0.0318026 0.0303050 0.0327059 0.0303358 0.0310530 0.0302728 0.0318169 0.0318187 0.0317870 0.0303070 0.0311067 0.0295337 0.0310601 0.0295307 0.0302691 0.0287237 0.0303448 0.0287114 0.0302687 0.0302955 0.0287580 0.0294971 0.0294786 0.0298893 0.0294733 0.0281081 0.0287420 0.0271893 0.0271893 0.0265972 0.0264379 0.0264379 
AB016579.1_Symbiodinium_sp.                                        0.0686903 0.0584850 0.0324467 0.0326193 0.0310730 0.0078392 0.0056783 0.0078334 0.0042463 0.0071177 0.0078525 0.0056925 0.0028297 0.0021195 0.0007046 0.0000000 0.0000010 0.0064221 0.0071105 0.0064105 0.0049667 0.0064039 0.0056895 0.0042567 0.0042583 0.0035408 0.0035455 0.0035476 0.0028335 0.0028296 0.0028292 0.0028292 0.0028642 0.0021216 0.0021200 0.0021200 0.0021542 0.0381645 0.0342667 0.0341741 0.0334011 0.0334011 0.0324072 0.0318760 0.0326598 0.0326384 0.0318515 0.0318377 0.0318377 0.0322484 0.0241982 0.0249221 0.0293999 0.0241180 0.0279038 0.0259435 0.0381368 0.0404880 0.0380843 0.0348548 0.0394738 0.0396498 0.0381669 0.0404263 0.0397413 0.0388451 0.0388887 0.0395650 0.0397101 0.0405073 0.0396465 0.0379668 0.0372874 0.0326262 0.0325926 0.0326595 0.0326595 0.0349669 0.0357403 0.0348924 0.0325621 0.0327046 0.0341406 0.0333789 0.0334655 0.0310318 0.0326164 0.0325598 0.0296306 0.0318231 0.0325573 0.0318398 0.0309784 0.0318261 0.0279383 0.0286992 0.0286992 0.0302159 0.0310098 0.0295153 0.0319076 0.0295453 0.0302618 0.0294840 0.0310238 0.0310255 0.0309947 0.0295172 0.0303140 0.0287462 0.0302687 0.0287433 0.0294804 0.0279395 0.0295539 0.0279276 0.0294800 0.0295060 0.0279729 0.0287106 0.0286927 0.0290918 0.0286876 0.0273216 0.0279573 0.0264095 0.0264095 0.0258142 0.0256599 0.0256599 
AB016572.1_Symbiodinium_sp.                                        0.0686903 0.0584850 0.0324467 0.0326193 0.0310730 0.0078392 0.0056783 0.0078334 0.0042463 0.0071177 0.0078525 0.0056925 0.0028297 0.0021195 0.0007046 0.0000010 0.0000000 0.0064221 0.0071105 0.0064105 0.0049667 0.0064039 0.0056895 0.0042567 0.0042583 0.0035408 0.0035455 0.0035476 0.0028335 0.0028296 0.0028292 0.0028292 0.0028642 0.0021216 0.0021200 0.0021200 0.0021542 0.0381645 0.0342667 0.0341741 0.0334011 0.0334011 0.0324072 0.0318760 0.0326598 0.0326384 0.0318515 0.0318377 0.0318377 0.0322484 0.0241982 0.0249221 0.0293999 0.0241180 0.0279038 0.0259435 0.0381368 0.0404880 0.0380843 0.0348548 0.0394738 0.0396498 0.0381669 0.0404263 0.0397413 0.0388451 0.0388887 0.0395650 0.0397101 0.0405073 0.0396465 0.0379668 0.0372874 0.0326262 0.0325926 0.0326595 0.0326595 0.0349669 0.0357403 0.0348924 0.0325621 0.0327046 0.0341406 0.0333789 0.0334655 0.0310318 0.0326164 0.0325598 0.0296306 0.0318231 0.0325573 0.0318398 0.0309784 0.0318261 0.0279383 0.0286992 0.0286992 0.0302159 0.0310098 0.0295153 0.0319076 0.0295453 0.0302618 0.0294840 0.0310238 0.0310255 0.0309947 0.0295172 0.0303140 0.0287462 0.0302687 0.0287433 0.0294804 0.0279395 0.0295539 0.0279276 0.0294800 0.0295060 0.0279729 0.0287106 0.0286927 0.0290918 0.0286876 0.0273216 0.0279573 0.0264095 0.0264095 0.0258142 0.0256599 0.0256599 
L13717.1_Symbiodinium_corculorum                                   0.0664639 0.0604149 0.0333229 0.0327807 0.0312264 0.0144469 0.0122292 0.0085866 0.0107578 0.0078671 0.0014195 0.0064348 0.0093198 0.0085914 0.0071472 0.0064221 0.0064221 0.0000000 0.0021264 0.0014200 0.0014167 0.0014186 0.0064314 0.0049900 0.0049919 0.0057010 0.0042749 0.0042776 0.0035588 0.0049830 0.0035534 0.0035534 0.0035976 0.0042701 0.0042668 0.0042668 0.0043361 0.0375796 0.0344371 0.0343437 0.0335666 0.0335666 0.0325703 0.0312195 0.0328216 0.0328000 0.0320089 0.0319950 0.0319950 0.0324098 0.0250547 0.0257818 0.0318305 0.0249713 0.0303216 0.0283701 0.0406731 0.0430480 0.0406167 0.0373462 0.0420090 0.0421980 0.0407055 0.0429819 0.0422965 0.0413837 0.0414307 0.0421068 0.0422628 0.0430688 0.0413934 0.0404904 0.0398104 0.0351019 0.0350654 0.0366896 0.0366896 0.0374678 0.0382486 0.0373871 0.0350323 0.0351871 0.0366294 0.0358605 0.0359545 0.0334870 0.0350911 0.0350297 0.0320825 0.0327255 0.0350270 0.0327643 0.0334289 0.0342914 0.0288342 0.0280772 0.0280772 0.0326590 0.0334631 0.0319564 0.0343798 0.0319893 0.0327091 0.0319225 0.0334784 0.0334802 0.0334467 0.0319587 0.0327659 0.0311794 0.0327166 0.0296267 0.0319184 0.0303608 0.0319988 0.0303477 0.0319181 0.0319465 0.0303972 0.0311404 0.0311208 0.0315566 0.0311151 0.0297490 0.0303803 0.0288144 0.0288144 0.0282280 0.0280580 0.0280580 
AB055918.1_Symbiodinium_sp.                                        0.0669868 0.0609506 0.0339514 0.0334011 0.0318514 0.0151149 0.0129024 0.0092692 0.0114343 0.0085520 0.0035455 0.0071246 0.0100011 0.0092745 0.0078342 0.0071105 0.0071105 0.0021264 0.0000000 0.0021226 0.0021176 0.0021204 0.0071207 0.0056827 0.0056849 0.0063911 0.0049699 0.0049729 0.0042556 0.0056748 0.0042492 0.0042492 0.0043018 0.0049642 0.0049605 0.0049605 0.0050407 0.0389603 0.0350542 0.0349593 0.0341846 0.0341846 0.0332017 0.0318594 0.0334425 0.0334205 0.0326316 0.0326174 0.0326174 0.0330386 0.0256969 0.0264211 0.0324503 0.0256116 0.0309465 0.0290082 0.0412701 0.0436374 0.0412131 0.0379507 0.0425983 0.0427894 0.0413028 0.0435707 0.0428889 0.0419772 0.0420248 0.0426972 0.0428548 0.0436585 0.0427857 0.0410853 0.0404089 0.0357149 0.0356779 0.0372982 0.0372982 0.0380739 0.0388522 0.0379922 0.0356444 0.0358014 0.0372373 0.0364708 0.0365661 0.0341039 0.0357040 0.0356417 0.0327064 0.0349031 0.0356390 0.0333843 0.0340449 0.0349064 0.0294644 0.0287099 0.0287099 0.0332773 0.0340796 0.0325782 0.0349960 0.0326116 0.0333283 0.0325438 0.0340951 0.0340970 0.0340630 0.0325806 0.0333860 0.0318034 0.0333359 0.0302551 0.0325396 0.0309863 0.0326213 0.0309730 0.0325393 0.0325682 0.0310234 0.0317638 0.0317439 0.0321867 0.0317381 0.0296200 0.0310061 0.0294443 0.0294443 0.0288635 0.0286903 0.0286903 
X62650.1_S.pilosum                                                 0.0663358 0.0603006 0.0332604 0.0327202 0.0311688 0.0144208 0.0122072 0.0085710 0.0107383 0.0078529 0.0028413 0.0064232 0.0093028 0.0085759 0.0071343 0.0064105 0.0064105 0.0014200 0.0021226 0.0000000 0.0014142 0.0014160 0.0064198 0.0049810 0.0049829 0.0056908 0.0042672 0.0042699 0.0035524 0.0049740 0.0035471 0.0035471 0.0035911 0.0042624 0.0042592 0.0042592 0.0043282 0.0382841 0.0343732 0.0342801 0.0335045 0.0335045 0.0325091 0.0311605 0.0327609 0.0327393 0.0319498 0.0319359 0.0319359 0.0323492 0.0250088 0.0257346 0.0317721 0.0249256 0.0302659 0.0283175 0.0405975 0.0429678 0.0405413 0.0372773 0.0419313 0.0421196 0.0406297 0.0429020 0.0422177 0.0413068 0.0413537 0.0420287 0.0421841 0.0429886 0.0421160 0.0404154 0.0397366 0.0350370 0.0350006 0.0366217 0.0366217 0.0373983 0.0381777 0.0373180 0.0349677 0.0351219 0.0365617 0.0357942 0.0358878 0.0334253 0.0350262 0.0349650 0.0320232 0.0342249 0.0349624 0.0327038 0.0333674 0.0342281 0.0287812 0.0280257 0.0280257 0.0325989 0.0334015 0.0318976 0.0343162 0.0319303 0.0326488 0.0318637 0.0334166 0.0334185 0.0333851 0.0318998 0.0327055 0.0311219 0.0326563 0.0295722 0.0318596 0.0303050 0.0319397 0.0302920 0.0318593 0.0318876 0.0303413 0.0310831 0.0310636 0.0314978 0.0310579 0.0296940 0.0303244 0.0287616 0.0287616 0.0281759 0.0280065 0.0280065 
AB016723.1_Symbiodinium_sp.                                        0.0661568 0.0601419 0.0331758 0.0311068 0.0295649 0.0129278 0.0107282 0.0071150 0.0092706 0.0064003 0.0028346 0.0049765 0.0078413 0.0071190 0.0056854 0.0049667 0.0049667 0.0014167 0.0021176 0.0014142 0.0000000 0.0014127 0.0049739 0.0035441 0.0035455 0.0042516 0.0028339 0.0028356 0.0021232 0.0035392 0.0021200 0.0021200 0.0021462 0.0028306 0.0028285 0.0028285 0.0028742 0.0381871 0.0342867 0.0341941 0.0334205 0.0334205 0.0324264 0.0310809 0.0326788 0.0326574 0.0318700 0.0318562 0.0318562 0.0322673 0.0234437 0.0241673 0.0301731 0.0233661 0.0286744 0.0267188 0.0389351 0.0412914 0.0388814 0.0356420 0.0402705 0.0404503 0.0389658 0.0412284 0.0405440 0.0396433 0.0396880 0.0403636 0.0405120 0.0413112 0.0404469 0.0387612 0.0380823 0.0334106 0.0333761 0.0349848 0.0349848 0.0357570 0.0365320 0.0356806 0.0333448 0.0334911 0.0349277 0.0341644 0.0342533 0.0318113 0.0334005 0.0333424 0.0304104 0.0326049 0.0333399 0.0310916 0.0317564 0.0326080 0.0271961 0.0279563 0.0279563 0.0309923 0.0317887 0.0302918 0.0326916 0.0303226 0.0310395 0.0302597 0.0318030 0.0318048 0.0317732 0.0302938 0.0310931 0.0295209 0.0310466 0.0279810 0.0302559 0.0287112 0.0303315 0.0286990 0.0302556 0.0302823 0.0287455 0.0294843 0.0294658 0.0298761 0.0294605 0.0280958 0.0287296 0.0271775 0.0271775 0.0265856 0.0264264 0.0264264 
AB016724.1_Symbiodinium_sp.                                        0.0662622 0.0602350 0.0332246 0.0326855 0.0311359 0.0144059 0.0121946 0.0085623 0.0107273 0.0078448 0.0028384 0.0064166 0.0092933 0.0085671 0.0071270 0.0064039 0.0064039 0.0014186 0.0021204 0.0014160 0.0014127 0.0000000 0.0064132 0.0049759 0.0049778 0.0056850 0.0042629 0.0042655 0.0035488 0.0049689 0.0035435 0.0035435 0.0035874 0.0042580 0.0042548 0.0042548 0.0043237 0.0382432 0.0343367 0.0342438 0.0334690 0.0334690 0.0324741 0.0311268 0.0327262 0.0327047 0.0319160 0.0319022 0.0319022 0.0323145 0.0249825 0.0257076 0.0317386 0.0248995 0.0302341 0.0282874 0.0405542 0.0429219 0.0404981 0.0372378 0.0418868 0.0420747 0.0405864 0.0428562 0.0421726 0.0412628 0.0413096 0.0419840 0.0421390 0.0429426 0.0420711 0.0403725 0.0396943 0.0349998 0.0349636 0.0365828 0.0365828 0.0373586 0.0381371 0.0372784 0.0349306 0.0350846 0.0365229 0.0357563 0.0358496 0.0333899 0.0349891 0.0349280 0.0319892 0.0341886 0.0349254 0.0326692 0.0333321 0.0341919 0.0287509 0.0279962 0.0279962 0.0325645 0.0333662 0.0318639 0.0342798 0.0318965 0.0326143 0.0318301 0.0333813 0.0333832 0.0333498 0.0318661 0.0326708 0.0310891 0.0326218 0.0295410 0.0318260 0.0302731 0.0319059 0.0302601 0.0318257 0.0318539 0.0303093 0.0310504 0.0310309 0.0314642 0.0310252 0.0296626 0.0302924 0.0287313 0.0287313 0.0281461 0.0279770 0.0279770 
KU188515.1_Symbiodinium_sp.                                        0.0687403 0.0627022 0.0356539 0.0334601 0.0319075 0.0136781 0.0114701 0.0078447 0.0100070 0.0071280 0.0078639 0.0056921 0.0085741 0.0078492 0.0064110 0.0056895 0.0056895 0.0064314 0.0071207 0.0064198 0.0049739 0.0064132 0.0000000 0.0042564 0.0042580 0.0049718 0.0035452 0.0035474 0.0028333 0.0042569 0.0028333 0.0028333 0.0028684 0.0035465 0.0035439 0.0035439 0.0028784 0.0390295 0.0351163 0.0350211 0.0342450 0.0342450 0.0324754 0.0319436 0.0335016 0.0334796 0.0326892 0.0326750 0.0326750 0.0330976 0.0242339 0.0249588 0.0309825 0.0241535 0.0294796 0.0275270 0.0397792 0.0421433 0.0397242 0.0364714 0.0411141 0.0412983 0.0398107 0.0420788 0.0413943 0.0404882 0.0405340 0.0412095 0.0413614 0.0421635 0.0412948 0.0396011 0.0389220 0.0342348 0.0341994 0.0358148 0.0358148 0.0365895 0.0373669 0.0365111 0.0341673 0.0343176 0.0357562 0.0349906 0.0350819 0.0326288 0.0342244 0.0341647 0.0312269 0.0334257 0.0341622 0.0334432 0.0325724 0.0334288 0.0295161 0.0302812 0.0302812 0.0318058 0.0326056 0.0311047 0.0335147 0.0311365 0.0318544 0.0310717 0.0326203 0.0326222 0.0325896 0.0311068 0.0319096 0.0303311 0.0318617 0.0287858 0.0310678 0.0295176 0.0311456 0.0295049 0.0310674 0.0310950 0.0295529 0.0302934 0.0302744 0.0306969 0.0302689 0.0289042 0.0295364 0.0279785 0.0279785 0.0273895 0.0272251 0.0272251 
KU188511.1_Symbiodinium_sp.                                        0.0669794 0.0609936 0.0340479 0.0318913 0.0303459 0.0122080 0.0100119 0.0064028 0.0085566 0.0056886 0.0064184 0.0042587 0.0071277 0.0064064 0.0049742 0.0042567 0.0042567 0.0049900 0.0056827 0.0049810 0.0035441 0.0049759 0.0042564 0.0000000 0.0028318 0.0035426 0.0021219 0.0021232 0.0014132 0.0028310 0.0014132 0.0014132 0.0014307 0.0021227 0.0021211 0.0021211 0.0021552 0.0374321 0.0335359 0.0334454 0.0326726 0.0326726 0.0316672 0.0311306 0.0319310 0.0319101 0.0311239 0.0311104 0.0311104 0.0315119 0.0227079 0.0234315 0.0294327 0.0226327 0.0279349 0.0259728 0.0381799 0.0405337 0.0381272 0.0348939 0.0395182 0.0396945 0.0382100 0.0404719 0.0397863 0.0388888 0.0389326 0.0396095 0.0397550 0.0405530 0.0396912 0.0380095 0.0373294 0.0326628 0.0326292 0.0342348 0.0342348 0.0350063 0.0357805 0.0349315 0.0325986 0.0327414 0.0341789 0.0334164 0.0327381 0.0310666 0.0326530 0.0325963 0.0296639 0.0318589 0.0325938 0.0318756 0.0310131 0.0318618 0.0279695 0.0287314 0.0287314 0.0302497 0.0310446 0.0295484 0.0319435 0.0295784 0.0302957 0.0295170 0.0310585 0.0310603 0.0310294 0.0295503 0.0303480 0.0287784 0.0303026 0.0272406 0.0295134 0.0279708 0.0295871 0.0279589 0.0295131 0.0295391 0.0280042 0.0287428 0.0287248 0.0291247 0.0287197 0.0273523 0.0279886 0.0264390 0.0264390 0.0258432 0.0256885 0.0256885 
KU188514.1_Symbiodinium_sp.                                        0.0670115 0.0610219 0.0340627 0.0319049 0.0303587 0.0122129 0.0100158 0.0064052 0.0085599 0.0056907 0.0064209 0.0042603 0.0071304 0.0064089 0.0049761 0.0042583 0.0042583 0.0049919 0.0056849 0.0049829 0.0035455 0.0049778 0.0042580 0.0028318 0.0000000 0.0035440 0.0021228 0.0021241 0.0014137 0.0028321 0.0014137 0.0014137 0.0014312 0.0021236 0.0021219 0.0021219 0.0021562 0.0374483 0.0335502 0.0334597 0.0326865 0.0326865 0.0316809 0.0311441 0.0319446 0.0319236 0.0311371 0.0311236 0.0311236 0.0315254 0.0227172 0.0234412 0.0294451 0.0226420 0.0279466 0.0259837 0.0381964 0.0405514 0.0381438 0.0349088 0.0395353 0.0397118 0.0382266 0.0404895 0.0398036 0.0389057 0.0389495 0.0396267 0.0397723 0.0405708 0.0397085 0.0380259 0.0373456 0.0326768 0.0326431 0.0342495 0.0342495 0.0350213 0.0357959 0.0349465 0.0326125 0.0327554 0.0341936 0.0334306 0.0335175 0.0310798 0.0326669 0.0326101 0.0296765 0.0318724 0.0326077 0.0318891 0.0310262 0.0318754 0.0279812 0.0287434 0.0287434 0.0302625 0.0310577 0.0295608 0.0319571 0.0295909 0.0303085 0.0295295 0.0310717 0.0310734 0.0310425 0.0295628 0.0303609 0.0287905 0.0303154 0.0272519 0.0295258 0.0279825 0.0295996 0.0279706 0.0295255 0.0295515 0.0280159 0.0287548 0.0287368 0.0291371 0.0287317 0.0273638 0.0280004 0.0264500 0.0264500 0.0258540 0.0256992 0.0256992 
AF238256.1_Symbiodinium_sp._Type_A                                 0.0678062 0.0601146 0.0332300 0.0326240 0.0310775 0.0114690 0.0092799 0.0071120 0.0078293 0.0063976 0.0071294 0.0049745 0.0064032 0.0056842 0.0042558 0.0035408 0.0035408 0.0057010 0.0063911 0.0056908 0.0042516 0.0056850 0.0049718 0.0035426 0.0035440 0.0000000 0.0028327 0.0028344 0.0021224 0.0021194 0.0021192 0.0021192 0.0021453 0.0014126 0.0014115 0.0014115 0.0014340 0.0381703 0.0342717 0.0341792 0.0334059 0.0334059 0.0324120 0.0318808 0.0326645 0.0326431 0.0318561 0.0318423 0.0318423 0.0322531 0.0234336 0.0241568 0.0301601 0.0233561 0.0286620 0.0267071 0.0389179 0.0412732 0.0388643 0.0356264 0.0402528 0.0404325 0.0389486 0.0412102 0.0405261 0.0396259 0.0396705 0.0403459 0.0404941 0.0412929 0.0404291 0.0387442 0.0380656 0.0333960 0.0333616 0.0349695 0.0349695 0.0357413 0.0365160 0.0356650 0.0333303 0.0334764 0.0349124 0.0341495 0.0342382 0.0317974 0.0333859 0.0333279 0.0303971 0.0325907 0.0333253 0.0326078 0.0317426 0.0325938 0.0286974 0.0294597 0.0294597 0.0309789 0.0317749 0.0302786 0.0326773 0.0303094 0.0310260 0.0302465 0.0317892 0.0317910 0.0317593 0.0302806 0.0310796 0.0295080 0.0310331 0.0279689 0.0302428 0.0286988 0.0303183 0.0286865 0.0302424 0.0302691 0.0287331 0.0294715 0.0294531 0.0298630 0.0294478 0.0280836 0.0287171 0.0271658 0.0271658 0.0265740 0.0264150 0.0264150 
KU188513.1_Symbiodinium_sp.                                        0.0661619 0.0601950 0.0332750 0.0311346 0.0295914 0.0114841 0.0092921 0.0056885 0.0078396 0.0049750 0.0057024 0.0035471 0.0064117 0.0056917 0.0042615 0.0035455 0.0035455 0.0042749 0.0049699 0.0042672 0.0028339 0.0042629 0.0035452 0.0021219 0.0021228 0.0028327 0.0000000 0.0014148 0.0007056 0.0021222 0.0007056 0.0007056 0.0007150 0.0014144 0.0014134 0.0014134 0.0014361 0.0366660 0.0327749 0.0326865 0.0319148 0.0319148 0.0308981 0.0303564 0.0311734 0.0311530 0.0303682 0.0303551 0.0303551 0.0307467 0.0219646 0.0226882 0.0286832 0.0218919 0.0271867 0.0252184 0.0374136 0.0397645 0.0373620 0.0341353 0.0387545 0.0389273 0.0374431 0.0397038 0.0390171 0.0381231 0.0381659 0.0388441 0.0389865 0.0397833 0.0389241 0.0372468 0.0365656 0.0319052 0.0318724 0.0334746 0.0334746 0.0342451 0.0350184 0.0341721 0.0318425 0.0319819 0.0334199 0.0326582 0.0327430 0.0303124 0.0318956 0.0318403 0.0289083 0.0311031 0.0318379 0.0311194 0.0302603 0.0311059 0.0272204 0.0279812 0.0279812 0.0294978 0.0302909 0.0287958 0.0311856 0.0288250 0.0295426 0.0287653 0.0303045 0.0303062 0.0302761 0.0287976 0.0295936 0.0280269 0.0295493 0.0264915 0.0287617 0.0272215 0.0288335 0.0272100 0.0287614 0.0287867 0.0272541 0.0279923 0.0279748 0.0283642 0.0279698 0.0266001 0.0272389 0.0256922 0.0256922 0.0250925 0.0249424 0.0249424 
KU188510.1_Symbiodinium_sp.                                        0.0662108 0.0602382 0.0332977 0.0311554 0.0296111 0.0114914 0.0092978 0.0056920 0.0078444 0.0049780 0.0057059 0.0035493 0.0064156 0.0056952 0.0042641 0.0035476 0.0035476 0.0042776 0.0049729 0.0042699 0.0028356 0.0042655 0.0035474 0.0021232 0.0021241 0.0028344 0.0014148 0.0000000 0.0007067 0.0021235 0.0007067 0.0007067 0.0007154 0.0014153 0.0014142 0.0014142 0.0014361 0.0366909 0.0327969 0.0327084 0.0319361 0.0319361 0.0309191 0.0303771 0.0311942 0.0311738 0.0303885 0.0303753 0.0303753 0.0307675 0.0219789 0.0227029 0.0287021 0.0219061 0.0272046 0.0252351 0.0374390 0.0397916 0.0373873 0.0341582 0.0387808 0.0389538 0.0374685 0.0397309 0.0390437 0.0381489 0.0381918 0.0388705 0.0390131 0.0398105 0.0389506 0.0372719 0.0365904 0.0319265 0.0318937 0.0334971 0.0334971 0.0342681 0.0350420 0.0341950 0.0318638 0.0320033 0.0334424 0.0326801 0.0327649 0.0303326 0.0319170 0.0318615 0.0289275 0.0311238 0.0318591 0.0311401 0.0302803 0.0311267 0.0272383 0.0279997 0.0279997 0.0295173 0.0303111 0.0288149 0.0312064 0.0288441 0.0295622 0.0287843 0.0303246 0.0303264 0.0302962 0.0288167 0.0296132 0.0280455 0.0295689 0.0265089 0.0287808 0.0272395 0.0288526 0.0272279 0.0287804 0.0288058 0.0272721 0.0280108 0.0279932 0.0283831 0.0279883 0.0266177 0.0272569 0.0257090 0.0257090 0.0251091 0.0249588 0.0249588 
KU188509.1_Symbiodinium_sp.                                        0.0653017 0.0593590 0.0324838 0.0303613 0.0288212 0.0107544 0.0085687 0.0049724 0.0071197 0.0042600 0.0049845 0.0028348 0.0056935 0.0049752 0.0035476 0.0028335 0.0028335 0.0035588 0.0042556 0.0035524 0.0021232 0.0035488 0.0028333 0.0014132 0.0014137 0.0021224 0.0007056 0.0007067 0.0000000 0.0014134 0.0000010 0.0000010 0.0000010 0.0007060 0.0007056 0.0007056 0.0007177 0.0358797 0.0319961 0.0319101 0.0311398 0.0311398 0.0301123 0.0295656 0.0303991 0.0303793 0.0295964 0.0295836 0.0295836 0.0299650 0.0212104 0.0219335 0.0279186 0.0211402 0.0264244 0.0244510 0.0366265 0.0389728 0.0365761 0.0333582 0.0379693 0.0381383 0.0366553 0.0389134 0.0382261 0.0373361 0.0373780 0.0380570 0.0381963 0.0389913 0.0381352 0.0364634 0.0357817 0.0311304 0.0310984 0.0326962 0.0326962 0.0334652 0.0342372 0.0333941 0.0310694 0.0312051 0.0326429 0.0318824 0.0319650 0.0295421 0.0311211 0.0310672 0.0281373 0.0303306 0.0310648 0.0303465 0.0294914 0.0303334 0.0264571 0.0272165 0.0272165 0.0287303 0.0295212 0.0280281 0.0304110 0.0280565 0.0287739 0.0279984 0.0295344 0.0295361 0.0295067 0.0280298 0.0288234 0.0272608 0.0287804 0.0257287 0.0279950 0.0264582 0.0280647 0.0264470 0.0279946 0.0280192 0.0264898 0.0272272 0.0272102 0.0275885 0.0272054 0.0258341 0.0264751 0.0249321 0.0249321 0.0243290 0.0241836 0.0241836 
