130
GU362426_Gymnodinium_catenatum                                     0.0000000 0.0454660 0.0659268 0.0706489 0.0689340 0.0774398 0.0755783 0.0694597 0.0737470 0.0649793 0.0680174 0.0687162 0.0721316 0.0712471 0.0695374 0.0686210 0.0686210 0.0663967 0.0669211 0.0662696 0.0660919 0.0661964 0.0686713 0.0669149 0.0669454 0.0677382 0.0660966 0.0661455 0.0652386 0.0668716 0.0651858 0.0651858 0.0660722 0.0660664 0.0660130 0.0660130 0.0654459 0.0736291 0.0675171 0.0673207 0.0664768 0.0664768 0.0659647 0.0666353 0.0666313 0.0656535 0.0657017 0.0665568 0.0665568 0.0674588 0.0630865 0.0629204 0.0678975 0.0636813 0.0662764 0.0645772 0.0743698 0.0769538 0.0742592 0.0696395 0.0695734 0.0751373 0.0733465 0.0768261 0.0761740 0.0750741 0.0743199 0.0732196 0.0735068 0.0770100 0.0742723 0.0740113 0.0716234 0.0698324 0.0697549 0.0698611 0.0698611 0.0725293 0.0708398 0.0706143 0.0697602 0.0709375 0.0681691 0.0707154 0.0709137 0.0636682 0.0698859 0.0697560 0.0666632 0.0689812 0.0680764 0.0657922 0.0671248 0.0681009 0.0604804 0.0596675 0.0596675 0.0671162 0.0680267 0.0664245 0.0691776 0.0665004 0.0680706 0.0663537 0.0680627 0.0680636 0.0679938 0.0672891 0.0665232 0.0655736 0.0672443 0.0613291 0.0663424 0.0662810 0.0665203 0.0645937 0.0638442 0.0664083 0.0620592 0.0654860 0.0654414 0.0663994 0.0654277 0.0641364 0.0646655 0.0629182 0.0629182 0.0633506 0.0637532 0.0637532 
EF492511                                                           0.0454660 0.0000000 0.0450904 0.0638949 0.0622277 0.0677668 0.0651385 0.0633765 0.0633869 0.0615268 0.0619512 0.0626946 0.0618167 0.0609660 0.0593173 0.0584429 0.0584429 0.0603691 0.0609062 0.0602557 0.0600979 0.0601904 0.0626548 0.0609498 0.0609768 0.0600694 0.0601504 0.0601937 0.0593163 0.0592312 0.0592220 0.0592220 0.0600108 0.0584464 0.0584000 0.0584000 0.0576929 0.0666092 0.0606871 0.0605164 0.0580778 0.0580778 0.0574081 0.0579780 0.0615001 0.0588950 0.0606010 0.0597655 0.0597655 0.0605584 0.0532087 0.0521436 0.0537927 0.0513852 0.0522298 0.0504457 0.0681695 0.0706821 0.0680703 0.0620378 0.0628401 0.0656265 0.0655440 0.0689123 0.0682589 0.0672176 0.0656028 0.0654346 0.0656835 0.0690729 0.0664346 0.0662072 0.0655138 0.0638915 0.0638233 0.0647721 0.0647721 0.0647472 0.0647448 0.0629124 0.0637145 0.0632302 0.0621761 0.0630005 0.0623454 0.0586936 0.0621938 0.0612606 0.0590919 0.0613231 0.0620758 0.0582102 0.0578879 0.0604728 0.0530904 0.0522998 0.0522998 0.0595331 0.0604091 0.0588466 0.0614924 0.0589116 0.0604469 0.0587846 0.0604398 0.0604409 0.0595625 0.0588546 0.0589314 0.0580215 0.0588257 0.0554194 0.0587755 0.0587224 0.0589286 0.0570867 0.0579603 0.0588316 0.0546569 0.0579464 0.0562987 0.0571043 0.0578966 0.0566025 0.0571488 0.0554619 0.0554619 0.0558341 0.0562721 0.0562721 
JF791031                                                           0.0659268 0.0450904 0.0000000 0.0417952 0.0401924 0.0404123 0.0387869 0.0379610 0.0371495 0.0354568 0.0348373 0.0356551 0.0355907 0.0348145 0.0332415 0.0324296 0.0324296 0.0333056 0.0339347 0.0332436 0.0331594 0.0332080 0.0356337 0.0340299 0.0340440 0.0332114 0.0332567 0.0332795 0.0324667 0.0324196 0.0324154 0.0324154 0.0328406 0.0316573 0.0316324 0.0316324 0.0313754 0.0442485 0.0402483 0.0401385 0.0393452 0.0393452 0.0392377 0.0379211 0.0393749 0.0385641 0.0385363 0.0377377 0.0377377 0.0382329 0.0322184 0.0336953 0.0375391 0.0336451 0.0360033 0.0340797 0.0449437 0.0473555 0.0448791 0.0407716 0.0431300 0.0440766 0.0449537 0.0472528 0.0465685 0.0456309 0.0456810 0.0455479 0.0457155 0.0473767 0.0464540 0.0455752 0.0448982 0.0409089 0.0408667 0.0417490 0.0417490 0.0392474 0.0424492 0.0408404 0.0400195 0.0402268 0.0416509 0.0408710 0.0393999 0.0384475 0.0400883 0.0376603 0.0362495 0.0392249 0.0384255 0.0377809 0.0376020 0.0392709 0.0329251 0.0321565 0.0321565 0.0375964 0.0384193 0.0361153 0.0393724 0.0369296 0.0368780 0.0368515 0.0384373 0.0384386 0.0360634 0.0368942 0.0369421 0.0376607 0.0361009 0.0368694 0.0352809 0.0336977 0.0369397 0.0352431 0.0368465 0.0368798 0.0337253 0.0360538 0.0360301 0.0356961 0.0360245 0.0346598 0.0352809 0.0336810 0.0336810 0.0339030 0.0329118 0.0329118 
AY160124.1_Symbiodinium_sp._G15                                    0.0706489 0.0638949 0.0417952 0.0000000 0.0014078 0.0397030 0.0388479 0.0357199 0.0372391 0.0332791 0.0342693 0.0334614 0.0357355 0.0349452 0.0333996 0.0326017 0.0326017 0.0327628 0.0333837 0.0327028 0.0310907 0.0326683 0.0334417 0.0318750 0.0318880 0.0326064 0.0311181 0.0311390 0.0303458 0.0318297 0.0302988 0.0302988 0.0306885 0.0310814 0.0310574 0.0310574 0.0300109 0.0402681 0.0363752 0.0362785 0.0355063 0.0355063 0.0345471 0.0348799 0.0355323 0.0347450 0.0347204 0.0339440 0.0339440 0.0343796 0.0309163 0.0339000 0.0361427 0.0315667 0.0346350 0.0327325 0.0434414 0.0458091 0.0433801 0.0408815 0.0439754 0.0457377 0.0450329 0.0465183 0.0458432 0.0449230 0.0433786 0.0456410 0.0458065 0.0457274 0.0457325 0.0440206 0.0433528 0.0402208 0.0401799 0.0401813 0.0401813 0.0417933 0.0410187 0.0409235 0.0378045 0.0403202 0.0401698 0.0394047 0.0395065 0.0331829 0.0386366 0.0385700 0.0356415 0.0386130 0.0385663 0.0356068 0.0354398 0.0378358 0.0308593 0.0316224 0.0316224 0.0361969 0.0370028 0.0355020 0.0379318 0.0370756 0.0370245 0.0354646 0.0370197 0.0370210 0.0362212 0.0355050 0.0363152 0.0347249 0.0362599 0.0354898 0.0354604 0.0339018 0.0355480 0.0338885 0.0354600 0.0354914 0.0331682 0.0346827 0.0346603 0.0351426 0.0346551 0.0333090 0.0339242 0.0323561 0.0323561 0.0317900 0.0316011 0.0316011 
HE653239_Symbiodinium_voratum                                      0.0689340 0.0622277 0.0401924 0.0014078 0.0000000 0.0381268 0.0372779 0.0341621 0.0356771 0.0317361 0.0327126 0.0319093 0.0341772 0.0333903 0.0318505 0.0310569 0.0310569 0.0312100 0.0318354 0.0311529 0.0295502 0.0311201 0.0318907 0.0303310 0.0303433 0.0310613 0.0295763 0.0295960 0.0288072 0.0302879 0.0287626 0.0287626 0.0291318 0.0295415 0.0295187 0.0295187 0.0284518 0.0386985 0.0348201 0.0347279 0.0339585 0.0339585 0.0329777 0.0332948 0.0339833 0.0331997 0.0331763 0.0324031 0.0324031 0.0328182 0.0293852 0.0323613 0.0345983 0.0300385 0.0330949 0.0311816 0.0418587 0.0442176 0.0417997 0.0393159 0.0423995 0.0441488 0.0434437 0.0449267 0.0442502 0.0433380 0.0417983 0.0440558 0.0442150 0.0441388 0.0441438 0.0424429 0.0417736 0.0386530 0.0386138 0.0386152 0.0386152 0.0402193 0.0394474 0.0393561 0.0362490 0.0387481 0.0386041 0.0378415 0.0379390 0.0316446 0.0370758 0.0370121 0.0340874 0.0370533 0.0370086 0.0340544 0.0338952 0.0362789 0.0293311 0.0300913 0.0300913 0.0346500 0.0354515 0.0339546 0.0363708 0.0355210 0.0354722 0.0339188 0.0354676 0.0354689 0.0346732 0.0339573 0.0347629 0.0331806 0.0347100 0.0339429 0.0339148 0.0323629 0.0339983 0.0323503 0.0339144 0.0339443 0.0316306 0.0331404 0.0331190 0.0335790 0.0331141 0.0317646 0.0323843 0.0308236 0.0308236 0.0302504 0.0300711 0.0300711 
AJ271758.1_Symbiodinium_sp.                                        0.0774398 0.0677668 0.0404123 0.0397030 0.0381268 0.0000000 0.0136476 0.0158546 0.0121739 0.0151271 0.0158948 0.0136822 0.0107377 0.0100085 0.0085642 0.0078379 0.0078379 0.0144432 0.0151114 0.0144173 0.0129248 0.0144025 0.0136746 0.0122053 0.0122099 0.0114661 0.0114814 0.0114886 0.0107521 0.0107369 0.0107358 0.0107358 0.0108708 0.0100187 0.0100112 0.0100112 0.0101750 0.0453753 0.0414044 0.0412923 0.0405047 0.0405047 0.0396129 0.0391272 0.0397574 0.0397296 0.0389257 0.0389082 0.0389082 0.0394142 0.0311227 0.0318508 0.0363938 0.0310185 0.0348751 0.0329613 0.0453439 0.0477384 0.0452793 0.0419677 0.0466646 0.0468747 0.0453798 0.0476627 0.0469840 0.0460514 0.0461017 0.0467746 0.0469459 0.0477596 0.0468693 0.0451374 0.0444660 0.0397153 0.0396748 0.0397570 0.0397570 0.0421010 0.0428910 0.0420113 0.0396362 0.0398140 0.0412511 0.0404788 0.0405844 0.0380796 0.0397037 0.0396347 0.0366829 0.0388901 0.0388568 0.0396944 0.0380133 0.0388946 0.0356951 0.0364716 0.0364716 0.0372374 0.0380519 0.0365381 0.0389941 0.0381274 0.0372941 0.0364993 0.0380695 0.0380708 0.0380335 0.0365412 0.0373602 0.0357535 0.0373028 0.0357493 0.0364949 0.0349210 0.0365859 0.0349071 0.0364945 0.0365271 0.0349635 0.0357096 0.0356863 0.0361870 0.0356808 0.0343276 0.0349441 0.0333602 0.0333602 0.0327976 0.0325984 0.0325984 
AJ271759.1_Symbiodinium_sp.                                        0.0755783 0.0651385 0.0387869 0.0388479 0.0372779 0.0136476 0.0000000 0.0136372 0.0099858 0.0129138 0.0136716 0.0114753 0.0085561 0.0078327 0.0063977 0.0056777 0.0056777 0.0122271 0.0129004 0.0122052 0.0107266 0.0121927 0.0114681 0.0100105 0.0100142 0.0092784 0.0092907 0.0092964 0.0085675 0.0085555 0.0085546 0.0085546 0.0086609 0.0078407 0.0078348 0.0078348 0.0079624 0.0444956 0.0405402 0.0404308 0.0396462 0.0396462 0.0387436 0.0382532 0.0389010 0.0388739 0.0380735 0.0380564 0.0380564 0.0385499 0.0303009 0.0310273 0.0355554 0.0301997 0.0340418 0.0321255 0.0444650 0.0468501 0.0444018 0.0411059 0.0457856 0.0459910 0.0445001 0.0467761 0.0460977 0.0451714 0.0452205 0.0458932 0.0460606 0.0468708 0.0459857 0.0442632 0.0435921 0.0388600 0.0388204 0.0389006 0.0389006 0.0412359 0.0420230 0.0411484 0.0372109 0.0389562 0.0403905 0.0396210 0.0397240 0.0372320 0.0388486 0.0387813 0.0358369 0.0380387 0.0387776 0.0380584 0.0371674 0.0380431 0.0340853 0.0348576 0.0348576 0.0363944 0.0372050 0.0356960 0.0381402 0.0357328 0.0364496 0.0356581 0.0372222 0.0372234 0.0371871 0.0356990 0.0365140 0.0349144 0.0364580 0.0349103 0.0356539 0.0340864 0.0357425 0.0340729 0.0356535 0.0356852 0.0341278 0.0348717 0.0348491 0.0353366 0.0348438 0.0334910 0.0341089 0.0325318 0.0325318 0.0319662 0.0317726 0.0317726 
AJ271754.1_Symbiodinium_sp.                                        0.0694597 0.0633765 0.0379610 0.0357199 0.0341621 0.0158546 0.0136372 0.0000000 0.0121649 0.0092774 0.0100203 0.0078477 0.0107298 0.0100012 0.0085579 0.0078322 0.0078322 0.0085853 0.0092680 0.0085698 0.0071140 0.0085611 0.0078435 0.0064020 0.0064043 0.0071109 0.0056877 0.0056912 0.0049718 0.0063930 0.0049643 0.0049643 0.0050258 0.0056813 0.0056771 0.0056771 0.0057691 0.0397537 0.0358399 0.0357442 0.0349678 0.0349678 0.0339976 0.0334765 0.0342259 0.0342023 0.0334126 0.0333977 0.0333977 0.0338288 0.0249556 0.0256791 0.0317020 0.0248728 0.0301986 0.0282549 0.0405036 0.0428674 0.0404463 0.0371929 0.0418350 0.0420212 0.0405353 0.0428000 0.0421177 0.0412111 0.0404780 0.0411562 0.0413048 0.0428860 0.0404283 0.0403209 0.0396459 0.0349569 0.0349216 0.0365383 0.0365383 0.0373091 0.0380894 0.0372307 0.0348880 0.0350426 0.0364769 0.0357135 0.0358056 0.0333506 0.0349469 0.0348868 0.0319511 0.0341471 0.0348834 0.0333876 0.0332930 0.0341509 0.0302373 0.0310027 0.0310027 0.0325266 0.0333265 0.0325871 0.0342377 0.0318590 0.0325756 0.0317928 0.0333416 0.0333428 0.0333104 0.0318289 0.0326327 0.0310525 0.0325830 0.0279719 0.0317892 0.0302379 0.0318675 0.0302261 0.0317887 0.0318167 0.0302746 0.0310149 0.0309948 0.0314267 0.0309903 0.0296286 0.0302579 0.0286990 0.0286990 0.0281151 0.0279457 0.0279457 
AJ271756.1_Symbiodinium_sp.                                        0.0737470 0.0633869 0.0371495 0.0372391 0.0356771 0.0121739 0.0099858 0.0121649 0.0000000 0.0114443 0.0121963 0.0100108 0.0071093 0.0063899 0.0049615 0.0042459 0.0042459 0.0107561 0.0114327 0.0107367 0.0092693 0.0107257 0.0100054 0.0085554 0.0085586 0.0078280 0.0078384 0.0078433 0.0071188 0.0071088 0.0071081 0.0071081 0.0071962 0.0063964 0.0063916 0.0063916 0.0064953 0.0428546 0.0389185 0.0388140 0.0380332 0.0380332 0.0371084 0.0366080 0.0372900 0.0372642 0.0364685 0.0364521 0.0364521 0.0369236 0.0287355 0.0294602 0.0339706 0.0286398 0.0324629 0.0305376 0.0428252 0.0451987 0.0427646 0.0394901 0.0441488 0.0443460 0.0428589 0.0451275 0.0444483 0.0435313 0.0435783 0.0442521 0.0444128 0.0452185 0.0443409 0.0426316 0.0419597 0.0372509 0.0372131 0.0372896 0.0372896 0.0396143 0.0403976 0.0395307 0.0356136 0.0365710 0.0387753 0.0380092 0.0381076 0.0356337 0.0372401 0.0371759 0.0342384 0.0364353 0.0371723 0.0364542 0.0355721 0.0364395 0.0325044 0.0332730 0.0332730 0.0348027 0.0356080 0.0341044 0.0365322 0.0341394 0.0348553 0.0340683 0.0356242 0.0356255 0.0355908 0.0341071 0.0349166 0.0333268 0.0348633 0.0333230 0.0340643 0.0325053 0.0341486 0.0309684 0.0340639 0.0340940 0.0325447 0.0332863 0.0332647 0.0337288 0.0332598 0.0319049 0.0325268 0.0309590 0.0309590 0.0303865 0.0302030 0.0302030 
AJ271764.1_Symbiodinium_sp.                                        0.0649793 0.0615268 0.0354568 0.0332791 0.0317361 0.0151271 0.0129138 0.0092774 0.0114443 0.0000000 0.0093005 0.0071312 0.0100101 0.0092827 0.0078413 0.0071171 0.0071171 0.0078664 0.0085513 0.0078522 0.0063998 0.0078442 0.0071273 0.0056882 0.0056903 0.0063971 0.0049746 0.0049776 0.0042597 0.0056802 0.0042533 0.0042533 0.0043059 0.0049690 0.0049653 0.0049653 0.0050458 0.0372684 0.0333903 0.0333019 0.0325326 0.0325326 0.0315311 0.0309962 0.0310100 0.0317734 0.0302097 0.0309782 0.0309782 0.0313757 0.0241105 0.0233218 0.0308212 0.0240309 0.0293258 0.0273832 0.0364461 0.0387794 0.0363950 0.0331966 0.0377832 0.0379494 0.0364743 0.0387189 0.0380353 0.0371521 0.0371915 0.0378706 0.0380058 0.0387958 0.0379454 0.0362834 0.0356069 0.0309791 0.0309482 0.0325372 0.0325372 0.0332988 0.0340692 0.0332297 0.0309188 0.0310541 0.0324829 0.0317283 0.0318092 0.0294005 0.0309706 0.0309178 0.0280018 0.0301839 0.0309149 0.0309553 0.0301280 0.0301872 0.0270803 0.0278371 0.0278371 0.0285933 0.0293794 0.0278941 0.0302631 0.0279222 0.0286358 0.0278646 0.0293924 0.0293936 0.0293653 0.0278960 0.0286855 0.0271305 0.0286422 0.0256068 0.0278616 0.0263324 0.0279295 0.0263223 0.0278612 0.0278853 0.0263642 0.0270981 0.0270807 0.0274551 0.0270770 0.0257114 0.0263498 0.0248148 0.0248148 0.0242147 0.0240700 0.0240700 
L13718.1_Symbiodinium_meandrinae                                   0.0680174 0.0619512 0.0348373 0.0342693 0.0327126 0.0158948 0.0136716 0.0100203 0.0121963 0.0093005 0.0000000 0.0078672 0.0107565 0.0100261 0.0085792 0.0078516 0.0078516 0.0014194 0.0035454 0.0028411 0.0028345 0.0028383 0.0078630 0.0064179 0.0064202 0.0071286 0.0057018 0.0057053 0.0049841 0.0064088 0.0049766 0.0049766 0.0050383 0.0056954 0.0056911 0.0056911 0.0057837 0.0398601 0.0359352 0.0358389 0.0350604 0.0350604 0.0340889 0.0327467 0.0343165 0.0342928 0.0335008 0.0334858 0.0334858 0.0339192 0.0265329 0.0272588 0.0333142 0.0264445 0.0318032 0.0298666 0.0421810 0.0445592 0.0421211 0.0388424 0.0435109 0.0437056 0.0422142 0.0444888 0.0438067 0.0428897 0.0429361 0.0436130 0.0437716 0.0445787 0.0428987 0.0419898 0.0413149 0.0365971 0.0365600 0.0381894 0.0381894 0.0389647 0.0397495 0.0388823 0.0365246 0.0366874 0.0381250 0.0373573 0.0374542 0.0349782 0.0365866 0.0365233 0.0335774 0.0342159 0.0365198 0.0342551 0.0349175 0.0357848 0.0303164 0.0295584 0.0295584 0.0341466 0.0349528 0.0334457 0.0358761 0.0334801 0.0341983 0.0334102 0.0349688 0.0349701 0.0349359 0.0334483 0.0342586 0.0326668 0.0342062 0.0311113 0.0334063 0.0318447 0.0334891 0.0318322 0.0334058 0.0334354 0.0318835 0.0326270 0.0326058 0.0330619 0.0326009 0.0312399 0.0318659 0.0302959 0.0302959 0.0297183 0.0295384 0.0295384 
KU188508.1_Symbiodinium_sp.                                        0.0687162 0.0626946 0.0356551 0.0334614 0.0319093 0.0136822 0.0114753 0.0078477 0.0100108 0.0071312 0.0078672 0.0000000 0.0085775 0.0078523 0.0064137 0.0056919 0.0056919 0.0064342 0.0071240 0.0064226 0.0049761 0.0064161 0.0056915 0.0042584 0.0042600 0.0049740 0.0035468 0.0035490 0.0028347 0.0042588 0.0028347 0.0028347 0.0028697 0.0035482 0.0035455 0.0035455 0.0036030 0.0390335 0.0351200 0.0350262 0.0342500 0.0342500 0.0332679 0.0327413 0.0335074 0.0334844 0.0326950 0.0326804 0.0326804 0.0331027 0.0242402 0.0249645 0.0309884 0.0241597 0.0294846 0.0275327 0.0389979 0.0413574 0.0389427 0.0364769 0.0411192 0.0413023 0.0398150 0.0420812 0.0413971 0.0404927 0.0405363 0.0412153 0.0413644 0.0421657 0.0412977 0.0396044 0.0389276 0.0342392 0.0342046 0.0358199 0.0358199 0.0365908 0.0373710 0.0365139 0.0341717 0.0343231 0.0357597 0.0349962 0.0350864 0.0326344 0.0342295 0.0341706 0.0312319 0.0334303 0.0341673 0.0334476 0.0325781 0.0334340 0.0295224 0.0302877 0.0302877 0.0318117 0.0326108 0.0311102 0.0335190 0.0311419 0.0318595 0.0310771 0.0326255 0.0326268 0.0325950 0.0311125 0.0319155 0.0303363 0.0318668 0.0287914 0.0310736 0.0295229 0.0311502 0.0295114 0.0310732 0.0311005 0.0295588 0.0302996 0.0302800 0.0307022 0.0302756 0.0289101 0.0295425 0.0279846 0.0279846 0.0273963 0.0272311 0.0272311 
AB055917.1_Symbiodinium_sp.                                        0.0721316 0.0618167 0.0355907 0.0357355 0.0341772 0.0107377 0.0085561 0.0107298 0.0071093 0.0100101 0.0107565 0.0085775 0.0000000 0.0049681 0.0035426 0.0028296 0.0028296 0.0093185 0.0099999 0.0093017 0.0078404 0.0092922 0.0085729 0.0071269 0.0071295 0.0064024 0.0064109 0.0064148 0.0056929 0.0056849 0.0056844 0.0056844 0.0057548 0.0049731 0.0049694 0.0049694 0.0043259 0.0413349 0.0374070 0.0373067 0.0365276 0.0365276 0.0348006 0.0342845 0.0357845 0.0357598 0.0349664 0.0349508 0.0349508 0.0354027 0.0272514 0.0279765 0.0324813 0.0271607 0.0309755 0.0290368 0.0413066 0.0436752 0.0412481 0.0379855 0.0426361 0.0404176 0.0389350 0.0411933 0.0405100 0.0396121 0.0412137 0.0418902 0.0420415 0.0436942 0.0419738 0.0411200 0.0404457 0.0357470 0.0357108 0.0357841 0.0357841 0.0372721 0.0365035 0.0380243 0.0356764 0.0358348 0.0372695 0.0365047 0.0365990 0.0341359 0.0357367 0.0356751 0.0327370 0.0349347 0.0356717 0.0349528 0.0340770 0.0349387 0.0310152 0.0317822 0.0317822 0.0333090 0.0341113 0.0326091 0.0350275 0.0326425 0.0333593 0.0325745 0.0341268 0.0341280 0.0340948 0.0326116 0.0334179 0.0318334 0.0333669 0.0318297 0.0325708 0.0310159 0.0326512 0.0310037 0.0325704 0.0325991 0.0310536 0.0317948 0.0317741 0.0322174 0.0317695 0.0304093 0.0310364 0.0294735 0.0294735 0.0288931 0.0287187 0.0287187 
AJ271757.1_Symbiodinium_sp.                                        0.0712471 0.0609660 0.0348145 0.0349452 0.0333903 0.0100085 0.0078327 0.0100012 0.0063899 0.0092827 0.0100261 0.0078523 0.0049681 0.0000000 0.0028303 0.0021194 0.0021194 0.0085902 0.0092733 0.0085748 0.0071181 0.0085660 0.0078480 0.0064057 0.0064080 0.0056834 0.0056910 0.0056945 0.0049747 0.0049677 0.0049672 0.0049672 0.0050287 0.0042570 0.0042538 0.0042538 0.0043227 0.0405305 0.0366108 0.0365129 0.0357354 0.0357354 0.0347765 0.0342605 0.0349931 0.0349690 0.0341777 0.0341624 0.0341624 0.0346037 0.0264800 0.0272045 0.0317017 0.0263920 0.0301985 0.0282549 0.0405028 0.0428664 0.0404455 0.0371923 0.0418341 0.0420202 0.0405345 0.0427990 0.0421168 0.0412103 0.0412546 0.0419318 0.0413039 0.0428850 0.0420156 0.0403201 0.0396451 0.0349564 0.0349212 0.0349927 0.0349927 0.0373086 0.0380887 0.0372302 0.0348876 0.0350422 0.0364764 0.0357130 0.0358051 0.0333503 0.0349465 0.0348864 0.0319508 0.0341467 0.0348830 0.0341644 0.0332927 0.0341506 0.0302371 0.0310025 0.0310025 0.0325263 0.0333262 0.0318263 0.0342373 0.0318588 0.0325753 0.0317926 0.0333413 0.0333425 0.0333101 0.0318287 0.0326325 0.0310523 0.0325827 0.0310488 0.0317889 0.0302378 0.0318673 0.0302259 0.0317885 0.0318165 0.0302745 0.0310147 0.0309946 0.0314265 0.0309901 0.0296285 0.0302578 0.0286990 0.0286990 0.0281151 0.0279456 0.0279456 
AB863030.1_Symbiodinium_sp.                                        0.0695374 0.0593173 0.0332415 0.0333996 0.0318505 0.0085642 0.0063977 0.0085579 0.0049615 0.0078413 0.0085792 0.0064137 0.0035426 0.0028303 0.0000000 0.0007046 0.0007046 0.0071464 0.0078334 0.0071335 0.0056849 0.0071263 0.0064102 0.0049738 0.0049756 0.0042554 0.0042610 0.0042636 0.0035473 0.0035423 0.0035420 0.0035420 0.0035858 0.0028332 0.0028311 0.0028311 0.0028769 0.0389609 0.0350549 0.0349615 0.0341867 0.0341867 0.0332054 0.0326794 0.0334455 0.0334225 0.0326347 0.0326202 0.0326202 0.0330409 0.0249656 0.0256893 0.0301750 0.0248827 0.0286757 0.0267210 0.0389344 0.0412899 0.0388794 0.0356426 0.0402700 0.0404487 0.0389648 0.0412251 0.0405412 0.0396424 0.0396849 0.0403639 0.0405093 0.0413077 0.0404443 0.0387592 0.0380826 0.0334105 0.0333769 0.0334451 0.0334451 0.0357536 0.0365311 0.0356787 0.0333449 0.0334921 0.0349265 0.0341654 0.0342532 0.0318127 0.0334011 0.0333438 0.0304114 0.0326052 0.0333406 0.0326221 0.0317579 0.0326089 0.0287124 0.0294751 0.0294751 0.0309941 0.0317897 0.0302933 0.0326915 0.0303241 0.0310405 0.0302611 0.0318040 0.0318052 0.0317744 0.0302955 0.0310949 0.0295222 0.0310475 0.0295188 0.0302578 0.0287129 0.0303321 0.0287017 0.0302573 0.0302838 0.0287477 0.0294866 0.0294675 0.0298775 0.0294633 0.0280980 0.0287319 0.0271801 0.0271801 0.0265889 0.0264289 0.0264289 
AB016579.1_Symbiodinium_sp.                                        0.0686210 0.0584429 0.0324296 0.0326017 0.0310569 0.0078379 0.0056777 0.0078322 0.0042459 0.0071171 0.0078516 0.0056919 0.0028296 0.0021194 0.0007046 0.0000000 0.0000010 0.0064214 0.0071099 0.0064099 0.0049663 0.0064034 0.0056889 0.0042564 0.0042580 0.0035405 0.0035452 0.0035473 0.0028333 0.0028293 0.0028291 0.0028291 0.0028640 0.0021215 0.0021199 0.0021199 0.0021541 0.0381459 0.0342503 0.0341593 0.0333865 0.0333865 0.0323946 0.0318638 0.0326465 0.0326241 0.0318388 0.0318246 0.0318246 0.0322344 0.0241906 0.0249135 0.0293895 0.0241105 0.0278934 0.0259348 0.0381201 0.0404693 0.0380663 0.0348407 0.0394567 0.0396313 0.0381497 0.0404059 0.0397218 0.0388277 0.0388692 0.0395485 0.0396906 0.0404866 0.0396271 0.0379489 0.0372720 0.0326124 0.0325797 0.0326461 0.0326461 0.0349488 0.0357243 0.0348758 0.0325485 0.0326919 0.0341251 0.0333658 0.0334513 0.0310202 0.0326033 0.0325474 0.0296191 0.0318101 0.0325443 0.0318266 0.0309669 0.0318136 0.0279291 0.0286898 0.0286898 0.0302050 0.0309979 0.0295044 0.0318941 0.0295343 0.0302502 0.0294732 0.0310117 0.0310130 0.0309829 0.0295065 0.0303030 0.0287354 0.0302570 0.0287322 0.0294699 0.0279295 0.0295421 0.0279187 0.0294695 0.0294952 0.0279633 0.0287009 0.0286824 0.0290808 0.0286783 0.0273123 0.0279480 0.0264010 0.0264010 0.0258066 0.0256516 0.0256516 
AB016572.1_Symbiodinium_sp.                                        0.0686210 0.0584429 0.0324296 0.0326017 0.0310569 0.0078379 0.0056777 0.0078322 0.0042459 0.0071171 0.0078516 0.0056919 0.0028296 0.0021194 0.0007046 0.0000010 0.0000000 0.0064214 0.0071099 0.0064099 0.0049663 0.0064034 0.0056889 0.0042564 0.0042580 0.0035405 0.0035452 0.0035473 0.0028333 0.0028293 0.0028291 0.0028291 0.0028640 0.0021215 0.0021199 0.0021199 0.0021541 0.0381459 0.0342503 0.0341593 0.0333865 0.0333865 0.0323946 0.0318638 0.0326465 0.0326241 0.0318388 0.0318246 0.0318246 0.0322344 0.0241906 0.0249135 0.0293895 0.0241105 0.0278934 0.0259348 0.0381201 0.0404693 0.0380663 0.0348407 0.0394567 0.0396313 0.0381497 0.0404059 0.0397218 0.0388277 0.0388692 0.0395485 0.0396906 0.0404866 0.0396271 0.0379489 0.0372720 0.0326124 0.0325797 0.0326461 0.0326461 0.0349488 0.0357243 0.0348758 0.0325485 0.0326919 0.0341251 0.0333658 0.0334513 0.0310202 0.0326033 0.0325474 0.0296191 0.0318101 0.0325443 0.0318266 0.0309669 0.0318136 0.0279291 0.0286898 0.0286898 0.0302050 0.0309979 0.0295044 0.0318941 0.0295343 0.0302502 0.0294732 0.0310117 0.0310130 0.0309829 0.0295065 0.0303030 0.0287354 0.0302570 0.0287322 0.0294699 0.0279295 0.0295421 0.0279187 0.0294695 0.0294952 0.0279633 0.0287009 0.0286824 0.0290808 0.0286783 0.0273123 0.0279480 0.0264010 0.0264010 0.0258066 0.0256516 0.0256516 
L13717.1_Symbiodinium_corculorum                                   0.0663967 0.0603691 0.0333056 0.0327628 0.0312100 0.0144432 0.0122271 0.0085853 0.0107561 0.0078664 0.0014194 0.0064342 0.0093185 0.0085902 0.0071464 0.0064214 0.0064214 0.0000000 0.0021263 0.0014200 0.0014167 0.0014185 0.0064307 0.0049896 0.0049914 0.0057005 0.0042746 0.0042772 0.0035586 0.0049826 0.0035532 0.0035532 0.0035973 0.0042698 0.0042666 0.0042666 0.0043359 0.0375610 0.0344205 0.0343285 0.0335517 0.0335517 0.0325574 0.0312079 0.0328081 0.0327855 0.0319960 0.0319817 0.0319817 0.0323955 0.0250469 0.0257730 0.0318181 0.0249635 0.0303092 0.0283595 0.0406538 0.0430265 0.0405960 0.0373299 0.0419893 0.0421769 0.0406857 0.0429586 0.0422742 0.0413637 0.0414084 0.0420877 0.0422405 0.0430453 0.0413724 0.0404697 0.0397925 0.0350858 0.0350502 0.0366733 0.0366733 0.0374470 0.0382302 0.0373680 0.0350164 0.0351721 0.0366114 0.0358452 0.0359380 0.0334732 0.0350757 0.0350152 0.0320690 0.0327121 0.0350118 0.0327495 0.0334153 0.0342767 0.0288236 0.0280670 0.0280670 0.0326460 0.0334490 0.0319435 0.0343641 0.0319763 0.0326953 0.0319095 0.0334642 0.0334654 0.0334328 0.0319459 0.0327529 0.0311666 0.0327028 0.0296154 0.0319059 0.0303488 0.0319848 0.0303369 0.0319054 0.0319336 0.0303857 0.0311287 0.0311085 0.0315435 0.0311039 0.0297378 0.0303689 0.0288041 0.0288041 0.0282187 0.0280480 0.0280480 
AB055918.1_Symbiodinium_sp.                                        0.0669211 0.0609062 0.0339347 0.0333837 0.0318354 0.0151114 0.0129004 0.0092680 0.0114327 0.0085513 0.0035454 0.0071240 0.0099999 0.0092733 0.0078334 0.0071099 0.0071099 0.0021263 0.0000000 0.0021226 0.0021176 0.0021204 0.0071201 0.0056824 0.0056845 0.0063906 0.0049695 0.0049726 0.0042554 0.0056745 0.0042490 0.0042490 0.0043015 0.0049640 0.0049603 0.0049603 0.0050406 0.0389420 0.0350381 0.0349448 0.0341704 0.0341704 0.0331894 0.0318484 0.0334296 0.0334066 0.0326192 0.0326047 0.0326047 0.0330250 0.0256895 0.0264127 0.0324384 0.0256043 0.0309346 0.0289980 0.0412515 0.0436168 0.0411931 0.0379350 0.0425794 0.0427690 0.0412838 0.0435482 0.0428674 0.0419580 0.0420032 0.0426789 0.0428333 0.0436358 0.0427643 0.0410653 0.0403918 0.0356994 0.0356634 0.0372825 0.0372825 0.0380538 0.0388345 0.0379737 0.0356291 0.0357870 0.0372199 0.0364561 0.0365502 0.0340907 0.0356892 0.0356278 0.0326934 0.0348883 0.0356244 0.0333700 0.0340318 0.0348923 0.0294544 0.0287001 0.0287001 0.0332649 0.0340660 0.0325659 0.0349809 0.0325992 0.0333150 0.0325314 0.0340815 0.0340828 0.0340496 0.0325684 0.0333735 0.0317912 0.0333226 0.0302443 0.0325276 0.0309748 0.0326079 0.0309627 0.0325272 0.0325559 0.0310124 0.0317526 0.0317321 0.0321741 0.0317274 0.0296095 0.0309953 0.0294345 0.0294345 0.0288547 0.0286807 0.0286807 
X62650.1_S.pilosum                                                 0.0662696 0.0602557 0.0332436 0.0327028 0.0311529 0.0144173 0.0122052 0.0085698 0.0107367 0.0078522 0.0028411 0.0064226 0.0093017 0.0085748 0.0071335 0.0064099 0.0064099 0.0014200 0.0021226 0.0000000 0.0014142 0.0014160 0.0064192 0.0049807 0.0049825 0.0056903 0.0042669 0.0042696 0.0035523 0.0049737 0.0035469 0.0035469 0.0035908 0.0042622 0.0042589 0.0042589 0.0043280 0.0382657 0.0343571 0.0342655 0.0334902 0.0334902 0.0324967 0.0311494 0.0327478 0.0327253 0.0319374 0.0319231 0.0319231 0.0323354 0.0250013 0.0257261 0.0317601 0.0249182 0.0302540 0.0283073 0.0405787 0.0429470 0.0405212 0.0372614 0.0419122 0.0420990 0.0406105 0.0428793 0.0421960 0.0412875 0.0413320 0.0420102 0.0421624 0.0429657 0.0420944 0.0403953 0.0397192 0.0350214 0.0349860 0.0366058 0.0366058 0.0373781 0.0381598 0.0372994 0.0349523 0.0351074 0.0365442 0.0357794 0.0358718 0.0334120 0.0350114 0.0349510 0.0320101 0.0342100 0.0349477 0.0326895 0.0333542 0.0342139 0.0287711 0.0280158 0.0280158 0.0325864 0.0333878 0.0318851 0.0343009 0.0319177 0.0326355 0.0318512 0.0334029 0.0334042 0.0333716 0.0318875 0.0326929 0.0311096 0.0326429 0.0295613 0.0318476 0.0302934 0.0319262 0.0302815 0.0318472 0.0318752 0.0303303 0.0310719 0.0310517 0.0314852 0.0310472 0.0296833 0.0303135 0.0287517 0.0287517 0.0281670 0.0279969 0.0279969 
AB016723.1_Symbiodinium_sp.                                        0.0660919 0.0600979 0.0331594 0.0310907 0.0295502 0.0129248 0.0107266 0.0071140 0.0092693 0.0063998 0.0028345 0.0049761 0.0078404 0.0071181 0.0056849 0.0049663 0.0049663 0.0014167 0.0021176 0.0014142 0.0000000 0.0014127 0.0049735 0.0035440 0.0035452 0.0042513 0.0028337 0.0028354 0.0021232 0.0035390 0.0021200 0.0021200 0.0021461 0.0028305 0.0028284 0.0028284 0.0028741 0.0381692 0.0342711 0.0341799 0.0334066 0.0334066 0.0324144 0.0310702 0.0326662 0.0326438 0.0318579 0.0318437 0.0318437 0.0322540 0.0234371 0.0241596 0.0301621 0.0233595 0.0286634 0.0267095 0.0389175 0.0412719 0.0388625 0.0356273 0.0402526 0.0404311 0.0389478 0.0412071 0.0405235 0.0396252 0.0396676 0.0403463 0.0404916 0.0412896 0.0404267 0.0387424 0.0380661 0.0333961 0.0333625 0.0349700 0.0349700 0.0357381 0.0365153 0.0356633 0.0333305 0.0334776 0.0349114 0.0341506 0.0342384 0.0317990 0.0333867 0.0333294 0.0303983 0.0325912 0.0333262 0.0310783 0.0317443 0.0325948 0.0271868 0.0279467 0.0279467 0.0309808 0.0317761 0.0302803 0.0326774 0.0303110 0.0310272 0.0302482 0.0317904 0.0317916 0.0317607 0.0302825 0.0310815 0.0295095 0.0310342 0.0279710 0.0302448 0.0287006 0.0303191 0.0286894 0.0302444 0.0302708 0.0287354 0.0294739 0.0294549 0.0298645 0.0294507 0.0280860 0.0287196 0.0271685 0.0271685 0.0265775 0.0264177 0.0264177 
AB016724.1_Symbiodinium_sp.                                        0.0661964 0.0601904 0.0332080 0.0326683 0.0311201 0.0144025 0.0121927 0.0085611 0.0107257 0.0078442 0.0028383 0.0064161 0.0092922 0.0085660 0.0071263 0.0064034 0.0064034 0.0014185 0.0021204 0.0014160 0.0014127 0.0000000 0.0064126 0.0049756 0.0049774 0.0056845 0.0042626 0.0042652 0.0035486 0.0049686 0.0035433 0.0035433 0.0035871 0.0042578 0.0042546 0.0042546 0.0043236 0.0382250 0.0343207 0.0342293 0.0334548 0.0334548 0.0324618 0.0311158 0.0327133 0.0326908 0.0319037 0.0318895 0.0318895 0.0323009 0.0249752 0.0256992 0.0317268 0.0248922 0.0302223 0.0282773 0.0405356 0.0429013 0.0404782 0.0372221 0.0418678 0.0420543 0.0405673 0.0428338 0.0421510 0.0412436 0.0412880 0.0419657 0.0421176 0.0429199 0.0420497 0.0403526 0.0396771 0.0349844 0.0349490 0.0365671 0.0365671 0.0373385 0.0381194 0.0372600 0.0349154 0.0350702 0.0365056 0.0357416 0.0358338 0.0333768 0.0349744 0.0349142 0.0319762 0.0341739 0.0349108 0.0326550 0.0333191 0.0341778 0.0287409 0.0279865 0.0279865 0.0325521 0.0333526 0.0318515 0.0342647 0.0318841 0.0326011 0.0318177 0.0333678 0.0333690 0.0333365 0.0318539 0.0326584 0.0310769 0.0326086 0.0295303 0.0318141 0.0302616 0.0318926 0.0302498 0.0318137 0.0318417 0.0302984 0.0310392 0.0310191 0.0314516 0.0310146 0.0296520 0.0302817 0.0287215 0.0287215 0.0281373 0.0279675 0.0279675 
KU188515.1_Symbiodinium_sp.                                        0.0686713 0.0626548 0.0356337 0.0334417 0.0318907 0.0136746 0.0114681 0.0078435 0.0100054 0.0071273 0.0078630 0.0056915 0.0085729 0.0078480 0.0064102 0.0056889 0.0056889 0.0064307 0.0071201 0.0064192 0.0049735 0.0064126 0.0000000 0.0042561 0.0042577 0.0049713 0.0035449 0.0035471 0.0028331 0.0042566 0.0028331 0.0028331 0.0028682 0.0035463 0.0035436 0.0035436 0.0028782 0.0390101 0.0350992 0.0350056 0.0342298 0.0342298 0.0324625 0.0319311 0.0334877 0.0334647 0.0326759 0.0326613 0.0326613 0.0330830 0.0242263 0.0249502 0.0309704 0.0241459 0.0294675 0.0275166 0.0397601 0.0421221 0.0397038 0.0364553 0.0410947 0.0412775 0.0397912 0.0420559 0.0413722 0.0404685 0.0405120 0.0411907 0.0413395 0.0421404 0.0412730 0.0395808 0.0389044 0.0342190 0.0341845 0.0357987 0.0357987 0.0365691 0.0373488 0.0364923 0.0341517 0.0343029 0.0357386 0.0349755 0.0350657 0.0326153 0.0342093 0.0341505 0.0312136 0.0334107 0.0341472 0.0334280 0.0325590 0.0334144 0.0295052 0.0302701 0.0302701 0.0317931 0.0325917 0.0310920 0.0334993 0.0311237 0.0318409 0.0310590 0.0326064 0.0326077 0.0325760 0.0310943 0.0318968 0.0303186 0.0318481 0.0287748 0.0310555 0.0295058 0.0311320 0.0294943 0.0310551 0.0310823 0.0295416 0.0302820 0.0302624 0.0306841 0.0302580 0.0288933 0.0295254 0.0279684 0.0279684 0.0273804 0.0272153 0.0272153 
KU188511.1_Symbiodinium_sp.                                        0.0669149 0.0609498 0.0340299 0.0318750 0.0303310 0.0122053 0.0100105 0.0064020 0.0085554 0.0056882 0.0064179 0.0042584 0.0071269 0.0064057 0.0049738 0.0042564 0.0042564 0.0049896 0.0056824 0.0049807 0.0035440 0.0049756 0.0042561 0.0000000 0.0028317 0.0035424 0.0021219 0.0021232 0.0014132 0.0028309 0.0014132 0.0014132 0.0014306 0.0021227 0.0021211 0.0021211 0.0021552 0.0374149 0.0335209 0.0334318 0.0326593 0.0326593 0.0316558 0.0311196 0.0319189 0.0318971 0.0311124 0.0310985 0.0310985 0.0314992 0.0227016 0.0234243 0.0294223 0.0226265 0.0279245 0.0259640 0.0381630 0.0405149 0.0381091 0.0348798 0.0395010 0.0396760 0.0381928 0.0404514 0.0397666 0.0388714 0.0389130 0.0395929 0.0397354 0.0405323 0.0396717 0.0379914 0.0373139 0.0326490 0.0326162 0.0342207 0.0342207 0.0349881 0.0357645 0.0349150 0.0325850 0.0327287 0.0341634 0.0334032 0.0327242 0.0310549 0.0326399 0.0325839 0.0296524 0.0318457 0.0325808 0.0318623 0.0310015 0.0318493 0.0279603 0.0287218 0.0287218 0.0302388 0.0310326 0.0295375 0.0319299 0.0295674 0.0302840 0.0295061 0.0310465 0.0310477 0.0310176 0.0295396 0.0303370 0.0287676 0.0302909 0.0272311 0.0295029 0.0279607 0.0295753 0.0279498 0.0295024 0.0295282 0.0279946 0.0287330 0.0287144 0.0291137 0.0287104 0.0273430 0.0279792 0.0264305 0.0264305 0.0258356 0.0256803 0.0256803 
KU188514.1_Symbiodinium_sp.                                        0.0669454 0.0609768 0.0340440 0.0318880 0.0303433 0.0122099 0.0100142 0.0064043 0.0085586 0.0056903 0.0064202 0.0042600 0.0071295 0.0064080 0.0049756 0.0042580 0.0042580 0.0049914 0.0056845 0.0049825 0.0035452 0.0049774 0.0042577 0.0028317 0.0000000 0.0035437 0.0021226 0.0021239 0.0014137 0.0028319 0.0014137 0.0014137 0.0014311 0.0021235 0.0021219 0.0021219 0.0021552 0.0374304 0.0335346 0.0334454 0.0326726 0.0326726 0.0316688 0.0311325 0.0319319 0.0319100 0.0311250 0.0311111 0.0311111 0.0315121 0.0227106 0.0234335 0.0294340 0.0226353 0.0279357 0.0259744 0.0381788 0.0405318 0.0381249 0.0348940 0.0395173 0.0396925 0.0382086 0.0404682 0.0397832 0.0388875 0.0389291 0.0396093 0.0397519 0.0405492 0.0396882 0.0380071 0.0373293 0.0326623 0.0326295 0.0342347 0.0342347 0.0350024 0.0357792 0.0349292 0.0325982 0.0327420 0.0341773 0.0334168 0.0335026 0.0310675 0.0326531 0.0325971 0.0296644 0.0318587 0.0325940 0.0318752 0.0310140 0.0318622 0.0279714 0.0287333 0.0287333 0.0302509 0.0310451 0.0295494 0.0319429 0.0295793 0.0302962 0.0295180 0.0310590 0.0310602 0.0310301 0.0295514 0.0303493 0.0287791 0.0303031 0.0272420 0.0295147 0.0279719 0.0295872 0.0279610 0.0295143 0.0295401 0.0280058 0.0287445 0.0287259 0.0291255 0.0287219 0.0273539 0.0279904 0.0264410 0.0264410 0.0258459 0.0256905 0.0256905 
AF238256.1_Symbiodinium_sp._Type_A                                 0.0677382 0.0600694 0.0332114 0.0326064 0.0310613 0.0114661 0.0092784 0.0071109 0.0078280 0.0063971 0.0071286 0.0049740 0.0064024 0.0056834 0.0042554 0.0035405 0.0035405 0.0057005 0.0063906 0.0056903 0.0042513 0.0056845 0.0049713 0.0035424 0.0035437 0.0000000 0.0028324 0.0028342 0.0021222 0.0021193 0.0021190 0.0021190 0.0021452 0.0014125 0.0014114 0.0014114 0.0014340 0.0381516 0.0342553 0.0341642 0.0333913 0.0333913 0.0323994 0.0318685 0.0326512 0.0326288 0.0318433 0.0318292 0.0318292 0.0322391 0.0234265 0.0241487 0.0301484 0.0233490 0.0286505 0.0266973 0.0388995 0.0412528 0.0388446 0.0356110 0.0402341 0.0404124 0.0389299 0.0411881 0.0405048 0.0396069 0.0396493 0.0403277 0.0404729 0.0412705 0.0404080 0.0387246 0.0380486 0.0333808 0.0333473 0.0349540 0.0349540 0.0357217 0.0364985 0.0356470 0.0333153 0.0334623 0.0348954 0.0341350 0.0342227 0.0317845 0.0333714 0.0333142 0.0303844 0.0325763 0.0333110 0.0325932 0.0317299 0.0325800 0.0286871 0.0294491 0.0294491 0.0309667 0.0317616 0.0302665 0.0326625 0.0302972 0.0310131 0.0302344 0.0317759 0.0317771 0.0317463 0.0302687 0.0310673 0.0294961 0.0310201 0.0279584 0.0302311 0.0286876 0.0303053 0.0286764 0.0302306 0.0302571 0.0287223 0.0294606 0.0294415 0.0298508 0.0294374 0.0280732 0.0287065 0.0271562 0.0271562 0.0265654 0.0264057 0.0264057 
KU188513.1_Symbiodinium_sp.                                        0.0660966 0.0601504 0.0332567 0.0311181 0.0295763 0.0114814 0.0092907 0.0056877 0.0078384 0.0049746 0.0057018 0.0035468 0.0064109 0.0056910 0.0042610 0.0035452 0.0035452 0.0042746 0.0049695 0.0042669 0.0028337 0.0042626 0.0035449 0.0021219 0.0021226 0.0028324 0.0000000 0.0014147 0.0007056 0.0021221 0.0007056 0.0007056 0.0007149 0.0014144 0.0014133 0.0014133 0.0014361 0.0366485 0.0327596 0.0326726 0.0319012 0.0319012 0.0308864 0.0303450 0.0311610 0.0311397 0.0303564 0.0303429 0.0303429 0.0307337 0.0219582 0.0226808 0.0286724 0.0218855 0.0271760 0.0252094 0.0373963 0.0397452 0.0373435 0.0341209 0.0387369 0.0389083 0.0374254 0.0396829 0.0389971 0.0381052 0.0381459 0.0388270 0.0389666 0.0397622 0.0389042 0.0372283 0.0365497 0.0318911 0.0318591 0.0334602 0.0334602 0.0342267 0.0350021 0.0341552 0.0318286 0.0319688 0.0334041 0.0326447 0.0327285 0.0303004 0.0318822 0.0318276 0.0288965 0.0310897 0.0318245 0.0311058 0.0302484 0.0310931 0.0272108 0.0279714 0.0279714 0.0294866 0.0302786 0.0287846 0.0311718 0.0288138 0.0295306 0.0287541 0.0302922 0.0302934 0.0302640 0.0287866 0.0295823 0.0280159 0.0295373 0.0264818 0.0287509 0.0272112 0.0288214 0.0272007 0.0287505 0.0287756 0.0272442 0.0279822 0.0279642 0.0283528 0.0279602 0.0265906 0.0272292 0.0256834 0.0256834 0.0250847 0.0249340 0.0249340 
KU188510.1_Symbiodinium_sp.                                        0.0661455 0.0601937 0.0332795 0.0311390 0.0295960 0.0114886 0.0092964 0.0056912 0.0078433 0.0049776 0.0057053 0.0035490 0.0064148 0.0056945 0.0042636 0.0035473 0.0035473 0.0042772 0.0049726 0.0042696 0.0028354 0.0042652 0.0035471 0.0021232 0.0021239 0.0028342 0.0014147 0.0000000 0.0007066 0.0021234 0.0007066 0.0007066 0.0007154 0.0014152 0.0014142 0.0014142 0.0014361 0.0366734 0.0327816 0.0326945 0.0319226 0.0319226 0.0309074 0.0303658 0.0311819 0.0311606 0.0303767 0.0303632 0.0303632 0.0307545 0.0219725 0.0226956 0.0286914 0.0218997 0.0271940 0.0252261 0.0374218 0.0397724 0.0373689 0.0341438 0.0387632 0.0389349 0.0374509 0.0397100 0.0390238 0.0381311 0.0381719 0.0388534 0.0389932 0.0397894 0.0389307 0.0372535 0.0365745 0.0319125 0.0318804 0.0334827 0.0334827 0.0342497 0.0350257 0.0341782 0.0318499 0.0319902 0.0334265 0.0326666 0.0327505 0.0303206 0.0319035 0.0318488 0.0289158 0.0311104 0.0318458 0.0311266 0.0302685 0.0311139 0.0272288 0.0279899 0.0279899 0.0295061 0.0302988 0.0288038 0.0311927 0.0288329 0.0295503 0.0287732 0.0303123 0.0303135 0.0302841 0.0288057 0.0296020 0.0280345 0.0295569 0.0264993 0.0287700 0.0272292 0.0288406 0.0272186 0.0287696 0.0287947 0.0272623 0.0280007 0.0279827 0.0283719 0.0279787 0.0266082 0.0272472 0.0257003 0.0257003 0.0251013 0.0249503 0.0249503 
KU188509.1_Symbiodinium_sp.                                        0.0652386 0.0593163 0.0324667 0.0303458 0.0288072 0.0107521 0.0085675 0.0049718 0.0071188 0.0042597 0.0049841 0.0028347 0.0056929 0.0049747 0.0035473 0.0028333 0.0028333 0.0035586 0.0042554 0.0035523 0.0021232 0.0035486 0.0028331 0.0014132 0.0014137 0.0021222 0.0007056 0.0007066 0.0000000 0.0014133 0.0000010 0.0000010 0.0000010 0.0007060 0.0007056 0.0007056 0.0007177 0.0358633 0.0319818 0.0318971 0.0311271 0.0311271 0.0301015 0.0295552 0.0303877 0.0303669 0.0295855 0.0295724 0.0295724 0.0299529 0.0212046 0.0219267 0.0279087 0.0211345 0.0264145 0.0244427 0.0366104 0.0389547 0.0365587 0.0333448 0.0379528 0.0381205 0.0366388 0.0388937 0.0382073 0.0373194 0.0373591 0.0380410 0.0381775 0.0389713 0.0381165 0.0364461 0.0357668 0.0311173 0.0310861 0.0326828 0.0326828 0.0334479 0.0342219 0.0333782 0.0310564 0.0311929 0.0326280 0.0318699 0.0319515 0.0295310 0.0311086 0.0310554 0.0281265 0.0303182 0.0310525 0.0303339 0.0294804 0.0303215 0.0264484 0.0272075 0.0272075 0.0287199 0.0295098 0.0280178 0.0303982 0.0280461 0.0287628 0.0279880 0.0295229 0.0295241 0.0294955 0.0280197 0.0288130 0.0272506 0.0287692 0.0257198 0.0279850 0.0264487 0.0280535 0.0264384 0.0279846 0.0280089 0.0264807 0.0272179 0.0272004 0.0275781 0.0271966 0.0258253 0.0264662 0.0249241 0.0249241 0.0243219 0.0241759 0.0241759 
