130
GU362426_Gymnodinium_catenatum                                     0.0000000 0.0454547 0.0658908 0.0706272 0.0689135 0.0773984 0.0755444 0.0694319 0.0737134 0.0649555 0.0679906 0.0686877 0.0720974 0.0712145 0.0695061 0.0685920 0.0685920 0.0663706 0.0668940 0.0662442 0.0660656 0.0661711 0.0686445 0.0668889 0.0669193 0.0677118 0.0660714 0.0661192 0.0652143 0.0668456 0.0651615 0.0651615 0.0660467 0.0660414 0.0659879 0.0659879 0.0654216 0.0735918 0.0674864 0.0672923 0.0664494 0.0664494 0.0659394 0.0666094 0.0666038 0.0656268 0.0656740 0.0665271 0.0665271 0.0674288 0.0630645 0.0628954 0.0678689 0.0636573 0.0662505 0.0645517 0.0743331 0.0769112 0.0742204 0.0696042 0.0695406 0.0751005 0.0733105 0.0767869 0.0761332 0.0750359 0.0742817 0.0731830 0.0734699 0.0769682 0.0742388 0.0739762 0.0715887 0.0697932 0.0697165 0.0698228 0.0698228 0.0724963 0.0708080 0.0705825 0.0697271 0.0709029 0.0681366 0.0706806 0.0708816 0.0636431 0.0698573 0.0697207 0.0666307 0.0689521 0.0680452 0.0657614 0.0670952 0.0680666 0.0604570 0.0596448 0.0596448 0.0670867 0.0679949 0.0663944 0.0691433 0.0664718 0.0680373 0.0663257 0.0680340 0.0680323 0.0679618 0.0672594 0.0664979 0.0655459 0.0672170 0.0613040 0.0663156 0.0662531 0.0664902 0.0645651 0.0638171 0.0663798 0.0620336 0.0654568 0.0654143 0.0663716 0.0653995 0.0641105 0.0646399 0.0628927 0.0628927 0.0633239 0.0637269 0.0637269 
EF492511                                                           0.0454547 0.0000000 0.0450691 0.0638623 0.0621966 0.0677245 0.0651049 0.0633447 0.0633537 0.0614989 0.0619204 0.0626623 0.0617832 0.0609340 0.0592866 0.0584141 0.0584141 0.0603392 0.0608753 0.0602264 0.0600679 0.0601612 0.0626240 0.0609200 0.0609469 0.0600407 0.0601214 0.0601637 0.0592882 0.0592030 0.0591939 0.0591939 0.0599815 0.0584191 0.0583727 0.0583727 0.0576677 0.0665670 0.0606517 0.0604831 0.0580472 0.0580472 0.0573807 0.0579501 0.0614662 0.0588635 0.0605670 0.0597320 0.0597320 0.0605236 0.0531865 0.0521217 0.0537680 0.0513632 0.0522073 0.0504238 0.0681291 0.0706360 0.0680280 0.0620034 0.0628096 0.0655898 0.0655063 0.0688714 0.0682168 0.0671777 0.0655615 0.0653964 0.0656450 0.0690296 0.0663990 0.0661701 0.0654755 0.0638509 0.0637833 0.0647316 0.0647316 0.0647122 0.0647092 0.0628786 0.0636777 0.0631966 0.0621393 0.0629642 0.0623124 0.0586665 0.0621630 0.0612249 0.0590582 0.0612919 0.0620410 0.0581780 0.0578579 0.0604372 0.0530652 0.0522752 0.0522752 0.0595018 0.0603757 0.0588149 0.0614568 0.0588811 0.0604121 0.0587548 0.0604090 0.0604079 0.0595298 0.0588241 0.0589039 0.0579920 0.0587972 0.0553934 0.0587466 0.0586925 0.0588969 0.0570565 0.0579298 0.0588013 0.0546318 0.0579155 0.0562714 0.0570762 0.0578667 0.0565747 0.0571211 0.0554346 0.0554346 0.0558057 0.0562439 0.0562439 
JF791031                                                           0.0658908 0.0450691 0.0000000 0.0417761 0.0401743 0.0403940 0.0387719 0.0379466 0.0371347 0.0354451 0.0348259 0.0356415 0.0355760 0.0348007 0.0332285 0.0324177 0.0324177 0.0332947 0.0339231 0.0332330 0.0331483 0.0331974 0.0356208 0.0340177 0.0340318 0.0331999 0.0332451 0.0332673 0.0324555 0.0324084 0.0324042 0.0324042 0.0328289 0.0316467 0.0316217 0.0316217 0.0313651 0.0442261 0.0402278 0.0401193 0.0393266 0.0393266 0.0392203 0.0379046 0.0393579 0.0385462 0.0385193 0.0377212 0.0377212 0.0382156 0.0322085 0.0336831 0.0375245 0.0336336 0.0359904 0.0340674 0.0449237 0.0473318 0.0448578 0.0407536 0.0431117 0.0440561 0.0449334 0.0472292 0.0465442 0.0456081 0.0456561 0.0455232 0.0456907 0.0473519 0.0464327 0.0455545 0.0448770 0.0408883 0.0408464 0.0417283 0.0417283 0.0392306 0.0424286 0.0408236 0.0400018 0.0402107 0.0416307 0.0408524 0.0393841 0.0384324 0.0400732 0.0376435 0.0362335 0.0392089 0.0384089 0.0377640 0.0375866 0.0392538 0.0329128 0.0321447 0.0321447 0.0375811 0.0384027 0.0361004 0.0393544 0.0369149 0.0368617 0.0368371 0.0384223 0.0384222 0.0360484 0.0368794 0.0369292 0.0376455 0.0360878 0.0368542 0.0352680 0.0336853 0.0369242 0.0352287 0.0368312 0.0368652 0.0337128 0.0360389 0.0360163 0.0356817 0.0360101 0.0346468 0.0352680 0.0336684 0.0336684 0.0338897 0.0328997 0.0328997 
AY160124.1_Symbiodinium_sp._G15                                    0.0706272 0.0638623 0.0417761 0.0000000 0.0014078 0.0396869 0.0388349 0.0357102 0.0372263 0.0332717 0.0342601 0.0334522 0.0357226 0.0349331 0.0333883 0.0325914 0.0325914 0.0327540 0.0333743 0.0326943 0.0310825 0.0326598 0.0334332 0.0318670 0.0318799 0.0325981 0.0311105 0.0311309 0.0303386 0.0318216 0.0302916 0.0302916 0.0306808 0.0310738 0.0310497 0.0310497 0.0300038 0.0402531 0.0363614 0.0362659 0.0354942 0.0354942 0.0345363 0.0348689 0.0355216 0.0347333 0.0347097 0.0339335 0.0339335 0.0343685 0.0309103 0.0338910 0.0361316 0.0315597 0.0346253 0.0327232 0.0434266 0.0457908 0.0433639 0.0408665 0.0439597 0.0457184 0.0450167 0.0464996 0.0458239 0.0449049 0.0433597 0.0456208 0.0457862 0.0457066 0.0457160 0.0440043 0.0433360 0.0402035 0.0401630 0.0401661 0.0401661 0.0417775 0.0410045 0.0409094 0.0377924 0.0403067 0.0401537 0.0393900 0.0394933 0.0331746 0.0386252 0.0385551 0.0356283 0.0386008 0.0385525 0.0355939 0.0354296 0.0378224 0.0308504 0.0316130 0.0316130 0.0361850 0.0369897 0.0354900 0.0379176 0.0370633 0.0370107 0.0354536 0.0370082 0.0370082 0.0362097 0.0354936 0.0363040 0.0347142 0.0362491 0.0354792 0.0354500 0.0338917 0.0355360 0.0338773 0.0354481 0.0354802 0.0331582 0.0346711 0.0346498 0.0351318 0.0346440 0.0332991 0.0339144 0.0323465 0.0323465 0.0317801 0.0315919 0.0315919 
HE653239_Symbiodinium_voratum                                      0.0689135 0.0621966 0.0401743 0.0014078 0.0000000 0.0381116 0.0372657 0.0341531 0.0356652 0.0317292 0.0327040 0.0319008 0.0341651 0.0333791 0.0318400 0.0310473 0.0310473 0.0312019 0.0318267 0.0311450 0.0295427 0.0311122 0.0318828 0.0303237 0.0303358 0.0310537 0.0295693 0.0295886 0.0288005 0.0302804 0.0287559 0.0287559 0.0291248 0.0295346 0.0295117 0.0295117 0.0284453 0.0386844 0.0348072 0.0347161 0.0339473 0.0339473 0.0329677 0.0332845 0.0339734 0.0331888 0.0331663 0.0323933 0.0323933 0.0328079 0.0293797 0.0323530 0.0345879 0.0300320 0.0330858 0.0311730 0.0418447 0.0442003 0.0417844 0.0393018 0.0423848 0.0441305 0.0434285 0.0449091 0.0442319 0.0433210 0.0417805 0.0440367 0.0441958 0.0441191 0.0441283 0.0424275 0.0417578 0.0386367 0.0385979 0.0386009 0.0386009 0.0402044 0.0394340 0.0393428 0.0362377 0.0387355 0.0385889 0.0378277 0.0379266 0.0316369 0.0370652 0.0369981 0.0340751 0.0370418 0.0369956 0.0340424 0.0338857 0.0362664 0.0293228 0.0300826 0.0300826 0.0346389 0.0354393 0.0339433 0.0363575 0.0355095 0.0354593 0.0339085 0.0354569 0.0354569 0.0346625 0.0339467 0.0347524 0.0331705 0.0347000 0.0339330 0.0339051 0.0323535 0.0339871 0.0323398 0.0339033 0.0339338 0.0316213 0.0331295 0.0331092 0.0335690 0.0331037 0.0317555 0.0323752 0.0308147 0.0308147 0.0302412 0.0300625 0.0300625 
AJ271758.1_Symbiodinium_sp.                                        0.0773984 0.0677245 0.0403940 0.0396869 0.0381116 0.0000000 0.0136459 0.0158518 0.0121723 0.0151245 0.0158918 0.0136797 0.0107361 0.0100072 0.0085631 0.0078370 0.0078370 0.0144405 0.0151084 0.0144148 0.0129225 0.0143999 0.0136724 0.0122034 0.0122080 0.0114645 0.0114796 0.0114867 0.0107505 0.0107354 0.0107342 0.0107342 0.0108691 0.0100174 0.0100098 0.0100098 0.0101736 0.0453548 0.0413855 0.0412747 0.0404878 0.0404878 0.0395978 0.0391116 0.0397441 0.0397133 0.0389123 0.0388932 0.0388932 0.0393985 0.0311154 0.0318431 0.0363823 0.0310106 0.0348652 0.0329518 0.0453277 0.0477186 0.0452617 0.0419534 0.0466486 0.0468562 0.0453650 0.0476448 0.0469654 0.0460341 0.0460823 0.0467551 0.0469263 0.0477387 0.0468536 0.0451219 0.0444499 0.0396997 0.0396595 0.0397421 0.0397421 0.0420865 0.0428755 0.0419980 0.0396230 0.0398022 0.0412356 0.0404648 0.0405720 0.0380687 0.0396930 0.0396204 0.0366705 0.0388791 0.0388455 0.0396792 0.0380003 0.0388818 0.0356845 0.0364605 0.0364605 0.0372262 0.0380395 0.0365267 0.0389805 0.0381158 0.0372815 0.0364890 0.0380588 0.0380587 0.0380210 0.0365306 0.0373497 0.0357434 0.0372928 0.0357386 0.0364852 0.0349115 0.0365745 0.0348965 0.0364833 0.0365166 0.0349540 0.0356986 0.0356765 0.0361769 0.0356704 0.0343185 0.0349351 0.0333512 0.0333512 0.0327886 0.0325898 0.0325898 
AJ271759.1_Symbiodinium_sp.                                        0.0755444 0.0651049 0.0387719 0.0388349 0.0372657 0.0136459 0.0000000 0.0136359 0.0099852 0.0129126 0.0136702 0.0114732 0.0085555 0.0078322 0.0063974 0.0056776 0.0056776 0.0122258 0.0128989 0.0122040 0.0107256 0.0121915 0.0114673 0.0100098 0.0100134 0.0092777 0.0092900 0.0092956 0.0085670 0.0085549 0.0085540 0.0085540 0.0086603 0.0078402 0.0078343 0.0078343 0.0079620 0.0444788 0.0405247 0.0404166 0.0396326 0.0396326 0.0387318 0.0382408 0.0388908 0.0388608 0.0380631 0.0380445 0.0380445 0.0385375 0.0302960 0.0310220 0.0355468 0.0301942 0.0340345 0.0321185 0.0444524 0.0468342 0.0443879 0.0410949 0.0457732 0.0459762 0.0444888 0.0467620 0.0460829 0.0451578 0.0452049 0.0458774 0.0460448 0.0468538 0.0459737 0.0442512 0.0435796 0.0388475 0.0388083 0.0388888 0.0388888 0.0412247 0.0420109 0.0411384 0.0372015 0.0389474 0.0403783 0.0396102 0.0397148 0.0372241 0.0388410 0.0387702 0.0358273 0.0380308 0.0387675 0.0380468 0.0371574 0.0380334 0.0340779 0.0348498 0.0348498 0.0363861 0.0371956 0.0356874 0.0381297 0.0357250 0.0364399 0.0356506 0.0372143 0.0372143 0.0371775 0.0356911 0.0365063 0.0349071 0.0364509 0.0349024 0.0356469 0.0340796 0.0357339 0.0340650 0.0356451 0.0356775 0.0341210 0.0348635 0.0348420 0.0353294 0.0348361 0.0334845 0.0341025 0.0325254 0.0325254 0.0319598 0.0317665 0.0317665 
AJ271754.1_Symbiodinium_sp.                                        0.0694319 0.0633447 0.0379466 0.0357102 0.0341531 0.0158518 0.0136359 0.0000000 0.0121636 0.0092768 0.0100195 0.0078472 0.0107285 0.0100001 0.0085571 0.0078315 0.0078315 0.0085846 0.0092671 0.0085692 0.0071135 0.0085605 0.0078431 0.0064017 0.0064040 0.0071106 0.0056874 0.0056909 0.0049716 0.0063927 0.0049641 0.0049641 0.0050255 0.0056811 0.0056768 0.0056768 0.0057689 0.0397419 0.0358290 0.0357344 0.0349585 0.0349585 0.0339898 0.0334683 0.0342196 0.0341935 0.0334061 0.0333898 0.0333898 0.0338205 0.0249526 0.0256758 0.0316954 0.0248693 0.0301932 0.0282498 0.0404937 0.0428545 0.0404351 0.0371843 0.0418252 0.0420092 0.0405266 0.0427887 0.0421058 0.0412003 0.0404672 0.0411453 0.0412939 0.0428721 0.0404196 0.0403114 0.0396359 0.0349469 0.0349119 0.0365280 0.0365280 0.0373004 0.0380798 0.0372230 0.0348802 0.0350360 0.0364672 0.0357050 0.0357985 0.0333446 0.0349413 0.0348780 0.0319437 0.0341412 0.0348756 0.0333789 0.0332853 0.0341435 0.0302318 0.0309968 0.0309968 0.0325204 0.0333193 0.0325802 0.0342295 0.0318532 0.0325680 0.0317872 0.0333358 0.0333358 0.0333030 0.0318231 0.0326271 0.0310470 0.0325777 0.0279670 0.0317841 0.0302330 0.0318610 0.0302202 0.0317824 0.0318110 0.0302696 0.0310087 0.0309896 0.0314213 0.0309846 0.0296239 0.0302533 0.0286944 0.0286944 0.0281104 0.0279413 0.0279413 
AJ271756.1_Symbiodinium_sp.                                        0.0737134 0.0633537 0.0371347 0.0372263 0.0356652 0.0121723 0.0099852 0.0121636 0.0000000 0.0114431 0.0121949 0.0100097 0.0071087 0.0063895 0.0049612 0.0042457 0.0042457 0.0107548 0.0114312 0.0107356 0.0092683 0.0107246 0.0100045 0.0085547 0.0085578 0.0078274 0.0078378 0.0078425 0.0071183 0.0071082 0.0071075 0.0071075 0.0071956 0.0063960 0.0063911 0.0063911 0.0064950 0.0428380 0.0389033 0.0388000 0.0380198 0.0380198 0.0370966 0.0365958 0.0372799 0.0372513 0.0364582 0.0364404 0.0364404 0.0369113 0.0287305 0.0294548 0.0339620 0.0286342 0.0324556 0.0305306 0.0428127 0.0451829 0.0427507 0.0394791 0.0441364 0.0443312 0.0428476 0.0451135 0.0444336 0.0435177 0.0435629 0.0442365 0.0443971 0.0452017 0.0443290 0.0426196 0.0419472 0.0372385 0.0372011 0.0372780 0.0372780 0.0396032 0.0403855 0.0395206 0.0356042 0.0365639 0.0387632 0.0379985 0.0380983 0.0356258 0.0372324 0.0371648 0.0342289 0.0364273 0.0371623 0.0364427 0.0355622 0.0364298 0.0324970 0.0332652 0.0332652 0.0347944 0.0355986 0.0340959 0.0365217 0.0341316 0.0348456 0.0340608 0.0356164 0.0356164 0.0355813 0.0340993 0.0349089 0.0333195 0.0348561 0.0333151 0.0340573 0.0324985 0.0341401 0.0309613 0.0340555 0.0340863 0.0325379 0.0332781 0.0332576 0.0337215 0.0332521 0.0318984 0.0325203 0.0309525 0.0309525 0.0303800 0.0301969 0.0301969 
AJ271764.1_Symbiodinium_sp.                                        0.0649555 0.0614989 0.0354451 0.0332717 0.0317292 0.0151245 0.0129126 0.0092768 0.0114431 0.0000000 0.0092998 0.0071307 0.0100089 0.0092818 0.0078406 0.0071165 0.0071165 0.0078658 0.0085506 0.0078517 0.0063994 0.0078437 0.0071270 0.0056879 0.0056900 0.0063967 0.0049744 0.0049774 0.0042596 0.0056799 0.0042531 0.0042531 0.0043057 0.0049688 0.0049651 0.0049651 0.0050456 0.0372591 0.0333818 0.0332944 0.0325255 0.0325255 0.0315254 0.0309901 0.0310048 0.0317667 0.0302042 0.0309724 0.0309724 0.0313696 0.0241084 0.0233189 0.0308158 0.0240282 0.0293215 0.0273792 0.0364380 0.0387686 0.0363857 0.0331896 0.0377752 0.0379394 0.0364673 0.0387096 0.0380254 0.0371432 0.0371809 0.0378599 0.0379951 0.0387841 0.0379378 0.0362756 0.0355987 0.0309710 0.0309403 0.0325288 0.0325288 0.0332918 0.0340613 0.0332235 0.0309125 0.0310489 0.0324750 0.0317215 0.0318036 0.0293958 0.0309663 0.0309107 0.0279959 0.0301792 0.0309086 0.0309475 0.0301226 0.0301812 0.0270758 0.0278322 0.0278322 0.0285884 0.0293736 0.0278890 0.0302565 0.0279176 0.0286298 0.0278603 0.0293879 0.0293880 0.0293594 0.0278914 0.0286811 0.0271263 0.0286382 0.0256026 0.0278578 0.0263286 0.0279244 0.0263177 0.0278562 0.0278809 0.0263604 0.0270932 0.0270767 0.0274510 0.0270725 0.0257078 0.0263463 0.0248113 0.0248113 0.0242112 0.0240667 0.0240667 
L13718.1_Symbiodinium_meandrinae                                   0.0679906 0.0619204 0.0348259 0.0342601 0.0327040 0.0158918 0.0136702 0.0100195 0.0121949 0.0092998 0.0000000 0.0078666 0.0107551 0.0100249 0.0085782 0.0078509 0.0078509 0.0014194 0.0035453 0.0028411 0.0028345 0.0028383 0.0078625 0.0064175 0.0064198 0.0071281 0.0057015 0.0057049 0.0049839 0.0064084 0.0049763 0.0049763 0.0050381 0.0056951 0.0056908 0.0056908 0.0057834 0.0398477 0.0359238 0.0358287 0.0350506 0.0350506 0.0340807 0.0327391 0.0343097 0.0342835 0.0334939 0.0334775 0.0334775 0.0339105 0.0265291 0.0272546 0.0333064 0.0264401 0.0317967 0.0298604 0.0421695 0.0445445 0.0421082 0.0388324 0.0434995 0.0436919 0.0422040 0.0444759 0.0437930 0.0428772 0.0429217 0.0435984 0.0437570 0.0445630 0.0428879 0.0419788 0.0413034 0.0365857 0.0365489 0.0381777 0.0381777 0.0389545 0.0397385 0.0388732 0.0365155 0.0366796 0.0381139 0.0373475 0.0374459 0.0349710 0.0365798 0.0365132 0.0335687 0.0342094 0.0365107 0.0342455 0.0349085 0.0357761 0.0303106 0.0295529 0.0295529 0.0341392 0.0349443 0.0334380 0.0358666 0.0334731 0.0341895 0.0334034 0.0349618 0.0349618 0.0349273 0.0334413 0.0342518 0.0326602 0.0341998 0.0311048 0.0334001 0.0318387 0.0334814 0.0318251 0.0333983 0.0334285 0.0318774 0.0326196 0.0325994 0.0330554 0.0325940 0.0312342 0.0318602 0.0302902 0.0302902 0.0297126 0.0295331 0.0295331 
KU188508.1_Symbiodinium_sp.                                        0.0686877 0.0626623 0.0356415 0.0334522 0.0319008 0.0136797 0.0114732 0.0078472 0.0100097 0.0071307 0.0078666 0.0000000 0.0085764 0.0078514 0.0064130 0.0056914 0.0056914 0.0064336 0.0071233 0.0064221 0.0049757 0.0064156 0.0056912 0.0042582 0.0042597 0.0049737 0.0035466 0.0035488 0.0028345 0.0042586 0.0028345 0.0028345 0.0028696 0.0035480 0.0035453 0.0035453 0.0036028 0.0390211 0.0351087 0.0350160 0.0342402 0.0342402 0.0332597 0.0327327 0.0335007 0.0334751 0.0326881 0.0326722 0.0326722 0.0330940 0.0242369 0.0249608 0.0309814 0.0241559 0.0294788 0.0275272 0.0389879 0.0413444 0.0389315 0.0364677 0.0411089 0.0412897 0.0398057 0.0420693 0.0413846 0.0404813 0.0405231 0.0412019 0.0413509 0.0421512 0.0412878 0.0395943 0.0389171 0.0342288 0.0341946 0.0358092 0.0358092 0.0365816 0.0373609 0.0365057 0.0341634 0.0343161 0.0357495 0.0349872 0.0350789 0.0326280 0.0342234 0.0341613 0.0312241 0.0334239 0.0341590 0.0334381 0.0325699 0.0334261 0.0295165 0.0302814 0.0302814 0.0318050 0.0326031 0.0311032 0.0335104 0.0311357 0.0318516 0.0310711 0.0326192 0.0326193 0.0325872 0.0311062 0.0319093 0.0303304 0.0318611 0.0287857 0.0310681 0.0295176 0.0311433 0.0295051 0.0310664 0.0310943 0.0295534 0.0302930 0.0302743 0.0306964 0.0302694 0.0289050 0.0295375 0.0279795 0.0279795 0.0273912 0.0272263 0.0272263 
AB055917.1_Symbiodinium_sp.                                        0.0720974 0.0617832 0.0355760 0.0357226 0.0341651 0.0107361 0.0085555 0.0107285 0.0071087 0.0100089 0.0107551 0.0085764 0.0000000 0.0049677 0.0035424 0.0028294 0.0028294 0.0093173 0.0099985 0.0093006 0.0078394 0.0092911 0.0085720 0.0071262 0.0071288 0.0064018 0.0064103 0.0064141 0.0056924 0.0056844 0.0056838 0.0056838 0.0057542 0.0049727 0.0049690 0.0049690 0.0043255 0.0413182 0.0373917 0.0372927 0.0365141 0.0365141 0.0347893 0.0342727 0.0357742 0.0357468 0.0349560 0.0349390 0.0349390 0.0353903 0.0272463 0.0279709 0.0324726 0.0271550 0.0309681 0.0290298 0.0412938 0.0436592 0.0412340 0.0379743 0.0426234 0.0404035 0.0389241 0.0411798 0.0404959 0.0395991 0.0411977 0.0418740 0.0420253 0.0436772 0.0419611 0.0411078 0.0404329 0.0357345 0.0356987 0.0357723 0.0357723 0.0372605 0.0364919 0.0380140 0.0356662 0.0358258 0.0372572 0.0364937 0.0365895 0.0341277 0.0357288 0.0356639 0.0327273 0.0349265 0.0356615 0.0349413 0.0340669 0.0349288 0.0310076 0.0317742 0.0317742 0.0333006 0.0341017 0.0326004 0.0350169 0.0326345 0.0333495 0.0325668 0.0341187 0.0341187 0.0340851 0.0326036 0.0334100 0.0318258 0.0333594 0.0318217 0.0325636 0.0310089 0.0326426 0.0309957 0.0325618 0.0325912 0.0310465 0.0317864 0.0317668 0.0322098 0.0317616 0.0304025 0.0310298 0.0294669 0.0294669 0.0288865 0.0287124 0.0287124 
AJ271757.1_Symbiodinium_sp.                                        0.0712145 0.0609340 0.0348007 0.0349331 0.0333791 0.0100072 0.0078322 0.0100001 0.0063895 0.0092818 0.0100249 0.0078514 0.0049677 0.0000000 0.0028301 0.0021193 0.0021193 0.0085892 0.0092721 0.0085738 0.0071173 0.0085651 0.0078473 0.0064051 0.0064075 0.0056830 0.0056905 0.0056939 0.0049743 0.0049673 0.0049668 0.0049668 0.0050283 0.0042567 0.0042535 0.0042535 0.0043225 0.0405147 0.0365965 0.0364997 0.0357228 0.0357228 0.0347654 0.0342490 0.0349836 0.0349568 0.0341680 0.0341514 0.0341514 0.0345921 0.0264754 0.0271994 0.0316937 0.0263868 0.0301916 0.0282484 0.0404909 0.0428514 0.0404323 0.0371819 0.0418223 0.0420062 0.0405238 0.0427857 0.0421028 0.0411974 0.0412399 0.0419169 0.0412910 0.0428690 0.0420042 0.0403087 0.0396333 0.0349448 0.0349099 0.0349817 0.0349817 0.0372981 0.0380774 0.0372206 0.0348781 0.0350339 0.0364650 0.0357029 0.0357964 0.0333427 0.0349393 0.0348759 0.0319419 0.0341392 0.0348736 0.0341537 0.0332834 0.0341415 0.0302302 0.0309952 0.0309952 0.0325186 0.0333174 0.0318183 0.0342275 0.0318515 0.0325662 0.0317855 0.0333339 0.0333339 0.0333012 0.0318213 0.0326252 0.0310454 0.0325759 0.0310414 0.0317824 0.0302314 0.0318593 0.0302186 0.0317806 0.0318092 0.0302680 0.0310070 0.0309879 0.0314196 0.0309829 0.0296224 0.0302517 0.0286930 0.0286930 0.0281090 0.0279399 0.0279399 
AB863030.1_Symbiodinium_sp.                                        0.0695061 0.0592866 0.0332285 0.0333883 0.0318400 0.0085631 0.0063974 0.0085571 0.0049612 0.0078406 0.0085782 0.0064130 0.0035424 0.0028301 0.0000000 0.0007046 0.0007046 0.0071456 0.0078324 0.0071328 0.0056843 0.0071255 0.0064097 0.0049734 0.0049752 0.0042550 0.0042607 0.0042632 0.0035471 0.0035421 0.0035417 0.0035417 0.0035855 0.0028330 0.0028309 0.0028309 0.0028767 0.0389461 0.0350414 0.0349491 0.0341748 0.0341748 0.0331951 0.0326687 0.0334366 0.0334111 0.0326257 0.0326098 0.0326098 0.0330300 0.0249613 0.0256847 0.0301675 0.0248779 0.0286693 0.0267151 0.0389232 0.0412757 0.0388670 0.0356329 0.0402589 0.0404355 0.0389548 0.0412125 0.0405281 0.0396303 0.0396710 0.0403498 0.0404952 0.0412925 0.0404336 0.0387485 0.0380715 0.0333996 0.0333663 0.0334348 0.0334348 0.0357437 0.0365204 0.0356698 0.0333360 0.0334844 0.0349158 0.0341559 0.0342450 0.0318057 0.0333944 0.0333340 0.0304031 0.0325982 0.0333317 0.0326121 0.0317492 0.0326004 0.0287060 0.0294683 0.0294683 0.0309868 0.0317815 0.0302859 0.0326823 0.0303173 0.0310321 0.0302546 0.0317972 0.0317972 0.0317660 0.0302886 0.0310882 0.0295158 0.0310413 0.0295120 0.0302517 0.0287070 0.0303247 0.0286949 0.0302500 0.0302771 0.0287417 0.0294795 0.0294613 0.0298711 0.0294566 0.0280924 0.0287263 0.0271745 0.0271745 0.0265834 0.0264237 0.0264237 
AB016579.1_Symbiodinium_sp.                                        0.0685920 0.0584141 0.0324177 0.0325914 0.0310473 0.0078370 0.0056776 0.0078315 0.0042457 0.0071165 0.0078509 0.0056914 0.0028294 0.0021193 0.0007046 0.0000000 0.0000010 0.0064208 0.0071091 0.0064094 0.0049659 0.0064028 0.0056885 0.0042561 0.0042577 0.0035403 0.0035449 0.0035471 0.0028332 0.0028292 0.0028289 0.0028289 0.0028638 0.0021214 0.0021198 0.0021198 0.0021541 0.0381323 0.0342379 0.0341479 0.0333756 0.0333756 0.0323853 0.0318541 0.0326386 0.0326137 0.0318307 0.0318153 0.0318153 0.0322246 0.0241871 0.0249095 0.0293828 0.0241064 0.0278878 0.0259296 0.0381100 0.0404563 0.0380550 0.0348320 0.0394468 0.0396193 0.0381408 0.0403944 0.0397098 0.0388167 0.0388565 0.0395356 0.0396778 0.0404727 0.0396175 0.0379392 0.0372619 0.0326025 0.0325701 0.0326368 0.0326368 0.0349400 0.0357147 0.0348679 0.0325406 0.0326851 0.0341154 0.0333572 0.0334441 0.0310141 0.0325975 0.0325386 0.0296117 0.0318040 0.0325364 0.0318175 0.0309591 0.0318061 0.0279234 0.0286838 0.0286838 0.0301986 0.0309906 0.0294979 0.0318859 0.0295284 0.0302426 0.0294674 0.0310057 0.0310058 0.0309755 0.0295005 0.0302972 0.0287299 0.0302516 0.0287262 0.0294647 0.0279244 0.0295356 0.0279126 0.0294630 0.0294893 0.0279582 0.0286946 0.0286770 0.0290752 0.0286725 0.0273075 0.0279432 0.0263962 0.0263962 0.0258018 0.0256471 0.0256471 
AB016572.1_Symbiodinium_sp.                                        0.0685920 0.0584141 0.0324177 0.0325914 0.0310473 0.0078370 0.0056776 0.0078315 0.0042457 0.0071165 0.0078509 0.0056914 0.0028294 0.0021193 0.0007046 0.0000010 0.0000000 0.0064208 0.0071091 0.0064094 0.0049659 0.0064028 0.0056885 0.0042561 0.0042577 0.0035403 0.0035449 0.0035471 0.0028332 0.0028292 0.0028289 0.0028289 0.0028638 0.0021214 0.0021198 0.0021198 0.0021541 0.0381323 0.0342379 0.0341479 0.0333756 0.0333756 0.0323853 0.0318541 0.0326386 0.0326137 0.0318307 0.0318153 0.0318153 0.0322246 0.0241871 0.0249095 0.0293828 0.0241064 0.0278878 0.0259296 0.0381100 0.0404563 0.0380550 0.0348320 0.0394468 0.0396193 0.0381408 0.0403944 0.0397098 0.0388167 0.0388565 0.0395356 0.0396778 0.0404727 0.0396175 0.0379392 0.0372619 0.0326025 0.0325701 0.0326368 0.0326368 0.0349400 0.0357147 0.0348679 0.0325406 0.0326851 0.0341154 0.0333572 0.0334441 0.0310141 0.0325975 0.0325386 0.0296117 0.0318040 0.0325364 0.0318175 0.0309591 0.0318061 0.0279234 0.0286838 0.0286838 0.0301986 0.0309906 0.0294979 0.0318859 0.0295284 0.0302426 0.0294674 0.0310057 0.0310058 0.0309755 0.0295005 0.0302972 0.0287299 0.0302516 0.0287262 0.0294647 0.0279244 0.0295356 0.0279126 0.0294630 0.0294893 0.0279582 0.0286946 0.0286770 0.0290752 0.0286725 0.0273075 0.0279432 0.0263962 0.0263962 0.0258018 0.0256471 0.0256471 
L13717.1_Symbiodinium_corculorum                                   0.0663706 0.0603392 0.0332947 0.0327540 0.0312019 0.0144405 0.0122258 0.0085846 0.0107548 0.0078658 0.0014194 0.0064336 0.0093173 0.0085892 0.0071456 0.0064208 0.0064208 0.0000000 0.0021263 0.0014200 0.0014166 0.0014185 0.0064303 0.0049893 0.0049911 0.0057001 0.0042743 0.0042769 0.0035584 0.0049823 0.0035531 0.0035531 0.0035971 0.0042695 0.0042663 0.0042663 0.0043357 0.0375496 0.0344096 0.0343187 0.0335424 0.0335424 0.0325496 0.0312006 0.0328016 0.0327766 0.0319894 0.0319738 0.0319738 0.0323872 0.0250433 0.0257690 0.0318106 0.0249594 0.0303030 0.0283536 0.0406427 0.0430124 0.0405837 0.0373202 0.0419784 0.0421637 0.0406758 0.0429462 0.0422610 0.0413517 0.0413945 0.0420737 0.0422264 0.0430301 0.0413621 0.0404591 0.0397814 0.0350748 0.0350396 0.0366620 0.0366620 0.0374373 0.0382195 0.0373592 0.0350076 0.0351646 0.0366007 0.0358357 0.0359299 0.0334664 0.0350692 0.0350054 0.0320607 0.0327059 0.0350030 0.0327403 0.0334066 0.0342683 0.0288180 0.0280617 0.0280617 0.0326389 0.0334408 0.0319362 0.0343549 0.0319696 0.0326869 0.0319031 0.0334575 0.0334575 0.0334245 0.0319392 0.0327463 0.0311603 0.0326967 0.0296092 0.0319000 0.0303430 0.0319775 0.0303301 0.0318982 0.0319270 0.0303799 0.0311217 0.0311024 0.0315373 0.0310974 0.0297323 0.0303635 0.0287987 0.0287987 0.0282132 0.0280428 0.0280428 
AB055918.1_Symbiodinium_sp.                                        0.0668940 0.0608753 0.0339231 0.0333743 0.0318267 0.0151084 0.0128989 0.0092671 0.0114312 0.0085506 0.0035453 0.0071233 0.0099985 0.0092721 0.0078324 0.0071091 0.0071091 0.0021263 0.0000000 0.0021225 0.0021175 0.0021204 0.0071196 0.0056820 0.0056841 0.0063901 0.0049692 0.0049722 0.0042551 0.0056740 0.0042487 0.0042487 0.0043012 0.0049637 0.0049599 0.0049599 0.0050403 0.0389294 0.0350266 0.0349343 0.0341605 0.0341605 0.0331810 0.0318405 0.0334226 0.0333971 0.0326121 0.0325962 0.0325962 0.0330160 0.0256855 0.0264083 0.0324304 0.0255997 0.0309279 0.0289917 0.0412397 0.0436019 0.0411801 0.0379248 0.0425678 0.0427552 0.0412733 0.0435350 0.0428535 0.0419453 0.0419887 0.0426642 0.0428185 0.0436199 0.0427531 0.0410541 0.0403801 0.0356879 0.0356521 0.0372706 0.0372706 0.0380434 0.0388232 0.0379644 0.0356197 0.0357789 0.0372086 0.0364461 0.0365416 0.0340833 0.0356822 0.0356175 0.0326846 0.0348809 0.0356150 0.0333603 0.0340226 0.0348833 0.0294483 0.0286943 0.0286943 0.0332573 0.0340573 0.0325580 0.0349711 0.0325919 0.0333060 0.0325244 0.0340742 0.0340743 0.0340408 0.0325611 0.0333664 0.0317844 0.0333160 0.0302376 0.0325212 0.0309686 0.0326000 0.0309555 0.0325195 0.0325487 0.0310061 0.0317451 0.0317255 0.0321674 0.0317204 0.0296039 0.0309894 0.0294286 0.0294286 0.0288487 0.0286752 0.0286752 
X62650.1_S.pilosum                                                 0.0662442 0.0602264 0.0332330 0.0326943 0.0311450 0.0144148 0.0122040 0.0085692 0.0107356 0.0078517 0.0028411 0.0064221 0.0093006 0.0085738 0.0071328 0.0064094 0.0064094 0.0014200 0.0021225 0.0000000 0.0014141 0.0014160 0.0064188 0.0049804 0.0049822 0.0056900 0.0042667 0.0042693 0.0035521 0.0049734 0.0035468 0.0035468 0.0035906 0.0042620 0.0042587 0.0042587 0.0043279 0.0382541 0.0343466 0.0342560 0.0334812 0.0334812 0.0324892 0.0311424 0.0327417 0.0327168 0.0319311 0.0319155 0.0319155 0.0323274 0.0249979 0.0257224 0.0317530 0.0249143 0.0302481 0.0283017 0.0405680 0.0429333 0.0405092 0.0372521 0.0419016 0.0420863 0.0406011 0.0428673 0.0421832 0.0412758 0.0413185 0.0419966 0.0421488 0.0429509 0.0420843 0.0403851 0.0397086 0.0350108 0.0349757 0.0365949 0.0365949 0.0373688 0.0381496 0.0372910 0.0349438 0.0351002 0.0365339 0.0357703 0.0358641 0.0334055 0.0350052 0.0349416 0.0320021 0.0342035 0.0349393 0.0326806 0.0333459 0.0342058 0.0287658 0.0280108 0.0280108 0.0325796 0.0333800 0.0318780 0.0342921 0.0319113 0.0326274 0.0318451 0.0333965 0.0333966 0.0333637 0.0318811 0.0326866 0.0311036 0.0326372 0.0295554 0.0318420 0.0302880 0.0319192 0.0302751 0.0318403 0.0318689 0.0303247 0.0310651 0.0310460 0.0314793 0.0310409 0.0296781 0.0303084 0.0287465 0.0287465 0.0281618 0.0279920 0.0279920 
AB016723.1_Symbiodinium_sp.                                        0.0660656 0.0600679 0.0331483 0.0310825 0.0295427 0.0129225 0.0107256 0.0071135 0.0092683 0.0063994 0.0028345 0.0049757 0.0078394 0.0071173 0.0056843 0.0049659 0.0049659 0.0014166 0.0021175 0.0014141 0.0000000 0.0014127 0.0049732 0.0035438 0.0035450 0.0042511 0.0028335 0.0028352 0.0021231 0.0035388 0.0021199 0.0021199 0.0021460 0.0028304 0.0028282 0.0028282 0.0028740 0.0381571 0.0342600 0.0341699 0.0333971 0.0333971 0.0324064 0.0310627 0.0326595 0.0326347 0.0318511 0.0318356 0.0318356 0.0322455 0.0234338 0.0241560 0.0301553 0.0233557 0.0286578 0.0267042 0.0389072 0.0412586 0.0388510 0.0356183 0.0402424 0.0404188 0.0389387 0.0411955 0.0405113 0.0396140 0.0396547 0.0403332 0.0404785 0.0412754 0.0404169 0.0387326 0.0380558 0.0333860 0.0333527 0.0349596 0.0349596 0.0357291 0.0365054 0.0356552 0.0333224 0.0334707 0.0349015 0.0341419 0.0342310 0.0317927 0.0333807 0.0333204 0.0303907 0.0325849 0.0333182 0.0310699 0.0317363 0.0325871 0.0271817 0.0279413 0.0279413 0.0309743 0.0317686 0.0302735 0.0326690 0.0303050 0.0310195 0.0302423 0.0317842 0.0317843 0.0317531 0.0302763 0.0310755 0.0295038 0.0310287 0.0279654 0.0302395 0.0286954 0.0303124 0.0286833 0.0302378 0.0302648 0.0287301 0.0294675 0.0294494 0.0298589 0.0294447 0.0280810 0.0287147 0.0271636 0.0271636 0.0265726 0.0264130 0.0264130 
AB016724.1_Symbiodinium_sp.                                        0.0661711 0.0601612 0.0331974 0.0326598 0.0311122 0.0143999 0.0121915 0.0085605 0.0107246 0.0078437 0.0028383 0.0064156 0.0092911 0.0085651 0.0071255 0.0064028 0.0064028 0.0014185 0.0021204 0.0014160 0.0014127 0.0000000 0.0064123 0.0049754 0.0049772 0.0056842 0.0042624 0.0042650 0.0035485 0.0049684 0.0035432 0.0035432 0.0035870 0.0042576 0.0042544 0.0042544 0.0043234 0.0382135 0.0343102 0.0342198 0.0334458 0.0334458 0.0324544 0.0311088 0.0327072 0.0326822 0.0318974 0.0318819 0.0318819 0.0322930 0.0249718 0.0256955 0.0317197 0.0248883 0.0302164 0.0282717 0.0405249 0.0428876 0.0404663 0.0372128 0.0418573 0.0420416 0.0405579 0.0428217 0.0421383 0.0412320 0.0412746 0.0419521 0.0421040 0.0429052 0.0420396 0.0403424 0.0396665 0.0349738 0.0349388 0.0365562 0.0365562 0.0373292 0.0381092 0.0372516 0.0349070 0.0350630 0.0364953 0.0357325 0.0358262 0.0333703 0.0349683 0.0349048 0.0319683 0.0341675 0.0349024 0.0326462 0.0333108 0.0341698 0.0287356 0.0279815 0.0279815 0.0325453 0.0333449 0.0318445 0.0342559 0.0318777 0.0325931 0.0318116 0.0333614 0.0333614 0.0333286 0.0318475 0.0326522 0.0310709 0.0326028 0.0295244 0.0318085 0.0302562 0.0318856 0.0302434 0.0318068 0.0318354 0.0302929 0.0310325 0.0310134 0.0314458 0.0310084 0.0296468 0.0302766 0.0287164 0.0287164 0.0281321 0.0279627 0.0279627 
KU188515.1_Symbiodinium_sp.                                        0.0686445 0.0626240 0.0356208 0.0334332 0.0318828 0.0136724 0.0114673 0.0078431 0.0100045 0.0071270 0.0078625 0.0056912 0.0085720 0.0078473 0.0064097 0.0056885 0.0056885 0.0064303 0.0071196 0.0064188 0.0049732 0.0064123 0.0000000 0.0042560 0.0042575 0.0049711 0.0035448 0.0035469 0.0028331 0.0042564 0.0028331 0.0028331 0.0028681 0.0035462 0.0035435 0.0035435 0.0028782 0.0389986 0.0350887 0.0349961 0.0342208 0.0342208 0.0324555 0.0319236 0.0334817 0.0334561 0.0326696 0.0326537 0.0326537 0.0330750 0.0242235 0.0249470 0.0309640 0.0241426 0.0294623 0.0275118 0.0397505 0.0421096 0.0396930 0.0364470 0.0410853 0.0412659 0.0397828 0.0420450 0.0413607 0.0404580 0.0404997 0.0411782 0.0413270 0.0421268 0.0412639 0.0395716 0.0388948 0.0342094 0.0341752 0.0357888 0.0357888 0.0365607 0.0373396 0.0364849 0.0341441 0.0342966 0.0357292 0.0349674 0.0350589 0.0326096 0.0342040 0.0341420 0.0312064 0.0334050 0.0341397 0.0334192 0.0325515 0.0334072 0.0295000 0.0302645 0.0302645 0.0317871 0.0325848 0.0310858 0.0334914 0.0311181 0.0318337 0.0310537 0.0326009 0.0326009 0.0325689 0.0310887 0.0318913 0.0303134 0.0318431 0.0287696 0.0310507 0.0295011 0.0311258 0.0294886 0.0310490 0.0310769 0.0295369 0.0302760 0.0302574 0.0306790 0.0302525 0.0288888 0.0295210 0.0279639 0.0279639 0.0273759 0.0272112 0.0272112 
KU188511.1_Symbiodinium_sp.                                        0.0668889 0.0609200 0.0340177 0.0318670 0.0303237 0.0122034 0.0100098 0.0064017 0.0085547 0.0056879 0.0064175 0.0042582 0.0071262 0.0064051 0.0049734 0.0042561 0.0042561 0.0049893 0.0056820 0.0049804 0.0035438 0.0049754 0.0042560 0.0000000 0.0028315 0.0035423 0.0021218 0.0021231 0.0014131 0.0028308 0.0014131 0.0014131 0.0014306 0.0021226 0.0021210 0.0021210 0.0021552 0.0374040 0.0335109 0.0334228 0.0326508 0.0326508 0.0316488 0.0311121 0.0319133 0.0318890 0.0311065 0.0310914 0.0310914 0.0314917 0.0226990 0.0234214 0.0294163 0.0226234 0.0279196 0.0259595 0.0381539 0.0405029 0.0380988 0.0348719 0.0394920 0.0396649 0.0381848 0.0404409 0.0397556 0.0388614 0.0389012 0.0395811 0.0397235 0.0405194 0.0396631 0.0379827 0.0373048 0.0326399 0.0326074 0.0342114 0.0342114 0.0349801 0.0357557 0.0349079 0.0325779 0.0327227 0.0341545 0.0333955 0.0327182 0.0310496 0.0326348 0.0325759 0.0296457 0.0318404 0.0325737 0.0318539 0.0309945 0.0318425 0.0279553 0.0287166 0.0287166 0.0302331 0.0310260 0.0295316 0.0319225 0.0295622 0.0302772 0.0295011 0.0310412 0.0310413 0.0310109 0.0295343 0.0303319 0.0287627 0.0302862 0.0272263 0.0294984 0.0279563 0.0295694 0.0279445 0.0294967 0.0295231 0.0279901 0.0287274 0.0287097 0.0291089 0.0287052 0.0273388 0.0279751 0.0264263 0.0264263 0.0258314 0.0256764 0.0256764 
KU188514.1_Symbiodinium_sp.                                        0.0669193 0.0609469 0.0340318 0.0318799 0.0303358 0.0122080 0.0100134 0.0064040 0.0085578 0.0056900 0.0064198 0.0042597 0.0071288 0.0064075 0.0049752 0.0042577 0.0042577 0.0049911 0.0056841 0.0049822 0.0035450 0.0049772 0.0042575 0.0028315 0.0000000 0.0035436 0.0021226 0.0021238 0.0014136 0.0028318 0.0014136 0.0014136 0.0014311 0.0021234 0.0021218 0.0021218 0.0021552 0.0374193 0.0335245 0.0334364 0.0326640 0.0326640 0.0316617 0.0311250 0.0319261 0.0319019 0.0311190 0.0311039 0.0311039 0.0315045 0.0227079 0.0234305 0.0294280 0.0226322 0.0279307 0.0259698 0.0381696 0.0405197 0.0381145 0.0348860 0.0395082 0.0396813 0.0382005 0.0404577 0.0397721 0.0388774 0.0389173 0.0395974 0.0397399 0.0405362 0.0396795 0.0379983 0.0373201 0.0326531 0.0326206 0.0342253 0.0342253 0.0349944 0.0357703 0.0349221 0.0325910 0.0327360 0.0341683 0.0334090 0.0334962 0.0310620 0.0326480 0.0325890 0.0296576 0.0318532 0.0325868 0.0318668 0.0310069 0.0318553 0.0279664 0.0287280 0.0287280 0.0302452 0.0310384 0.0295434 0.0319354 0.0295740 0.0302893 0.0295129 0.0310537 0.0310538 0.0310233 0.0295461 0.0303441 0.0287742 0.0302983 0.0272371 0.0295101 0.0279674 0.0295813 0.0279556 0.0295085 0.0295349 0.0280012 0.0287388 0.0287212 0.0291206 0.0287166 0.0273497 0.0279862 0.0264368 0.0264368 0.0258417 0.0256865 0.0256865 
AF238256.1_Symbiodinium_sp._Type_A                                 0.0677118 0.0600407 0.0331999 0.0325981 0.0310537 0.0114645 0.0092777 0.0071106 0.0078274 0.0063967 0.0071281 0.0049737 0.0064018 0.0056830 0.0042550 0.0035403 0.0035403 0.0057001 0.0063901 0.0056900 0.0042511 0.0056842 0.0049711 0.0035423 0.0035436 0.0000000 0.0028324 0.0028341 0.0021222 0.0021192 0.0021190 0.0021190 0.0021451 0.0014125 0.0014114 0.0014114 0.0014340 0.0381403 0.0342450 0.0341550 0.0333826 0.0333826 0.0323921 0.0318608 0.0326453 0.0326205 0.0318372 0.0318218 0.0318218 0.0322313 0.0234237 0.0241456 0.0301423 0.0233457 0.0286454 0.0266926 0.0388901 0.0412405 0.0388340 0.0356028 0.0402248 0.0404010 0.0389216 0.0411774 0.0404934 0.0395966 0.0396373 0.0403155 0.0404607 0.0412572 0.0403991 0.0387157 0.0380391 0.0333714 0.0333382 0.0349443 0.0349443 0.0357135 0.0364894 0.0356396 0.0333079 0.0334561 0.0348863 0.0341270 0.0342160 0.0317789 0.0333662 0.0333059 0.0303774 0.0325708 0.0333037 0.0325846 0.0317225 0.0325729 0.0286819 0.0294436 0.0294436 0.0309608 0.0317548 0.0302604 0.0326547 0.0302918 0.0310060 0.0302292 0.0317704 0.0317705 0.0317394 0.0302632 0.0310620 0.0294910 0.0310152 0.0279533 0.0302263 0.0286830 0.0302992 0.0286709 0.0302247 0.0302517 0.0287177 0.0294548 0.0294366 0.0298458 0.0294320 0.0280688 0.0287022 0.0271518 0.0271518 0.0265610 0.0264016 0.0264016 
KU188513.1_Symbiodinium_sp.                                        0.0660714 0.0601214 0.0332451 0.0311105 0.0295693 0.0114796 0.0092900 0.0056874 0.0078378 0.0049744 0.0057015 0.0035466 0.0064103 0.0056905 0.0042607 0.0035449 0.0035449 0.0042743 0.0049692 0.0042667 0.0028335 0.0042624 0.0035448 0.0021218 0.0021226 0.0028324 0.0000000 0.0014146 0.0007056 0.0021220 0.0007056 0.0007056 0.0007149 0.0014143 0.0014133 0.0014133 0.0014361 0.0366380 0.0327500 0.0326640 0.0318931 0.0318931 0.0308797 0.0303380 0.0311557 0.0311320 0.0303509 0.0303362 0.0303362 0.0307265 0.0219558 0.0226781 0.0286668 0.0218826 0.0271714 0.0252051 0.0373876 0.0397337 0.0373336 0.0341133 0.0387283 0.0388977 0.0374178 0.0396729 0.0389865 0.0380956 0.0381346 0.0388156 0.0389551 0.0397498 0.0388960 0.0372200 0.0365410 0.0318824 0.0318506 0.0334512 0.0334512 0.0342191 0.0349937 0.0341485 0.0318218 0.0319631 0.0333956 0.0326374 0.0327224 0.0302954 0.0318774 0.0318199 0.0288901 0.0310846 0.0318178 0.0310978 0.0302417 0.0310866 0.0272062 0.0279664 0.0279664 0.0294812 0.0302724 0.0287791 0.0311647 0.0288088 0.0295241 0.0287494 0.0302872 0.0302873 0.0302576 0.0287816 0.0295774 0.0280113 0.0295329 0.0264773 0.0287467 0.0272071 0.0288159 0.0271956 0.0287450 0.0287707 0.0272400 0.0279769 0.0279597 0.0283483 0.0279554 0.0265866 0.0272254 0.0256795 0.0256795 0.0250808 0.0249303 0.0249303 
KU188510.1_Symbiodinium_sp.                                        0.0661192 0.0601637 0.0332673 0.0311309 0.0295886 0.0114867 0.0092956 0.0056909 0.0078425 0.0049774 0.0057049 0.0035488 0.0064141 0.0056939 0.0042632 0.0035471 0.0035471 0.0042769 0.0049722 0.0042693 0.0028352 0.0042650 0.0035469 0.0021231 0.0021238 0.0028341 0.0014146 0.0000000 0.0007066 0.0021233 0.0007066 0.0007066 0.0007153 0.0014152 0.0014141 0.0014141 0.0014361 0.0366624 0.0327716 0.0326855 0.0319140 0.0319140 0.0309003 0.0303583 0.0311761 0.0311524 0.0303707 0.0303560 0.0303560 0.0307469 0.0219698 0.0226926 0.0286854 0.0218966 0.0271890 0.0252215 0.0374125 0.0397603 0.0373585 0.0341358 0.0387540 0.0389237 0.0374428 0.0396994 0.0390126 0.0381210 0.0381601 0.0388415 0.0389812 0.0397764 0.0389219 0.0372447 0.0365652 0.0319033 0.0318715 0.0334732 0.0334732 0.0342417 0.0350168 0.0341710 0.0318426 0.0319841 0.0334176 0.0326588 0.0327439 0.0303152 0.0318984 0.0318408 0.0289090 0.0311049 0.0318386 0.0311182 0.0302614 0.0311070 0.0272238 0.0279846 0.0279846 0.0295004 0.0302921 0.0287978 0.0311851 0.0288276 0.0295434 0.0287680 0.0303070 0.0303071 0.0302774 0.0288004 0.0295967 0.0280295 0.0295521 0.0264944 0.0287654 0.0272247 0.0288346 0.0272132 0.0287637 0.0287894 0.0272577 0.0279951 0.0279779 0.0283670 0.0279735 0.0266039 0.0272430 0.0256960 0.0256960 0.0250970 0.0249464 0.0249464 
KU188509.1_Symbiodinium_sp.                                        0.0652143 0.0592882 0.0324555 0.0303386 0.0288005 0.0107505 0.0085670 0.0049716 0.0071183 0.0042596 0.0049839 0.0028345 0.0056924 0.0049743 0.0035471 0.0028332 0.0028332 0.0035584 0.0042551 0.0035521 0.0021231 0.0035485 0.0028331 0.0014131 0.0014136 0.0021222 0.0007056 0.0007066 0.0000000 0.0014133 0.0000010 0.0000010 0.0000010 0.0007060 0.0007056 0.0007056 0.0007177 0.0358533 0.0319728 0.0318890 0.0311195 0.0311195 0.0300952 0.0295486 0.0303827 0.0303597 0.0295804 0.0295660 0.0295660 0.0299461 0.0212024 0.0219243 0.0279035 0.0211319 0.0264103 0.0244388 0.0366021 0.0389438 0.0365493 0.0333377 0.0379447 0.0381104 0.0366316 0.0388843 0.0381972 0.0373103 0.0373484 0.0380301 0.0381666 0.0389595 0.0381087 0.0364383 0.0357585 0.0311090 0.0310781 0.0326743 0.0326743 0.0334408 0.0342140 0.0333719 0.0310500 0.0311877 0.0326200 0.0318630 0.0319458 0.0295263 0.0311043 0.0310482 0.0281205 0.0303135 0.0310461 0.0303264 0.0294741 0.0303155 0.0264440 0.0272028 0.0272028 0.0287150 0.0295040 0.0280126 0.0303915 0.0280415 0.0287567 0.0279837 0.0295183 0.0295185 0.0294896 0.0280150 0.0288085 0.0272464 0.0287652 0.0257156 0.0279811 0.0264449 0.0280483 0.0264338 0.0279795 0.0280044 0.0264768 0.0272130 0.0271963 0.0275739 0.0271921 0.0258217 0.0264626 0.0249205 0.0249205 0.0243183 0.0241725 0.0241725 
