130
GU362426_Gymnodinium_catenatum                                     0.0000000 0.0454271 0.0658466 0.0705506 0.0688410 0.0773303 0.0754692 0.0693683 0.0736463 0.0648997 0.0679272 0.0686257 0.0720338 0.0711519 0.0694460 0.0685317 0.0685317 0.0663123 0.0668350 0.0661826 0.0660077 0.0661096 0.0685811 0.0668284 0.0668596 0.0676510 0.0660130 0.0660614 0.0651564 0.0667860 0.0651036 0.0651036 0.0659880 0.0659823 0.0659288 0.0659288 0.0653615 0.0735284 0.0674346 0.0672378 0.0663962 0.0663962 0.0658848 0.0665527 0.0665464 0.0655748 0.0656224 0.0664753 0.0664753 0.0673762 0.0630150 0.0628506 0.0678204 0.0636109 0.0662035 0.0645066 0.0742664 0.0768458 0.0741636 0.0695556 0.0694895 0.0750323 0.0732490 0.0767223 0.0760679 0.0749725 0.0742209 0.0731195 0.0734052 0.0769009 0.0741749 0.0739181 0.0715280 0.0697509 0.0696740 0.0697758 0.0697758 0.0724368 0.0707494 0.0705273 0.0696774 0.0708439 0.0680865 0.0706265 0.0708199 0.0635962 0.0697966 0.0696714 0.0665869 0.0688980 0.0679968 0.0657197 0.0670457 0.0680210 0.0604170 0.0596057 0.0596057 0.0670384 0.0679473 0.0663487 0.0690930 0.0664214 0.0679910 0.0662761 0.0679811 0.0679847 0.0679148 0.0672102 0.0664380 0.0654978 0.0671644 0.0612625 0.0662640 0.0662052 0.0664423 0.0645208 0.0637739 0.0663299 0.0619936 0.0654111 0.0653677 0.0663213 0.0653524 0.0640631 0.0645905 0.0628492 0.0628492 0.0632812 0.0636822 0.0636822 
EF492511                                                           0.0454271 0.0000000 0.0450543 0.0638252 0.0621615 0.0676847 0.0650590 0.0633031 0.0633141 0.0614559 0.0618788 0.0626219 0.0617463 0.0608977 0.0592522 0.0583794 0.0583794 0.0603018 0.0608373 0.0601860 0.0600308 0.0601209 0.0625824 0.0608806 0.0609082 0.0600033 0.0600838 0.0601266 0.0592508 0.0591665 0.0591565 0.0591565 0.0599437 0.0583829 0.0583364 0.0583364 0.0576304 0.0665332 0.0606264 0.0604551 0.0580219 0.0580219 0.0573533 0.0579212 0.0614356 0.0588373 0.0605404 0.0597062 0.0597062 0.0604977 0.0531604 0.0520978 0.0537459 0.0513413 0.0521861 0.0504040 0.0680856 0.0705942 0.0679934 0.0619724 0.0627709 0.0655496 0.0654693 0.0688324 0.0681771 0.0671395 0.0655311 0.0653576 0.0656053 0.0689884 0.0663601 0.0661362 0.0654368 0.0638260 0.0637573 0.0647018 0.0647018 0.0646768 0.0646722 0.0628474 0.0636485 0.0631569 0.0621148 0.0629331 0.0622758 0.0586344 0.0621260 0.0611987 0.0590349 0.0612604 0.0620126 0.0581566 0.0578309 0.0604130 0.0530442 0.0522549 0.0522549 0.0594750 0.0603497 0.0587901 0.0614287 0.0588524 0.0603873 0.0587266 0.0603784 0.0603818 0.0595052 0.0587966 0.0588669 0.0579650 0.0587676 0.0553680 0.0587168 0.0586658 0.0588703 0.0570326 0.0579051 0.0587729 0.0546065 0.0578906 0.0562473 0.0570495 0.0578405 0.0565481 0.0570929 0.0554111 0.0554111 0.0557830 0.0562195 0.0562195 
JF791031                                                           0.0658466 0.0450543 0.0000000 0.0417697 0.0401688 0.0403869 0.0387610 0.0379379 0.0371272 0.0354352 0.0348156 0.0356338 0.0355696 0.0347945 0.0332230 0.0324119 0.0324119 0.0332866 0.0339147 0.0332232 0.0331403 0.0331877 0.0356125 0.0340102 0.0340247 0.0331934 0.0332384 0.0332610 0.0324489 0.0324022 0.0323975 0.0323975 0.0328224 0.0316405 0.0316154 0.0316154 0.0313587 0.0442168 0.0402241 0.0401138 0.0393216 0.0393216 0.0392143 0.0378999 0.0393499 0.0385415 0.0385136 0.0377158 0.0377158 0.0382105 0.0322017 0.0336784 0.0375185 0.0336281 0.0359847 0.0340625 0.0449080 0.0473175 0.0448478 0.0407450 0.0431006 0.0440442 0.0449184 0.0472188 0.0465332 0.0455978 0.0456505 0.0455156 0.0456826 0.0473405 0.0464208 0.0455439 0.0448639 0.0408848 0.0408422 0.0417217 0.0417217 0.0392260 0.0424229 0.0408160 0.0399958 0.0401975 0.0416258 0.0408443 0.0393729 0.0384238 0.0400612 0.0376390 0.0362300 0.0392027 0.0384032 0.0377605 0.0375799 0.0392464 0.0329087 0.0321409 0.0321409 0.0375751 0.0383973 0.0360959 0.0393480 0.0369077 0.0368578 0.0368301 0.0384140 0.0384169 0.0360444 0.0368729 0.0369168 0.0376383 0.0360804 0.0368491 0.0352608 0.0336807 0.0369183 0.0352241 0.0368258 0.0368581 0.0337075 0.0360338 0.0360107 0.0356771 0.0360042 0.0346406 0.0352608 0.0336638 0.0336638 0.0338857 0.0328954 0.0328954 
AY160124.1_Symbiodinium_sp._G15                                    0.0705506 0.0638252 0.0417697 0.0000000 0.0014078 0.0396825 0.0388254 0.0357012 0.0372201 0.0332616 0.0342503 0.0334442 0.0357176 0.0349282 0.0333840 0.0325867 0.0325867 0.0327464 0.0333663 0.0326850 0.0310757 0.0326505 0.0334246 0.0318592 0.0318725 0.0325903 0.0311035 0.0311241 0.0303316 0.0318142 0.0302845 0.0302845 0.0306740 0.0310665 0.0310423 0.0310423 0.0299966 0.0402427 0.0363562 0.0362591 0.0354879 0.0354879 0.0345296 0.0348615 0.0355126 0.0347274 0.0347028 0.0339270 0.0339270 0.0343622 0.0309010 0.0338827 0.0361255 0.0315519 0.0346195 0.0327183 0.0434084 0.0457739 0.0433512 0.0408575 0.0439478 0.0457058 0.0449984 0.0464862 0.0458100 0.0448918 0.0433515 0.0456098 0.0457747 0.0456978 0.0457012 0.0439938 0.0433231 0.0401993 0.0401582 0.0401575 0.0401575 0.0417699 0.0409930 0.0409009 0.0377836 0.0402928 0.0401486 0.0393819 0.0394813 0.0331650 0.0386134 0.0385492 0.0356243 0.0385922 0.0385459 0.0355905 0.0354204 0.0378150 0.0308465 0.0316087 0.0316087 0.0361790 0.0369843 0.0354851 0.0379111 0.0370552 0.0370060 0.0354467 0.0370000 0.0370028 0.0362019 0.0354871 0.0362944 0.0347078 0.0362409 0.0354711 0.0354421 0.0338864 0.0355301 0.0338726 0.0354427 0.0354731 0.0331530 0.0346660 0.0346441 0.0351249 0.0346381 0.0332929 0.0339073 0.0323418 0.0323418 0.0317762 0.0315876 0.0315876 
HE653239_Symbiodinium_voratum                                      0.0688410 0.0621615 0.0401688 0.0014078 0.0000000 0.0381079 0.0372572 0.0341450 0.0356597 0.0317201 0.0326952 0.0318936 0.0341608 0.0333748 0.0318363 0.0310433 0.0310433 0.0311950 0.0318195 0.0311366 0.0295367 0.0311039 0.0318751 0.0303167 0.0303292 0.0310467 0.0295631 0.0295826 0.0287943 0.0302738 0.0287497 0.0287497 0.0291187 0.0295280 0.0295051 0.0295051 0.0284390 0.0386749 0.0348027 0.0347102 0.0339417 0.0339417 0.0329617 0.0332780 0.0339652 0.0331836 0.0331602 0.0323876 0.0323876 0.0328024 0.0293713 0.0323455 0.0345825 0.0300250 0.0330808 0.0311688 0.0418279 0.0441847 0.0417729 0.0392937 0.0423739 0.0441190 0.0434115 0.0448969 0.0442192 0.0433090 0.0417731 0.0440267 0.0441854 0.0441113 0.0441147 0.0424180 0.0417460 0.0386332 0.0385938 0.0385932 0.0385932 0.0401977 0.0394236 0.0393352 0.0362298 0.0387227 0.0385846 0.0378204 0.0379156 0.0316282 0.0370544 0.0369930 0.0340718 0.0370341 0.0369898 0.0340396 0.0338774 0.0362599 0.0293195 0.0300789 0.0300789 0.0346336 0.0354346 0.0339391 0.0363518 0.0355023 0.0354552 0.0339024 0.0354496 0.0354522 0.0346555 0.0339409 0.0347437 0.0331649 0.0346927 0.0339257 0.0338980 0.0323490 0.0339819 0.0323358 0.0338986 0.0339276 0.0316168 0.0331251 0.0331043 0.0335628 0.0330986 0.0317499 0.0323688 0.0308107 0.0308107 0.0302380 0.0300588 0.0300588 
AJ271758.1_Symbiodinium_sp.                                        0.0773303 0.0676847 0.0403869 0.0396825 0.0381079 0.0000000 0.0136455 0.0158525 0.0121728 0.0151244 0.0158918 0.0136805 0.0107368 0.0100079 0.0085638 0.0078375 0.0078375 0.0144412 0.0151090 0.0144147 0.0129233 0.0143999 0.0136729 0.0122040 0.0122087 0.0114652 0.0114804 0.0114876 0.0107512 0.0107361 0.0107349 0.0107349 0.0108699 0.0100181 0.0100105 0.0100105 0.0101743 0.0453402 0.0413772 0.0412646 0.0404782 0.0404782 0.0395871 0.0391030 0.0397285 0.0397042 0.0388993 0.0388834 0.0388834 0.0393889 0.0311062 0.0318339 0.0363732 0.0310032 0.0348566 0.0329441 0.0453051 0.0476971 0.0452449 0.0419376 0.0466279 0.0468359 0.0453397 0.0476237 0.0469437 0.0460135 0.0460663 0.0467366 0.0469072 0.0477201 0.0468311 0.0451041 0.0444297 0.0396895 0.0396486 0.0397293 0.0397293 0.0420727 0.0428601 0.0419827 0.0396107 0.0397822 0.0412241 0.0404502 0.0405532 0.0380540 0.0396747 0.0396082 0.0366607 0.0388643 0.0388299 0.0396703 0.0379903 0.0388683 0.0356731 0.0364486 0.0364486 0.0372142 0.0380281 0.0365160 0.0389679 0.0381016 0.0372713 0.0364762 0.0380445 0.0380472 0.0380098 0.0365182 0.0373340 0.0357313 0.0372786 0.0357281 0.0364714 0.0349007 0.0365627 0.0348863 0.0364720 0.0365037 0.0349429 0.0356879 0.0356652 0.0361641 0.0356588 0.0343067 0.0349223 0.0333412 0.0333412 0.0327792 0.0325803 0.0325803 
AJ271759.1_Symbiodinium_sp.                                        0.0754692 0.0650590 0.0387610 0.0388254 0.0372572 0.0136455 0.0000000 0.0136350 0.0099846 0.0129110 0.0136686 0.0114726 0.0085551 0.0078319 0.0063972 0.0056773 0.0056773 0.0122250 0.0128980 0.0122026 0.0107250 0.0121901 0.0114664 0.0100091 0.0100129 0.0092773 0.0092896 0.0092953 0.0085665 0.0085546 0.0085536 0.0085536 0.0086599 0.0078399 0.0078339 0.0078339 0.0079615 0.0444586 0.0405111 0.0404013 0.0396180 0.0396180 0.0387161 0.0382272 0.0388705 0.0388467 0.0380454 0.0380299 0.0380299 0.0385229 0.0302830 0.0310090 0.0355332 0.0301831 0.0340216 0.0321068 0.0444243 0.0468068 0.0443654 0.0410741 0.0457469 0.0459502 0.0444581 0.0467350 0.0460555 0.0451315 0.0451831 0.0458531 0.0460199 0.0468293 0.0459455 0.0442279 0.0435540 0.0388323 0.0387925 0.0388712 0.0388712 0.0412058 0.0419902 0.0411179 0.0371851 0.0389227 0.0403617 0.0395907 0.0396912 0.0372048 0.0388180 0.0387532 0.0358130 0.0380112 0.0387498 0.0380336 0.0371427 0.0380151 0.0340629 0.0348341 0.0348341 0.0363696 0.0371795 0.0356723 0.0381123 0.0357076 0.0364251 0.0356335 0.0371954 0.0371982 0.0371617 0.0356743 0.0364862 0.0348907 0.0364322 0.0348876 0.0356288 0.0340646 0.0357177 0.0340506 0.0356294 0.0356602 0.0341056 0.0348484 0.0348264 0.0353122 0.0348202 0.0334686 0.0340856 0.0325114 0.0325114 0.0319464 0.0317531 0.0317531 
AJ271754.1_Symbiodinium_sp.                                        0.0693683 0.0633031 0.0379379 0.0357012 0.0341450 0.0158525 0.0136350 0.0000000 0.0121637 0.0092762 0.0100190 0.0078472 0.0107288 0.0100004 0.0085574 0.0078317 0.0078317 0.0085846 0.0092671 0.0085688 0.0071136 0.0085601 0.0078430 0.0064017 0.0064041 0.0071106 0.0056875 0.0056910 0.0049717 0.0063927 0.0049642 0.0049642 0.0050256 0.0056811 0.0056768 0.0056768 0.0057689 0.0397241 0.0358172 0.0357211 0.0349458 0.0349458 0.0339763 0.0334566 0.0342020 0.0341813 0.0333908 0.0333772 0.0333772 0.0338080 0.0249440 0.0256671 0.0316859 0.0248621 0.0301843 0.0282418 0.0404715 0.0428331 0.0404180 0.0371685 0.0418046 0.0419890 0.0405020 0.0427677 0.0420843 0.0411798 0.0404481 0.0411239 0.0412719 0.0428533 0.0403983 0.0402936 0.0396160 0.0349362 0.0349006 0.0365140 0.0365140 0.0372864 0.0380642 0.0372076 0.0348676 0.0350167 0.0364552 0.0356904 0.0357802 0.0333301 0.0349235 0.0348656 0.0319335 0.0341265 0.0348626 0.0333698 0.0332749 0.0341299 0.0302209 0.0309854 0.0309854 0.0325083 0.0333076 0.0325689 0.0342167 0.0318403 0.0325575 0.0317745 0.0333216 0.0333241 0.0332916 0.0318107 0.0326118 0.0310350 0.0325637 0.0279574 0.0317705 0.0302221 0.0318492 0.0302099 0.0317710 0.0317981 0.0302585 0.0309978 0.0309782 0.0314087 0.0309730 0.0296123 0.0302408 0.0286844 0.0286844 0.0281009 0.0279317 0.0279317 
AJ271756.1_Symbiodinium_sp.                                        0.0736463 0.0633141 0.0371272 0.0372201 0.0356597 0.0121728 0.0099846 0.0121637 0.0000000 0.0114426 0.0121934 0.0100098 0.0071089 0.0063896 0.0049614 0.0042458 0.0042458 0.0107549 0.0114312 0.0107351 0.0092685 0.0107242 0.0100044 0.0085548 0.0085580 0.0078276 0.0078380 0.0078428 0.0071184 0.0071085 0.0071076 0.0071076 0.0071958 0.0063961 0.0063913 0.0063913 0.0064951 0.0428219 0.0388932 0.0387883 0.0380087 0.0380087 0.0370846 0.0365857 0.0372633 0.0372406 0.0364440 0.0364292 0.0364292 0.0369002 0.0287204 0.0294448 0.0339517 0.0286259 0.0324459 0.0305219 0.0427890 0.0451601 0.0427325 0.0394622 0.0441144 0.0443096 0.0428214 0.0450910 0.0444107 0.0434959 0.0435454 0.0442165 0.0443766 0.0451816 0.0443053 0.0426005 0.0419259 0.0372269 0.0371888 0.0372640 0.0372640 0.0395880 0.0403688 0.0395040 0.0355912 0.0365408 0.0387502 0.0379827 0.0380786 0.0356101 0.0372133 0.0371513 0.0342179 0.0364114 0.0371481 0.0364328 0.0355509 0.0364151 0.0324852 0.0332528 0.0332528 0.0347813 0.0355859 0.0340840 0.0365079 0.0341176 0.0348342 0.0340470 0.0356010 0.0356037 0.0355689 0.0340859 0.0348924 0.0333064 0.0348409 0.0333035 0.0340426 0.0324866 0.0341272 0.0309511 0.0340432 0.0340724 0.0325257 0.0332663 0.0332453 0.0337077 0.0332395 0.0318857 0.0325067 0.0309416 0.0309416 0.0303696 0.0301864 0.0301864 
AJ271764.1_Symbiodinium_sp.                                        0.0648997 0.0614559 0.0354352 0.0332616 0.0317201 0.0151244 0.0129110 0.0092762 0.0114426 0.0000000 0.0092988 0.0071304 0.0100086 0.0092816 0.0078405 0.0071163 0.0071163 0.0078654 0.0085501 0.0078509 0.0063991 0.0078429 0.0071265 0.0056876 0.0056898 0.0063964 0.0049742 0.0049772 0.0042594 0.0056797 0.0042530 0.0042530 0.0043056 0.0049686 0.0049648 0.0049648 0.0050453 0.0372407 0.0333692 0.0332804 0.0325121 0.0325121 0.0315114 0.0309777 0.0309896 0.0317538 0.0301912 0.0309592 0.0309592 0.0313563 0.0240985 0.0233115 0.0308046 0.0240198 0.0293109 0.0273696 0.0364193 0.0387506 0.0363716 0.0331766 0.0377579 0.0379224 0.0364465 0.0386919 0.0380073 0.0371260 0.0371674 0.0378443 0.0379790 0.0387684 0.0379190 0.0362608 0.0355820 0.0309624 0.0309313 0.0325174 0.0325174 0.0332803 0.0340485 0.0332109 0.0309023 0.0310328 0.0324653 0.0317095 0.0317884 0.0293840 0.0309515 0.0309007 0.0279879 0.0301672 0.0308980 0.0309400 0.0301119 0.0301702 0.0270668 0.0278227 0.0278227 0.0285787 0.0293643 0.0278804 0.0302462 0.0279072 0.0286214 0.0278501 0.0293764 0.0293787 0.0293502 0.0278815 0.0286686 0.0271167 0.0286268 0.0255947 0.0278468 0.0263200 0.0279149 0.0263095 0.0278471 0.0278705 0.0263515 0.0270846 0.0270676 0.0274408 0.0270633 0.0256985 0.0263362 0.0248035 0.0248035 0.0242038 0.0240592 0.0240592 
L13718.1_Symbiodinium_meandrinae                                   0.0679272 0.0618788 0.0348156 0.0342503 0.0326952 0.0158918 0.0136686 0.0100190 0.0121934 0.0092988 0.0000000 0.0078663 0.0107549 0.0100247 0.0085782 0.0078507 0.0078507 0.0014193 0.0035451 0.0028409 0.0028343 0.0028380 0.0078621 0.0064172 0.0064196 0.0071278 0.0057013 0.0057048 0.0049837 0.0064082 0.0049762 0.0049762 0.0050379 0.0056949 0.0056906 0.0056906 0.0057831 0.0398280 0.0359103 0.0358137 0.0350363 0.0350363 0.0340656 0.0327256 0.0342904 0.0342697 0.0334769 0.0334633 0.0334633 0.0338963 0.0265183 0.0272438 0.0332944 0.0264309 0.0317853 0.0298501 0.0421437 0.0445195 0.0420879 0.0388135 0.0434754 0.0436682 0.0421757 0.0444512 0.0437679 0.0428532 0.0429020 0.0435763 0.0437343 0.0445407 0.0428628 0.0419576 0.0412801 0.0365722 0.0365348 0.0381606 0.0381606 0.0389374 0.0397198 0.0388546 0.0365001 0.0366571 0.0380990 0.0373299 0.0374244 0.0349537 0.0365589 0.0364979 0.0335560 0.0341926 0.0364947 0.0342348 0.0348954 0.0357596 0.0302983 0.0295411 0.0295411 0.0341244 0.0349299 0.0334245 0.0358509 0.0334574 0.0341764 0.0333881 0.0349447 0.0349474 0.0349131 0.0334263 0.0342336 0.0326455 0.0341830 0.0310922 0.0333838 0.0318254 0.0334669 0.0318123 0.0333843 0.0334130 0.0318638 0.0326062 0.0325855 0.0330400 0.0325799 0.0312200 0.0318450 0.0302778 0.0302778 0.0297008 0.0295212 0.0295212 
KU188508.1_Symbiodinium_sp.                                        0.0686257 0.0626219 0.0356338 0.0334442 0.0318936 0.0136805 0.0114726 0.0078472 0.0100098 0.0071304 0.0078663 0.0000000 0.0085768 0.0078517 0.0064133 0.0056916 0.0056916 0.0064337 0.0071233 0.0064219 0.0049758 0.0064153 0.0056912 0.0042582 0.0042598 0.0049738 0.0035467 0.0035489 0.0028346 0.0042587 0.0028346 0.0028346 0.0028697 0.0035481 0.0035454 0.0035454 0.0036029 0.0390036 0.0350971 0.0350029 0.0342278 0.0342278 0.0332465 0.0327212 0.0334833 0.0334631 0.0326731 0.0326598 0.0326598 0.0330816 0.0242285 0.0249524 0.0309721 0.0241489 0.0294700 0.0275194 0.0389668 0.0413241 0.0389154 0.0364522 0.0410886 0.0412698 0.0397815 0.0420485 0.0413635 0.0404611 0.0405069 0.0411835 0.0413320 0.0421327 0.0412659 0.0395767 0.0388975 0.0342183 0.0341834 0.0357954 0.0357954 0.0365678 0.0373456 0.0364905 0.0341511 0.0342971 0.0357377 0.0349728 0.0350609 0.0326137 0.0342059 0.0341491 0.0312141 0.0334094 0.0341462 0.0334291 0.0325596 0.0334128 0.0295058 0.0302702 0.0302702 0.0317931 0.0325916 0.0310926 0.0334978 0.0311229 0.0318412 0.0310587 0.0326053 0.0326078 0.0325760 0.0310940 0.0318943 0.0303186 0.0318473 0.0287758 0.0310548 0.0295069 0.0311317 0.0294950 0.0310553 0.0310817 0.0295425 0.0302823 0.0302632 0.0306840 0.0302581 0.0288936 0.0295252 0.0279697 0.0279697 0.0273819 0.0272170 0.0272170 
AB055917.1_Symbiodinium_sp.                                        0.0720338 0.0617463 0.0355696 0.0357176 0.0341608 0.0107368 0.0085551 0.0107288 0.0071089 0.0100086 0.0107549 0.0085768 0.0000000 0.0049679 0.0035426 0.0028295 0.0028295 0.0093175 0.0099987 0.0093004 0.0078397 0.0092909 0.0085722 0.0071264 0.0071291 0.0064021 0.0064106 0.0064145 0.0056927 0.0056847 0.0056841 0.0056841 0.0057546 0.0049730 0.0049692 0.0049692 0.0043258 0.0413037 0.0373831 0.0372824 0.0365044 0.0365044 0.0347791 0.0342644 0.0357592 0.0357375 0.0349434 0.0349292 0.0349292 0.0353807 0.0272374 0.0279621 0.0324635 0.0271478 0.0309595 0.0290222 0.0412721 0.0436383 0.0412175 0.0379589 0.0426033 0.0403880 0.0389043 0.0411635 0.0404792 0.0395833 0.0411848 0.0418588 0.0420096 0.0436589 0.0419424 0.0410904 0.0404134 0.0357243 0.0356878 0.0357598 0.0357598 0.0372495 0.0364805 0.0379990 0.0356540 0.0358068 0.0372457 0.0364795 0.0365715 0.0341136 0.0357113 0.0356520 0.0327176 0.0349121 0.0356489 0.0349327 0.0340569 0.0349156 0.0309971 0.0317631 0.0317631 0.0332889 0.0340905 0.0325899 0.0350045 0.0326219 0.0333394 0.0325545 0.0341049 0.0341074 0.0340741 0.0325916 0.0333950 0.0318141 0.0333458 0.0318114 0.0325504 0.0309984 0.0326311 0.0309858 0.0325509 0.0325787 0.0310357 0.0317759 0.0317558 0.0321975 0.0317504 0.0303912 0.0310175 0.0294572 0.0294572 0.0288773 0.0287032 0.0287032 
AJ271757.1_Symbiodinium_sp.                                        0.0711519 0.0608977 0.0347945 0.0349282 0.0333748 0.0100079 0.0078319 0.0100004 0.0063896 0.0092816 0.0100247 0.0078517 0.0049679 0.0000000 0.0028303 0.0021194 0.0021194 0.0085895 0.0092724 0.0085737 0.0071177 0.0085650 0.0078475 0.0064053 0.0064077 0.0056833 0.0056908 0.0056943 0.0049745 0.0049676 0.0049670 0.0049670 0.0050285 0.0042569 0.0042537 0.0042537 0.0043227 0.0405006 0.0365880 0.0364897 0.0357133 0.0357133 0.0347551 0.0342405 0.0349690 0.0349478 0.0341557 0.0341418 0.0341418 0.0345827 0.0264668 0.0271908 0.0316849 0.0263798 0.0301834 0.0282411 0.0404696 0.0428309 0.0404162 0.0371669 0.0418026 0.0419869 0.0405001 0.0427655 0.0420822 0.0411779 0.0412245 0.0418992 0.0412699 0.0428511 0.0419829 0.0402917 0.0396142 0.0349348 0.0348993 0.0349695 0.0349695 0.0372848 0.0380626 0.0372060 0.0348663 0.0350153 0.0364537 0.0356890 0.0357788 0.0333290 0.0349222 0.0348643 0.0319324 0.0341252 0.0348612 0.0341453 0.0332737 0.0341286 0.0302200 0.0309844 0.0309844 0.0325072 0.0333064 0.0318081 0.0342154 0.0318392 0.0325564 0.0317735 0.0333204 0.0333229 0.0332904 0.0318096 0.0326106 0.0310340 0.0325626 0.0310314 0.0317695 0.0302212 0.0318481 0.0302089 0.0317700 0.0317971 0.0302575 0.0309968 0.0309773 0.0314076 0.0309720 0.0296114 0.0302398 0.0286836 0.0286836 0.0281002 0.0279310 0.0279310 
AB863030.1_Symbiodinium_sp.                                        0.0694460 0.0592522 0.0332230 0.0333840 0.0318363 0.0085638 0.0063972 0.0085574 0.0049614 0.0078405 0.0085782 0.0064133 0.0035426 0.0028303 0.0000000 0.0007046 0.0007046 0.0071459 0.0078327 0.0071327 0.0056846 0.0071255 0.0064099 0.0049736 0.0049754 0.0042553 0.0042609 0.0042635 0.0035473 0.0035423 0.0035419 0.0035419 0.0035857 0.0028332 0.0028311 0.0028311 0.0028769 0.0389330 0.0350337 0.0349399 0.0341661 0.0341661 0.0331856 0.0326609 0.0334230 0.0334029 0.0326143 0.0326011 0.0326011 0.0330214 0.0249535 0.0256769 0.0301595 0.0248716 0.0286618 0.0267085 0.0389033 0.0412565 0.0388520 0.0356190 0.0402405 0.0404174 0.0389325 0.0411936 0.0405088 0.0396120 0.0396567 0.0403332 0.0404782 0.0412758 0.0404136 0.0387327 0.0380537 0.0333905 0.0333566 0.0334236 0.0334236 0.0357315 0.0365067 0.0356562 0.0333251 0.0334671 0.0349054 0.0341430 0.0342287 0.0317929 0.0333785 0.0333233 0.0303945 0.0325853 0.0333204 0.0326045 0.0317403 0.0325885 0.0286966 0.0294584 0.0294584 0.0309764 0.0317714 0.0302765 0.0326712 0.0303060 0.0310231 0.0302436 0.0317847 0.0317872 0.0317562 0.0302779 0.0310747 0.0295053 0.0310290 0.0295029 0.0302398 0.0286976 0.0303145 0.0286860 0.0302402 0.0302659 0.0287321 0.0294701 0.0294515 0.0298601 0.0294466 0.0280823 0.0287153 0.0271660 0.0271660 0.0265753 0.0264156 0.0264156 
AB016579.1_Symbiodinium_sp.                                        0.0685317 0.0583794 0.0324119 0.0325867 0.0310433 0.0078375 0.0056773 0.0078317 0.0042458 0.0071163 0.0078507 0.0056916 0.0028295 0.0021194 0.0007046 0.0000000 0.0000010 0.0064210 0.0071093 0.0064092 0.0049661 0.0064027 0.0056886 0.0042563 0.0042578 0.0035404 0.0035451 0.0035473 0.0028333 0.0028293 0.0028290 0.0028290 0.0028640 0.0021215 0.0021199 0.0021199 0.0021541 0.0381190 0.0342299 0.0341385 0.0333667 0.0333667 0.0323756 0.0318461 0.0326249 0.0326052 0.0318192 0.0318063 0.0318063 0.0322157 0.0241792 0.0249016 0.0293746 0.0240999 0.0278802 0.0259228 0.0380899 0.0404370 0.0380398 0.0348179 0.0394282 0.0396011 0.0381185 0.0403754 0.0396904 0.0387983 0.0388419 0.0395189 0.0396605 0.0404558 0.0395974 0.0379232 0.0372440 0.0325932 0.0325602 0.0326254 0.0326254 0.0349275 0.0357008 0.0348542 0.0325295 0.0326678 0.0341048 0.0333442 0.0334277 0.0310012 0.0325815 0.0325277 0.0296029 0.0317909 0.0325249 0.0318096 0.0309501 0.0317941 0.0279140 0.0286738 0.0286738 0.0301880 0.0309803 0.0294884 0.0318746 0.0295170 0.0302335 0.0294563 0.0309932 0.0309956 0.0309654 0.0294896 0.0302836 0.0287193 0.0302392 0.0287169 0.0294527 0.0279149 0.0295252 0.0279037 0.0294531 0.0294780 0.0279484 0.0286851 0.0286671 0.0290641 0.0286624 0.0272973 0.0279321 0.0263876 0.0263876 0.0257936 0.0256389 0.0256389 
AB016572.1_Symbiodinium_sp.                                        0.0685317 0.0583794 0.0324119 0.0325867 0.0310433 0.0078375 0.0056773 0.0078317 0.0042458 0.0071163 0.0078507 0.0056916 0.0028295 0.0021194 0.0007046 0.0000010 0.0000000 0.0064210 0.0071093 0.0064092 0.0049661 0.0064027 0.0056886 0.0042563 0.0042578 0.0035404 0.0035451 0.0035473 0.0028333 0.0028293 0.0028290 0.0028290 0.0028640 0.0021215 0.0021199 0.0021199 0.0021541 0.0381190 0.0342299 0.0341385 0.0333667 0.0333667 0.0323756 0.0318461 0.0326249 0.0326052 0.0318192 0.0318063 0.0318063 0.0322157 0.0241792 0.0249016 0.0293746 0.0240999 0.0278802 0.0259228 0.0380899 0.0404370 0.0380398 0.0348179 0.0394282 0.0396011 0.0381185 0.0403754 0.0396904 0.0387983 0.0388419 0.0395189 0.0396605 0.0404558 0.0395974 0.0379232 0.0372440 0.0325932 0.0325602 0.0326254 0.0326254 0.0349275 0.0357008 0.0348542 0.0325295 0.0326678 0.0341048 0.0333442 0.0334277 0.0310012 0.0325815 0.0325277 0.0296029 0.0317909 0.0325249 0.0318096 0.0309501 0.0317941 0.0279140 0.0286738 0.0286738 0.0301880 0.0309803 0.0294884 0.0318746 0.0295170 0.0302335 0.0294563 0.0309932 0.0309956 0.0309654 0.0294896 0.0302836 0.0287193 0.0302392 0.0287169 0.0294527 0.0279149 0.0295252 0.0279037 0.0294531 0.0294780 0.0279484 0.0286851 0.0286671 0.0290641 0.0286624 0.0272973 0.0279321 0.0263876 0.0263876 0.0257936 0.0256389 0.0256389 
L13717.1_Symbiodinium_corculorum                                   0.0663123 0.0603018 0.0332866 0.0327464 0.0311950 0.0144412 0.0122250 0.0085846 0.0107549 0.0078654 0.0014193 0.0064337 0.0093175 0.0085895 0.0071459 0.0064210 0.0064210 0.0000000 0.0021263 0.0014199 0.0014166 0.0014185 0.0064302 0.0049893 0.0049912 0.0057002 0.0042744 0.0042770 0.0035585 0.0049823 0.0035531 0.0035531 0.0035972 0.0042696 0.0042663 0.0042663 0.0043357 0.0375333 0.0343985 0.0343061 0.0335304 0.0335304 0.0325368 0.0311895 0.0327849 0.0327650 0.0319749 0.0319619 0.0319619 0.0323753 0.0250344 0.0257601 0.0318008 0.0249520 0.0302937 0.0283453 0.0406200 0.0429904 0.0405661 0.0373040 0.0419573 0.0421430 0.0406507 0.0429245 0.0422390 0.0413307 0.0413776 0.0420545 0.0422067 0.0430108 0.0413400 0.0404408 0.0397610 0.0350637 0.0350279 0.0366475 0.0366475 0.0374228 0.0382035 0.0373434 0.0349946 0.0351448 0.0365883 0.0358207 0.0359112 0.0334515 0.0350510 0.0349926 0.0320502 0.0326915 0.0349896 0.0327318 0.0333958 0.0342543 0.0288078 0.0280519 0.0280519 0.0326264 0.0334288 0.0319249 0.0343417 0.0319563 0.0326760 0.0318901 0.0334429 0.0334454 0.0334127 0.0319265 0.0327306 0.0311479 0.0326822 0.0295987 0.0318860 0.0303318 0.0319653 0.0303195 0.0318865 0.0319138 0.0303685 0.0311104 0.0310907 0.0315242 0.0310854 0.0297203 0.0303506 0.0287884 0.0287884 0.0282034 0.0280330 0.0280330 
AB055918.1_Symbiodinium_sp.                                        0.0668350 0.0608373 0.0339147 0.0333663 0.0318195 0.0151090 0.0128980 0.0092671 0.0114312 0.0085501 0.0035451 0.0071233 0.0099987 0.0092724 0.0078327 0.0071093 0.0071093 0.0021263 0.0000000 0.0021224 0.0021175 0.0021203 0.0071195 0.0056820 0.0056841 0.0063901 0.0049693 0.0049723 0.0042552 0.0056741 0.0042488 0.0042488 0.0043013 0.0049637 0.0049599 0.0049599 0.0050403 0.0389120 0.0350151 0.0349213 0.0341480 0.0341480 0.0331678 0.0318289 0.0334053 0.0333852 0.0325971 0.0325839 0.0325839 0.0330038 0.0256762 0.0263990 0.0324202 0.0255920 0.0309182 0.0289830 0.0412164 0.0435794 0.0411620 0.0379081 0.0425462 0.0427339 0.0412476 0.0435129 0.0428310 0.0419238 0.0419713 0.0426444 0.0427983 0.0436000 0.0427297 0.0410353 0.0403591 0.0356763 0.0356400 0.0372557 0.0372557 0.0380284 0.0388067 0.0379480 0.0356063 0.0357586 0.0371957 0.0364305 0.0365223 0.0340679 0.0356634 0.0356042 0.0326737 0.0348653 0.0356011 0.0333514 0.0340114 0.0348688 0.0294377 0.0286842 0.0286842 0.0332444 0.0340448 0.0325463 0.0349575 0.0325782 0.0332947 0.0325109 0.0340592 0.0340618 0.0340285 0.0325479 0.0333502 0.0317716 0.0333011 0.0302268 0.0325068 0.0309570 0.0325874 0.0309444 0.0325073 0.0325351 0.0309942 0.0317334 0.0317134 0.0321539 0.0317080 0.0295920 0.0309761 0.0294179 0.0294179 0.0288385 0.0286649 0.0286649 
X62650.1_S.pilosum                                                 0.0661826 0.0601860 0.0332232 0.0326850 0.0311366 0.0144147 0.0122026 0.0085688 0.0107351 0.0078509 0.0028409 0.0064219 0.0093004 0.0085737 0.0071327 0.0064092 0.0064092 0.0014199 0.0021224 0.0000000 0.0014141 0.0014159 0.0064184 0.0049802 0.0049821 0.0056898 0.0042666 0.0042692 0.0035520 0.0049732 0.0035466 0.0035466 0.0035906 0.0042618 0.0042586 0.0042586 0.0043277 0.0382353 0.0343337 0.0342417 0.0334675 0.0334675 0.0324748 0.0311297 0.0327233 0.0327036 0.0319149 0.0319020 0.0319020 0.0323139 0.0249878 0.0257122 0.0317415 0.0249057 0.0302373 0.0282920 0.0405433 0.0429092 0.0404897 0.0372340 0.0418784 0.0420634 0.0405739 0.0428435 0.0421591 0.0412528 0.0412996 0.0419753 0.0421269 0.0429294 0.0420594 0.0403648 0.0396861 0.0349979 0.0349622 0.0365786 0.0365786 0.0373524 0.0381316 0.0372733 0.0349291 0.0350787 0.0365196 0.0357534 0.0358436 0.0333889 0.0349852 0.0349271 0.0319900 0.0341867 0.0349240 0.0326704 0.0333334 0.0341901 0.0287541 0.0279996 0.0279996 0.0325655 0.0333662 0.0318652 0.0342772 0.0318964 0.0326149 0.0318305 0.0333803 0.0333828 0.0333502 0.0318668 0.0326693 0.0310897 0.0326211 0.0295435 0.0318265 0.0302752 0.0319054 0.0302629 0.0318269 0.0318541 0.0303117 0.0310523 0.0310327 0.0314646 0.0310274 0.0296646 0.0302940 0.0287348 0.0287348 0.0281506 0.0279808 0.0279808 
AB016723.1_Symbiodinium_sp.                                        0.0660077 0.0600308 0.0331403 0.0310757 0.0295367 0.0129233 0.0107250 0.0071136 0.0092685 0.0063991 0.0028343 0.0049758 0.0078397 0.0071177 0.0056846 0.0049661 0.0049661 0.0014166 0.0021175 0.0014141 0.0000000 0.0014126 0.0049732 0.0035438 0.0035451 0.0042512 0.0028336 0.0028353 0.0021231 0.0035389 0.0021199 0.0021199 0.0021461 0.0028304 0.0028283 0.0028283 0.0028740 0.0381403 0.0342489 0.0341574 0.0333852 0.0333852 0.0323938 0.0310516 0.0326429 0.0326232 0.0318367 0.0318238 0.0318238 0.0322337 0.0234259 0.0241480 0.0301464 0.0233491 0.0286494 0.0266968 0.0388861 0.0412383 0.0388349 0.0356034 0.0402228 0.0403996 0.0389154 0.0411754 0.0404909 0.0395946 0.0396392 0.0403155 0.0404603 0.0412576 0.0403958 0.0387157 0.0380369 0.0333759 0.0333420 0.0349463 0.0349463 0.0357158 0.0364907 0.0356406 0.0333106 0.0334525 0.0348902 0.0341281 0.0342137 0.0317791 0.0333639 0.0333087 0.0303812 0.0325711 0.0333058 0.0310622 0.0317265 0.0325743 0.0271725 0.0279316 0.0279316 0.0309629 0.0317576 0.0302634 0.0326569 0.0302928 0.0310096 0.0302304 0.0317709 0.0317733 0.0317424 0.0302647 0.0310611 0.0294925 0.0310155 0.0279560 0.0302267 0.0286852 0.0303013 0.0286736 0.0302271 0.0302528 0.0287197 0.0294573 0.0294388 0.0298470 0.0294339 0.0280701 0.0287029 0.0271543 0.0271543 0.0265637 0.0264042 0.0264042 
AB016724.1_Symbiodinium_sp.                                        0.0661096 0.0601209 0.0331877 0.0326505 0.0311039 0.0143999 0.0121901 0.0085601 0.0107242 0.0078429 0.0028380 0.0064153 0.0092909 0.0085650 0.0071255 0.0064027 0.0064027 0.0014185 0.0021203 0.0014159 0.0014126 0.0000000 0.0064119 0.0049751 0.0049770 0.0056840 0.0042623 0.0042649 0.0035484 0.0049682 0.0035430 0.0035430 0.0035869 0.0042575 0.0042542 0.0042542 0.0043232 0.0381947 0.0342974 0.0342056 0.0334322 0.0334322 0.0324400 0.0310961 0.0326888 0.0326691 0.0318814 0.0318685 0.0318685 0.0322795 0.0249617 0.0256853 0.0317083 0.0248797 0.0302056 0.0282621 0.0405003 0.0428636 0.0404468 0.0371948 0.0418342 0.0420188 0.0405309 0.0427981 0.0421143 0.0412091 0.0412558 0.0419309 0.0420822 0.0428838 0.0420148 0.0403221 0.0396441 0.0349610 0.0349254 0.0365399 0.0365399 0.0373129 0.0380913 0.0372340 0.0348923 0.0350416 0.0364811 0.0357157 0.0358057 0.0333538 0.0349483 0.0348903 0.0319563 0.0341507 0.0348873 0.0326360 0.0332984 0.0341541 0.0287240 0.0279703 0.0279703 0.0325313 0.0333312 0.0318317 0.0342410 0.0318629 0.0325806 0.0317971 0.0333452 0.0333477 0.0333152 0.0318333 0.0326349 0.0310570 0.0325868 0.0295125 0.0317931 0.0302435 0.0318718 0.0302312 0.0317935 0.0318207 0.0302799 0.0310198 0.0310002 0.0314312 0.0309949 0.0296334 0.0302622 0.0287047 0.0287047 0.0281210 0.0279515 0.0279515 
KU188515.1_Symbiodinium_sp.                                        0.0685811 0.0625824 0.0356125 0.0334246 0.0318751 0.0136729 0.0114664 0.0078430 0.0100044 0.0071265 0.0078621 0.0056912 0.0085722 0.0078475 0.0064099 0.0056886 0.0056886 0.0064302 0.0071195 0.0064184 0.0049732 0.0064119 0.0000000 0.0042559 0.0042575 0.0049711 0.0035448 0.0035470 0.0028331 0.0042564 0.0028331 0.0028331 0.0028681 0.0035462 0.0035435 0.0035435 0.0028782 0.0389804 0.0350765 0.0349824 0.0342077 0.0342077 0.0324422 0.0319121 0.0334637 0.0334435 0.0326540 0.0326407 0.0326407 0.0330621 0.0242146 0.0249381 0.0309541 0.0241352 0.0294530 0.0275034 0.0397279 0.0420877 0.0396754 0.0364308 0.0410642 0.0412452 0.0397579 0.0420234 0.0413387 0.0404371 0.0404828 0.0411590 0.0413073 0.0421075 0.0412412 0.0395533 0.0388744 0.0341982 0.0341634 0.0357743 0.0357743 0.0365462 0.0373235 0.0364690 0.0341311 0.0342769 0.0357167 0.0349523 0.0350403 0.0325947 0.0341859 0.0341292 0.0311959 0.0333899 0.0341262 0.0334096 0.0325407 0.0333932 0.0294888 0.0302527 0.0302527 0.0317746 0.0325727 0.0310745 0.0334781 0.0311048 0.0318227 0.0310406 0.0325863 0.0325888 0.0325570 0.0310760 0.0318757 0.0303011 0.0318288 0.0287592 0.0310368 0.0294899 0.0311136 0.0294779 0.0310372 0.0310637 0.0295254 0.0302648 0.0302457 0.0306660 0.0302406 0.0288768 0.0295081 0.0279536 0.0279536 0.0273661 0.0272013 0.0272013 
KU188511.1_Symbiodinium_sp.                                        0.0668284 0.0608806 0.0340102 0.0318592 0.0303167 0.0122040 0.0100091 0.0064017 0.0085548 0.0056876 0.0064172 0.0042582 0.0071264 0.0064053 0.0049736 0.0042563 0.0042563 0.0049893 0.0056820 0.0049802 0.0035438 0.0049751 0.0042559 0.0000000 0.0028316 0.0035423 0.0021218 0.0021231 0.0014132 0.0028308 0.0014132 0.0014132 0.0014306 0.0021226 0.0021210 0.0021210 0.0021552 0.0373871 0.0334997 0.0334102 0.0326388 0.0326388 0.0316360 0.0311011 0.0318966 0.0318774 0.0310921 0.0310795 0.0310795 0.0314798 0.0226910 0.0234133 0.0294073 0.0226167 0.0279112 0.0259519 0.0381328 0.0404825 0.0380825 0.0348569 0.0394723 0.0396456 0.0381614 0.0404208 0.0397351 0.0388419 0.0388856 0.0395632 0.0397051 0.0405014 0.0396419 0.0379657 0.0372858 0.0326297 0.0325966 0.0341980 0.0341980 0.0349667 0.0357409 0.0348932 0.0325659 0.0327045 0.0341430 0.0333816 0.0327015 0.0310359 0.0326180 0.0325641 0.0296361 0.0318265 0.0325613 0.0318452 0.0309846 0.0318296 0.0279451 0.0287058 0.0287058 0.0302217 0.0310149 0.0295213 0.0319103 0.0295500 0.0302672 0.0294892 0.0310278 0.0310302 0.0310000 0.0295226 0.0303175 0.0287514 0.0302729 0.0272168 0.0294856 0.0279460 0.0295582 0.0279348 0.0294860 0.0295110 0.0279796 0.0287171 0.0286990 0.0290969 0.0286943 0.0273279 0.0279633 0.0264170 0.0264170 0.0258225 0.0256674 0.0256674 
KU188514.1_Symbiodinium_sp.                                        0.0668596 0.0609082 0.0340247 0.0318725 0.0303292 0.0122087 0.0100129 0.0064041 0.0085580 0.0056898 0.0064196 0.0042598 0.0071291 0.0064077 0.0049754 0.0042578 0.0042578 0.0049912 0.0056841 0.0049821 0.0035451 0.0049770 0.0042575 0.0028316 0.0000000 0.0035436 0.0021226 0.0021239 0.0014137 0.0028319 0.0014137 0.0014137 0.0014311 0.0021234 0.0021218 0.0021218 0.0021552 0.0374029 0.0335137 0.0334241 0.0326524 0.0326524 0.0316494 0.0311143 0.0319099 0.0318907 0.0311050 0.0310924 0.0310924 0.0314930 0.0227002 0.0234228 0.0294194 0.0226258 0.0279226 0.0259626 0.0381489 0.0404998 0.0380986 0.0348714 0.0394890 0.0396625 0.0381776 0.0404380 0.0397520 0.0388583 0.0389021 0.0395800 0.0397220 0.0405186 0.0396588 0.0379817 0.0373015 0.0326433 0.0326102 0.0342123 0.0342123 0.0349814 0.0357559 0.0349078 0.0325794 0.0327181 0.0341573 0.0333955 0.0334792 0.0310487 0.0326316 0.0325776 0.0296484 0.0318397 0.0325748 0.0318585 0.0309974 0.0318428 0.0279565 0.0287176 0.0287176 0.0302341 0.0310277 0.0295335 0.0319236 0.0295622 0.0302797 0.0295013 0.0310406 0.0310431 0.0310128 0.0295348 0.0303300 0.0287632 0.0302854 0.0272279 0.0294977 0.0279575 0.0295704 0.0279462 0.0294981 0.0295231 0.0279911 0.0287289 0.0287108 0.0291091 0.0287061 0.0273391 0.0279747 0.0264277 0.0264277 0.0258331 0.0256779 0.0256779 
AF238256.1_Symbiodinium_sp._Type_A                                 0.0676510 0.0600033 0.0331934 0.0325903 0.0310467 0.0114652 0.0092773 0.0071106 0.0078276 0.0063964 0.0071278 0.0049738 0.0064021 0.0056833 0.0042553 0.0035404 0.0035404 0.0057002 0.0063901 0.0056898 0.0042512 0.0056840 0.0049711 0.0035423 0.0035436 0.0000000 0.0028324 0.0028342 0.0021222 0.0021193 0.0021190 0.0021190 0.0021452 0.0014125 0.0014115 0.0014115 0.0014340 0.0381234 0.0342338 0.0341423 0.0333704 0.0333704 0.0323792 0.0318497 0.0326285 0.0326088 0.0318227 0.0318098 0.0318098 0.0322193 0.0234156 0.0241375 0.0301333 0.0233390 0.0286369 0.0266850 0.0388688 0.0412199 0.0388176 0.0355877 0.0402050 0.0403816 0.0388980 0.0411571 0.0404728 0.0395770 0.0396216 0.0402976 0.0404422 0.0412392 0.0403778 0.0386985 0.0380201 0.0333612 0.0333273 0.0349309 0.0349309 0.0357000 0.0364745 0.0356249 0.0332959 0.0334377 0.0348748 0.0341130 0.0341986 0.0317651 0.0333492 0.0332941 0.0303678 0.0325567 0.0332912 0.0325759 0.0317126 0.0325600 0.0286716 0.0294328 0.0294328 0.0309493 0.0317437 0.0302501 0.0326425 0.0302795 0.0309960 0.0302172 0.0317569 0.0317594 0.0317284 0.0302514 0.0310475 0.0294796 0.0310019 0.0279437 0.0302134 0.0286727 0.0302879 0.0286611 0.0302139 0.0302395 0.0287071 0.0294444 0.0294259 0.0298337 0.0294210 0.0280578 0.0286903 0.0271424 0.0271424 0.0265521 0.0263926 0.0263926 
KU188513.1_Symbiodinium_sp.                                        0.0660130 0.0600838 0.0332384 0.0311035 0.0295631 0.0114804 0.0092896 0.0056875 0.0078380 0.0049742 0.0057013 0.0035467 0.0064106 0.0056908 0.0042609 0.0035451 0.0035451 0.0042744 0.0049693 0.0042666 0.0028336 0.0042623 0.0035448 0.0021218 0.0021226 0.0028324 0.0000000 0.0014147 0.0007056 0.0021221 0.0007056 0.0007056 0.0007149 0.0014144 0.0014133 0.0014133 0.0014361 0.0366222 0.0327397 0.0326524 0.0318819 0.0318819 0.0308679 0.0303278 0.0311401 0.0311214 0.0303374 0.0303251 0.0303251 0.0307156 0.0219485 0.0226707 0.0286586 0.0218766 0.0271638 0.0251983 0.0373677 0.0397145 0.0373184 0.0340994 0.0387098 0.0388796 0.0373957 0.0396540 0.0389672 0.0380773 0.0381201 0.0387989 0.0389379 0.0397329 0.0388760 0.0372041 0.0365232 0.0318730 0.0318407 0.0334388 0.0334388 0.0342067 0.0349799 0.0341348 0.0318108 0.0319460 0.0333850 0.0326244 0.0327061 0.0302826 0.0318617 0.0318090 0.0288814 0.0310716 0.0318063 0.0310900 0.0302326 0.0310747 0.0271968 0.0279565 0.0279565 0.0294707 0.0302622 0.0287696 0.0311534 0.0287975 0.0295150 0.0287383 0.0302747 0.0302771 0.0302476 0.0287708 0.0295640 0.0280008 0.0295206 0.0264685 0.0287348 0.0271977 0.0288056 0.0271867 0.0287352 0.0287595 0.0272304 0.0279675 0.0279499 0.0283373 0.0279453 0.0265765 0.0272145 0.0256709 0.0256709 0.0250727 0.0249221 0.0249221 
KU188510.1_Symbiodinium_sp.                                        0.0660614 0.0601266 0.0332610 0.0311241 0.0295826 0.0114876 0.0092953 0.0056910 0.0078428 0.0049772 0.0057048 0.0035489 0.0064145 0.0056943 0.0042635 0.0035473 0.0035473 0.0042770 0.0049723 0.0042692 0.0028353 0.0042649 0.0035470 0.0021231 0.0021239 0.0028342 0.0014147 0.0000000 0.0007067 0.0021234 0.0007067 0.0007067 0.0007154 0.0014152 0.0014142 0.0014142 0.0014361 0.0366469 0.0327616 0.0326741 0.0319031 0.0319031 0.0308887 0.0303484 0.0311607 0.0311420 0.0303575 0.0303452 0.0303452 0.0307362 0.0219627 0.0226854 0.0286774 0.0218907 0.0271815 0.0252149 0.0373929 0.0397414 0.0373436 0.0341221 0.0387358 0.0389058 0.0374209 0.0396808 0.0389936 0.0381029 0.0381458 0.0388250 0.0389643 0.0397598 0.0389023 0.0372290 0.0365477 0.0318942 0.0318619 0.0334611 0.0334611 0.0342295 0.0350033 0.0341576 0.0318319 0.0319672 0.0334073 0.0326461 0.0327279 0.0303026 0.0318828 0.0318301 0.0289005 0.0310922 0.0318274 0.0311106 0.0302526 0.0310953 0.0272146 0.0279749 0.0279749 0.0294901 0.0302822 0.0287886 0.0311741 0.0288165 0.0295345 0.0287572 0.0302947 0.0302971 0.0302676 0.0287898 0.0295835 0.0280192 0.0295400 0.0264859 0.0287537 0.0272155 0.0288245 0.0272045 0.0287541 0.0287784 0.0272482 0.0279858 0.0279682 0.0283561 0.0279636 0.0265940 0.0272323 0.0256877 0.0256877 0.0250891 0.0249384 0.0249384 
KU188509.1_Symbiodinium_sp.                                        0.0651564 0.0592508 0.0324489 0.0303316 0.0287943 0.0107512 0.0085665 0.0049717 0.0071184 0.0042594 0.0049837 0.0028346 0.0056927 0.0049745 0.0035473 0.0028333 0.0028333 0.0035585 0.0042552 0.0035520 0.0021231 0.0035484 0.0028331 0.0014132 0.0014137 0.0021222 0.0007056 0.0007067 0.0000000 0.0014133 0.0000010 0.0000010 0.0000010 0.0007060 0.0007056 0.0007056 0.0007177 0.0358376 0.0319625 0.0318774 0.0311085 0.0311085 0.0300835 0.0295385 0.0303673 0.0303491 0.0295670 0.0295551 0.0295551 0.0299353 0.0211953 0.0219171 0.0278953 0.0211260 0.0264027 0.0244321 0.0365824 0.0389247 0.0365343 0.0333239 0.0379264 0.0380924 0.0366098 0.0388655 0.0381781 0.0372921 0.0373339 0.0380136 0.0381495 0.0389427 0.0380890 0.0364225 0.0357409 0.0310997 0.0310683 0.0326620 0.0326620 0.0334285 0.0342003 0.0333584 0.0310391 0.0311707 0.0326095 0.0318502 0.0319298 0.0295138 0.0310887 0.0310374 0.0281118 0.0303007 0.0310347 0.0303186 0.0294651 0.0303037 0.0264348 0.0271931 0.0271931 0.0287045 0.0294939 0.0280032 0.0303804 0.0280303 0.0287476 0.0279727 0.0295060 0.0295084 0.0294797 0.0280044 0.0287953 0.0272360 0.0287530 0.0257070 0.0279694 0.0264356 0.0280381 0.0264250 0.0279697 0.0279933 0.0264673 0.0272037 0.0271866 0.0275630 0.0271822 0.0258118 0.0264519 0.0249120 0.0249120 0.0243103 0.0241645 0.0241645 
