130
GU362426_Gymnodinium_catenatum                                     0.0000000 0.0454871 0.0659565 0.0707112 0.0689947 0.0774973 0.0756416 0.0695159 0.0738049 0.0650273 0.0680729 0.0687694 0.0721844 0.0713005 0.0695885 0.0686728 0.0686728 0.0664489 0.0669713 0.0663231 0.0661417 0.0662494 0.0687271 0.0669666 0.0669978 0.0677920 0.0661484 0.0661958 0.0652895 0.0669234 0.0652363 0.0652363 0.0661250 0.0661177 0.0660638 0.0660638 0.0654946 0.0736785 0.0675596 0.0673658 0.0665205 0.0665205 0.0660081 0.0666810 0.0666765 0.0656969 0.0657435 0.0665996 0.0665996 0.0675037 0.0631296 0.0629576 0.0679410 0.0637212 0.0663217 0.0646201 0.0744203 0.0770012 0.0743048 0.0696746 0.0696116 0.0751887 0.0733939 0.0768792 0.0762239 0.0751228 0.0743683 0.0732624 0.0735545 0.0770598 0.0743281 0.0740617 0.0716679 0.0698649 0.0697884 0.0698941 0.0698941 0.0725820 0.0708872 0.0706614 0.0698031 0.0709822 0.0682101 0.0707571 0.0709632 0.0637056 0.0699368 0.0697941 0.0666982 0.0690291 0.0681172 0.0658304 0.0671643 0.0681359 0.0605164 0.0597032 0.0597032 0.0671561 0.0680660 0.0664623 0.0692184 0.0665420 0.0681074 0.0663953 0.0681074 0.0681045 0.0680319 0.0673301 0.0665715 0.0656144 0.0672896 0.0613634 0.0663855 0.0663215 0.0665618 0.0646283 0.0638814 0.0664492 0.0620916 0.0655225 0.0654815 0.0664433 0.0654652 0.0641764 0.0647065 0.0629547 0.0629547 0.0633851 0.0637901 0.0637901 
EF492511                                                           0.0454871 0.0000000 0.0450951 0.0639170 0.0622483 0.0677889 0.0651656 0.0634020 0.0634101 0.0615519 0.0619764 0.0627180 0.0618363 0.0609863 0.0593363 0.0584628 0.0584628 0.0603921 0.0609273 0.0602799 0.0601190 0.0602141 0.0626806 0.0609727 0.0610002 0.0600931 0.0601736 0.0602154 0.0593389 0.0592535 0.0592440 0.0592440 0.0600342 0.0584685 0.0584218 0.0584218 0.0577147 0.0666237 0.0606980 0.0605290 0.0580904 0.0580904 0.0574223 0.0579937 0.0615156 0.0589077 0.0606138 0.0597771 0.0597771 0.0605712 0.0532248 0.0521562 0.0538045 0.0513969 0.0522433 0.0504577 0.0681882 0.0706969 0.0680846 0.0620499 0.0628600 0.0656458 0.0655604 0.0689325 0.0682765 0.0672346 0.0656145 0.0654472 0.0657001 0.0690900 0.0664580 0.0662260 0.0655282 0.0639000 0.0638317 0.0647826 0.0647826 0.0647684 0.0647620 0.0629294 0.0637272 0.0632501 0.0621867 0.0630130 0.0623643 0.0587110 0.0622144 0.0612694 0.0591000 0.0613406 0.0620882 0.0582213 0.0578981 0.0604804 0.0531015 0.0523108 0.0523108 0.0595453 0.0604204 0.0588572 0.0615045 0.0589253 0.0604560 0.0587985 0.0604557 0.0604535 0.0595728 0.0588672 0.0589501 0.0580349 0.0588424 0.0554317 0.0587906 0.0587353 0.0589414 0.0570951 0.0579711 0.0588448 0.0546682 0.0579561 0.0563117 0.0571198 0.0579073 0.0566156 0.0571627 0.0554726 0.0554726 0.0558427 0.0562828 0.0562828 
JF791031                                                           0.0659565 0.0450951 0.0000000 0.0417986 0.0401950 0.0404174 0.0387945 0.0379687 0.0371548 0.0354633 0.0348447 0.0356606 0.0355939 0.0348183 0.0332446 0.0324333 0.0324333 0.0333118 0.0339399 0.0332505 0.0331646 0.0332146 0.0356404 0.0340351 0.0340495 0.0332171 0.0332622 0.0332841 0.0324718 0.0324246 0.0324202 0.0324202 0.0328461 0.0316622 0.0316371 0.0316371 0.0313795 0.0442503 0.0402468 0.0401381 0.0393449 0.0393449 0.0392376 0.0379210 0.0393775 0.0385639 0.0385374 0.0377382 0.0377382 0.0382340 0.0322220 0.0336967 0.0375406 0.0336469 0.0360062 0.0340817 0.0449490 0.0473582 0.0448814 0.0407721 0.0431332 0.0440788 0.0449586 0.0472552 0.0465692 0.0456314 0.0456791 0.0455435 0.0457137 0.0473783 0.0464588 0.0455796 0.0449011 0.0409071 0.0408648 0.0417484 0.0417484 0.0392495 0.0424481 0.0408451 0.0400204 0.0402322 0.0416501 0.0408717 0.0394048 0.0384505 0.0400942 0.0376592 0.0362478 0.0392275 0.0384256 0.0377809 0.0376026 0.0392717 0.0329256 0.0321571 0.0321571 0.0375972 0.0384195 0.0361153 0.0393730 0.0369314 0.0368770 0.0368533 0.0384403 0.0384396 0.0360633 0.0368952 0.0369470 0.0376623 0.0361045 0.0368704 0.0352830 0.0336986 0.0369410 0.0352419 0.0368466 0.0368813 0.0337256 0.0360533 0.0360315 0.0356970 0.0360246 0.0346614 0.0352830 0.0336813 0.0336813 0.0339019 0.0329122 0.0329122 
AY160124.1_Symbiodinium_sp._G15                                    0.0707112 0.0639170 0.0417986 0.0000000 0.0014078 0.0397090 0.0388568 0.0357304 0.0372458 0.0332883 0.0342786 0.0334696 0.0357403 0.0349503 0.0334040 0.0326066 0.0326066 0.0327709 0.0333909 0.0327115 0.0310975 0.0326767 0.0334511 0.0318829 0.0318961 0.0326148 0.0311261 0.0311462 0.0303534 0.0318374 0.0303061 0.0303061 0.0306965 0.0310890 0.0310647 0.0310647 0.0300169 0.0402736 0.0363773 0.0362816 0.0355094 0.0355094 0.0345498 0.0348833 0.0355380 0.0347481 0.0347247 0.0339476 0.0339476 0.0343838 0.0309237 0.0339058 0.0361471 0.0315726 0.0346405 0.0327370 0.0434517 0.0458172 0.0433875 0.0408863 0.0439832 0.0457437 0.0450439 0.0465271 0.0458504 0.0449298 0.0433821 0.0456439 0.0458120 0.0457310 0.0457435 0.0440285 0.0433593 0.0402223 0.0401814 0.0401854 0.0401854 0.0418005 0.0410255 0.0409313 0.0378105 0.0403287 0.0401725 0.0394086 0.0395145 0.0331894 0.0386454 0.0385718 0.0356427 0.0386203 0.0385702 0.0356098 0.0354452 0.0378397 0.0308624 0.0316255 0.0316255 0.0362006 0.0370060 0.0355049 0.0379356 0.0370802 0.0370265 0.0354693 0.0370257 0.0370250 0.0362257 0.0355089 0.0363210 0.0347294 0.0362663 0.0354954 0.0354659 0.0339060 0.0355521 0.0338901 0.0354630 0.0354957 0.0331713 0.0346850 0.0346644 0.0351483 0.0346580 0.0333132 0.0339289 0.0323590 0.0323590 0.0317910 0.0316040 0.0316040 
HE653239_Symbiodinium_voratum                                      0.0689947 0.0622483 0.0401950 0.0014078 0.0000000 0.0381319 0.0372859 0.0341717 0.0356830 0.0317443 0.0327209 0.0319167 0.0341812 0.0333947 0.0318542 0.0310611 0.0310611 0.0312172 0.0318418 0.0311607 0.0295563 0.0311276 0.0318992 0.0303380 0.0303505 0.0310689 0.0295834 0.0296025 0.0288139 0.0302947 0.0287690 0.0287690 0.0291389 0.0295482 0.0295252 0.0295252 0.0284571 0.0387032 0.0348216 0.0347304 0.0339610 0.0339610 0.0329797 0.0332975 0.0339882 0.0332022 0.0331798 0.0324060 0.0324060 0.0328217 0.0293918 0.0323663 0.0346020 0.0300436 0.0330996 0.0311854 0.0418680 0.0442247 0.0418062 0.0393199 0.0424064 0.0441539 0.0434537 0.0449346 0.0442565 0.0433439 0.0418010 0.0440579 0.0442197 0.0441417 0.0441538 0.0424499 0.0417792 0.0386538 0.0386147 0.0386185 0.0386185 0.0402256 0.0394534 0.0393630 0.0362543 0.0387557 0.0386061 0.0378447 0.0379461 0.0316504 0.0370837 0.0370133 0.0340881 0.0370596 0.0370118 0.0340568 0.0338999 0.0362821 0.0293335 0.0300938 0.0300938 0.0346531 0.0354541 0.0339568 0.0363739 0.0355250 0.0354736 0.0339227 0.0354727 0.0354722 0.0346769 0.0339605 0.0347680 0.0331843 0.0347156 0.0339478 0.0339195 0.0323664 0.0340018 0.0323513 0.0339167 0.0339479 0.0316331 0.0331421 0.0331224 0.0335840 0.0331164 0.0317681 0.0323883 0.0308259 0.0308259 0.0302510 0.0300734 0.0300734 
AJ271758.1_Symbiodinium_sp.                                        0.0774973 0.0677889 0.0404174 0.0397090 0.0381319 0.0000000 0.0136484 0.0158551 0.0121741 0.0151272 0.0158949 0.0136820 0.0107373 0.0100083 0.0085639 0.0078377 0.0078377 0.0144429 0.0151107 0.0144173 0.0129243 0.0144024 0.0136749 0.0122051 0.0122098 0.0114661 0.0114813 0.0114883 0.0107519 0.0107367 0.0107356 0.0107356 0.0108708 0.0100186 0.0100110 0.0100110 0.0101747 0.0453832 0.0414084 0.0412974 0.0405098 0.0405098 0.0396180 0.0391308 0.0397675 0.0397348 0.0389341 0.0389138 0.0389138 0.0394206 0.0311304 0.0318591 0.0364003 0.0310246 0.0348827 0.0329678 0.0453582 0.0477505 0.0452906 0.0419782 0.0466788 0.0468871 0.0453972 0.0476782 0.0469976 0.0460645 0.0461124 0.0467837 0.0469578 0.0477707 0.0468869 0.0451515 0.0444785 0.0397212 0.0396807 0.0397643 0.0397643 0.0421139 0.0429016 0.0420249 0.0396457 0.0398269 0.0412593 0.0404883 0.0405981 0.0380907 0.0397180 0.0396417 0.0366891 0.0389023 0.0388680 0.0397003 0.0380200 0.0389037 0.0357029 0.0364796 0.0364796 0.0372462 0.0380603 0.0365458 0.0390032 0.0381373 0.0373011 0.0365090 0.0380807 0.0380800 0.0380412 0.0365501 0.0373712 0.0357628 0.0373143 0.0357579 0.0365054 0.0349298 0.0365950 0.0349133 0.0365023 0.0365364 0.0349720 0.0357167 0.0356953 0.0361977 0.0356885 0.0343365 0.0349537 0.0333675 0.0333675 0.0328034 0.0326056 0.0326056 
AJ271759.1_Symbiodinium_sp.                                        0.0756416 0.0651656 0.0387945 0.0388568 0.0372859 0.0136484 0.0000000 0.0136388 0.0099867 0.0129149 0.0136728 0.0114761 0.0085565 0.0078331 0.0063980 0.0056781 0.0056781 0.0122278 0.0129008 0.0122062 0.0107270 0.0121936 0.0114693 0.0100112 0.0100149 0.0092791 0.0092914 0.0092969 0.0085681 0.0085560 0.0085551 0.0085551 0.0086616 0.0078412 0.0078352 0.0078352 0.0079628 0.0445070 0.0405474 0.0404391 0.0396545 0.0396545 0.0387518 0.0382600 0.0389140 0.0388821 0.0380847 0.0380650 0.0380650 0.0385594 0.0303108 0.0310379 0.0355647 0.0302081 0.0340519 0.0321344 0.0444826 0.0468658 0.0444165 0.0411195 0.0458032 0.0460069 0.0445207 0.0467950 0.0461149 0.0451879 0.0452347 0.0459059 0.0460760 0.0468855 0.0460067 0.0442806 0.0436079 0.0388688 0.0388293 0.0389109 0.0389109 0.0412519 0.0420367 0.0411651 0.0372220 0.0389719 0.0404018 0.0396335 0.0397406 0.0372459 0.0388658 0.0387913 0.0358459 0.0380538 0.0387898 0.0380672 0.0371769 0.0380551 0.0340957 0.0348681 0.0348681 0.0364058 0.0372162 0.0357064 0.0381521 0.0357451 0.0364593 0.0356704 0.0372360 0.0372354 0.0371976 0.0357105 0.0365276 0.0349263 0.0364722 0.0349216 0.0356670 0.0340977 0.0357542 0.0340817 0.0356640 0.0356971 0.0341388 0.0348815 0.0348606 0.0353500 0.0348541 0.0335024 0.0341210 0.0325416 0.0325416 0.0319745 0.0317823 0.0317823 
AJ271754.1_Symbiodinium_sp.                                        0.0695159 0.0634020 0.0379687 0.0357304 0.0341717 0.0158551 0.0136388 0.0000000 0.0121657 0.0092781 0.0100210 0.0078481 0.0107300 0.0100015 0.0085581 0.0078324 0.0078324 0.0085857 0.0092682 0.0085704 0.0071142 0.0085616 0.0078442 0.0064023 0.0064047 0.0071114 0.0056880 0.0056914 0.0049721 0.0063933 0.0049646 0.0049646 0.0050261 0.0056816 0.0056773 0.0056773 0.0057694 0.0397668 0.0358489 0.0357541 0.0349776 0.0349776 0.0340072 0.0334848 0.0342398 0.0342120 0.0334248 0.0334076 0.0334076 0.0338395 0.0249636 0.0256877 0.0317108 0.0248795 0.0302081 0.0282633 0.0405205 0.0428827 0.0404604 0.0372058 0.0418519 0.0420365 0.0405548 0.0428182 0.0421342 0.0412270 0.0404937 0.0411706 0.0413217 0.0429003 0.0404466 0.0403375 0.0396610 0.0349655 0.0349302 0.0365484 0.0365484 0.0373243 0.0381025 0.0372464 0.0348997 0.0350573 0.0364878 0.0357253 0.0358211 0.0333636 0.0349630 0.0348964 0.0319595 0.0341612 0.0348950 0.0333957 0.0333022 0.0341623 0.0302469 0.0310125 0.0310125 0.0325374 0.0333371 0.0325971 0.0342490 0.0318705 0.0325848 0.0318043 0.0333546 0.0333541 0.0333204 0.0318397 0.0326455 0.0310636 0.0325962 0.0279801 0.0318014 0.0302485 0.0318785 0.0302344 0.0317986 0.0318279 0.0302849 0.0310240 0.0310056 0.0314391 0.0310000 0.0296392 0.0302691 0.0287081 0.0287081 0.0281229 0.0279546 0.0279546 
AJ271756.1_Symbiodinium_sp.                                        0.0738049 0.0634101 0.0371548 0.0372458 0.0356830 0.0121741 0.0099867 0.0121657 0.0000000 0.0114447 0.0121968 0.0100110 0.0071093 0.0063900 0.0049615 0.0042460 0.0042460 0.0107562 0.0114325 0.0107371 0.0092692 0.0107260 0.0100059 0.0085556 0.0085588 0.0078283 0.0078386 0.0078433 0.0071189 0.0071089 0.0071081 0.0071081 0.0071964 0.0063965 0.0063917 0.0063917 0.0064954 0.0428634 0.0389235 0.0388200 0.0380392 0.0380392 0.0371144 0.0366126 0.0373007 0.0372702 0.0364774 0.0364586 0.0364586 0.0369307 0.0287434 0.0294688 0.0339778 0.0286463 0.0324710 0.0305445 0.0428401 0.0452116 0.0427765 0.0395012 0.0441635 0.0443591 0.0428766 0.0451435 0.0444626 0.0435450 0.0435899 0.0442622 0.0444254 0.0452304 0.0443589 0.0426462 0.0419728 0.0372575 0.0372198 0.0372976 0.0372976 0.0396276 0.0404087 0.0395446 0.0356224 0.0365859 0.0387842 0.0380192 0.0381215 0.0356452 0.0372547 0.0371836 0.0342452 0.0364479 0.0371821 0.0364608 0.0355795 0.0364491 0.0325126 0.0332814 0.0332814 0.0348119 0.0356169 0.0341127 0.0365418 0.0341494 0.0348628 0.0340783 0.0356357 0.0356352 0.0355991 0.0341164 0.0349279 0.0333365 0.0348751 0.0333321 0.0340751 0.0325145 0.0341581 0.0309750 0.0340722 0.0341037 0.0325536 0.0332939 0.0332741 0.0337398 0.0332679 0.0319141 0.0325366 0.0309667 0.0309667 0.0303928 0.0302106 0.0302106 
AJ271764.1_Symbiodinium_sp.                                        0.0650273 0.0615519 0.0354633 0.0332883 0.0317443 0.0151272 0.0129149 0.0092781 0.0114447 0.0000000 0.0093009 0.0071314 0.0100100 0.0092828 0.0078413 0.0071171 0.0071171 0.0078666 0.0085513 0.0078526 0.0063999 0.0078445 0.0071278 0.0056884 0.0056905 0.0063973 0.0049748 0.0049777 0.0042598 0.0056804 0.0042534 0.0042534 0.0043061 0.0049691 0.0049654 0.0049654 0.0050459 0.0372800 0.0333981 0.0333105 0.0325411 0.0325411 0.0315395 0.0310033 0.0310197 0.0317818 0.0302179 0.0309868 0.0309868 0.0313851 0.0241177 0.0233274 0.0308290 0.0240368 0.0293343 0.0273906 0.0364580 0.0387897 0.0364043 0.0332051 0.0377950 0.0379597 0.0364885 0.0387318 0.0380467 0.0371630 0.0372005 0.0378784 0.0380158 0.0388052 0.0379599 0.0362949 0.0356172 0.0309839 0.0309531 0.0325433 0.0325433 0.0333092 0.0340778 0.0332407 0.0309264 0.0310642 0.0324896 0.0317360 0.0318201 0.0294092 0.0309819 0.0309235 0.0280067 0.0301935 0.0309223 0.0309601 0.0301358 0.0301945 0.0270865 0.0278434 0.0278434 0.0286002 0.0293861 0.0279002 0.0302704 0.0279296 0.0286413 0.0278722 0.0294012 0.0294008 0.0293714 0.0279029 0.0286941 0.0271377 0.0286511 0.0256126 0.0278698 0.0263392 0.0279366 0.0263272 0.0278674 0.0278926 0.0263707 0.0271036 0.0270876 0.0274634 0.0270830 0.0257182 0.0263571 0.0248204 0.0248204 0.0242192 0.0240755 0.0240755 
L13718.1_Symbiodinium_meandrinae                                   0.0680729 0.0619764 0.0348447 0.0342786 0.0327209 0.0158949 0.0136728 0.0100210 0.0121968 0.0093009 0.0000000 0.0078674 0.0107565 0.0100261 0.0085791 0.0078517 0.0078517 0.0014195 0.0035455 0.0028414 0.0028346 0.0028385 0.0078635 0.0064181 0.0064205 0.0071288 0.0057020 0.0057054 0.0049843 0.0064090 0.0049767 0.0049767 0.0050385 0.0056955 0.0056912 0.0056912 0.0057837 0.0398721 0.0359431 0.0358478 0.0350692 0.0350692 0.0340976 0.0327546 0.0343295 0.0343015 0.0335121 0.0334948 0.0334948 0.0339290 0.0265406 0.0272671 0.0333223 0.0264508 0.0318121 0.0298744 0.0421971 0.0445735 0.0421344 0.0388546 0.0435269 0.0437200 0.0422331 0.0445062 0.0438223 0.0429047 0.0429490 0.0436244 0.0437856 0.0445920 0.0429168 0.0420057 0.0413293 0.0366049 0.0365678 0.0381987 0.0381987 0.0389792 0.0397619 0.0388974 0.0365357 0.0367017 0.0381351 0.0373685 0.0374692 0.0349906 0.0366022 0.0365322 0.0335852 0.0342282 0.0365307 0.0342626 0.0349260 0.0357956 0.0303252 0.0295671 0.0295671 0.0341569 0.0349628 0.0334549 0.0358867 0.0334910 0.0342069 0.0334211 0.0349813 0.0349807 0.0349452 0.0334586 0.0342709 0.0326774 0.0342189 0.0311201 0.0334180 0.0318549 0.0334995 0.0318399 0.0334152 0.0334461 0.0318933 0.0326355 0.0326160 0.0330739 0.0326100 0.0312500 0.0318766 0.0303045 0.0303045 0.0297255 0.0295469 0.0295469 
KU188508.1_Symbiodinium_sp.                                        0.0687694 0.0627180 0.0356606 0.0334696 0.0319167 0.0136820 0.0114761 0.0078481 0.0100110 0.0071314 0.0078674 0.0000000 0.0085773 0.0078521 0.0064135 0.0056918 0.0056918 0.0064342 0.0071238 0.0064228 0.0049760 0.0064162 0.0056917 0.0042584 0.0042600 0.0049741 0.0035468 0.0035489 0.0028347 0.0042589 0.0028347 0.0028347 0.0028698 0.0035482 0.0035455 0.0035455 0.0036030 0.0390442 0.0351270 0.0350341 0.0342577 0.0342577 0.0332756 0.0327477 0.0335193 0.0334921 0.0327053 0.0326884 0.0326884 0.0331114 0.0242468 0.0249716 0.0309953 0.0241650 0.0294923 0.0275394 0.0390121 0.0413699 0.0389543 0.0364876 0.0411336 0.0413151 0.0398321 0.0420967 0.0414111 0.0405061 0.0405476 0.0412253 0.0413768 0.0421775 0.0413151 0.0396185 0.0389403 0.0342458 0.0342113 0.0358279 0.0358279 0.0366037 0.0373819 0.0365274 0.0341814 0.0343357 0.0357684 0.0350059 0.0350998 0.0326454 0.0342434 0.0341782 0.0312385 0.0334423 0.0341768 0.0334542 0.0325853 0.0334434 0.0295302 0.0302957 0.0302957 0.0318205 0.0326194 0.0311181 0.0335283 0.0311515 0.0318669 0.0310867 0.0326365 0.0326361 0.0326031 0.0311214 0.0319262 0.0303455 0.0318780 0.0287991 0.0310839 0.0295317 0.0311593 0.0295180 0.0310812 0.0311098 0.0295673 0.0303069 0.0302889 0.0307127 0.0302834 0.0289189 0.0295519 0.0279919 0.0279919 0.0274024 0.0272383 0.0272383 
AB055917.1_Symbiodinium_sp.                                        0.0721844 0.0618363 0.0355939 0.0357403 0.0341812 0.0107373 0.0085565 0.0107300 0.0071093 0.0100100 0.0107565 0.0085773 0.0000000 0.0049679 0.0035425 0.0028295 0.0028295 0.0093182 0.0099993 0.0093016 0.0078400 0.0092921 0.0085730 0.0071268 0.0071294 0.0064023 0.0064108 0.0064146 0.0056928 0.0056848 0.0056842 0.0056842 0.0057547 0.0049730 0.0049693 0.0049693 0.0043257 0.0413415 0.0374101 0.0373108 0.0365317 0.0365317 0.0348047 0.0342873 0.0357931 0.0357639 0.0349735 0.0349554 0.0349554 0.0354080 0.0272578 0.0279834 0.0324867 0.0271657 0.0309818 0.0290422 0.0413190 0.0436856 0.0412577 0.0379943 0.0426483 0.0404256 0.0389472 0.0412039 0.0405191 0.0396208 0.0412204 0.0418954 0.0420491 0.0437036 0.0419865 0.0411322 0.0404564 0.0357517 0.0357156 0.0357901 0.0357901 0.0372809 0.0365100 0.0380360 0.0356844 0.0358458 0.0372763 0.0365126 0.0366107 0.0341454 0.0357491 0.0356809 0.0327420 0.0349452 0.0356795 0.0349575 0.0340825 0.0349463 0.0310216 0.0317887 0.0317887 0.0333164 0.0341182 0.0326155 0.0350351 0.0326506 0.0333650 0.0325827 0.0341362 0.0341357 0.0341012 0.0326190 0.0334272 0.0318412 0.0333766 0.0318369 0.0325796 0.0310233 0.0326588 0.0310088 0.0325769 0.0326069 0.0310606 0.0318006 0.0317816 0.0322264 0.0317758 0.0304167 0.0310444 0.0294795 0.0294795 0.0288978 0.0287247 0.0287247 
AJ271757.1_Symbiodinium_sp.                                        0.0713005 0.0609863 0.0348183 0.0349503 0.0333947 0.0100083 0.0078331 0.0100015 0.0063900 0.0092828 0.0100261 0.0078521 0.0049679 0.0000000 0.0028302 0.0021193 0.0021193 0.0085901 0.0092729 0.0085748 0.0071178 0.0085660 0.0078482 0.0064056 0.0064080 0.0056834 0.0056909 0.0056943 0.0049746 0.0049676 0.0049671 0.0049671 0.0050287 0.0042569 0.0042537 0.0042537 0.0043226 0.0405375 0.0366143 0.0365174 0.0357399 0.0357399 0.0347809 0.0342637 0.0350019 0.0349735 0.0341850 0.0341673 0.0341673 0.0346092 0.0264865 0.0272114 0.0317074 0.0263971 0.0302050 0.0282604 0.0405155 0.0428772 0.0404555 0.0372015 0.0418467 0.0420312 0.0405499 0.0428128 0.0421289 0.0412219 0.0412642 0.0419399 0.0413166 0.0428949 0.0420312 0.0403326 0.0396562 0.0349615 0.0349262 0.0349990 0.0349990 0.0373199 0.0380980 0.0372421 0.0348958 0.0350533 0.0364835 0.0357212 0.0358170 0.0333599 0.0349590 0.0348924 0.0319561 0.0341574 0.0348910 0.0341695 0.0332985 0.0341585 0.0302438 0.0310092 0.0310092 0.0325339 0.0333334 0.0318329 0.0342451 0.0318670 0.0325812 0.0318008 0.0333509 0.0333504 0.0333167 0.0318363 0.0326419 0.0310602 0.0325926 0.0310562 0.0317979 0.0302453 0.0318751 0.0302312 0.0317952 0.0318244 0.0302817 0.0310207 0.0310023 0.0314357 0.0309967 0.0296361 0.0302659 0.0287052 0.0287052 0.0281200 0.0279517 0.0279517 
AB863030.1_Symbiodinium_sp.                                        0.0695885 0.0593363 0.0332446 0.0334040 0.0318542 0.0085639 0.0063980 0.0085581 0.0049615 0.0078413 0.0085791 0.0064135 0.0035425 0.0028302 0.0000000 0.0007046 0.0007046 0.0071461 0.0078329 0.0071334 0.0056846 0.0071261 0.0064103 0.0049736 0.0049755 0.0042553 0.0042609 0.0042634 0.0035472 0.0035422 0.0035419 0.0035419 0.0035857 0.0028331 0.0028310 0.0028310 0.0028767 0.0389671 0.0350578 0.0349653 0.0341905 0.0341905 0.0332092 0.0326819 0.0334535 0.0334263 0.0326412 0.0326244 0.0326244 0.0330457 0.0249713 0.0256956 0.0301799 0.0248871 0.0286814 0.0267259 0.0389461 0.0412998 0.0388885 0.0356509 0.0402816 0.0404587 0.0389790 0.0412377 0.0405523 0.0396531 0.0396935 0.0403711 0.0405189 0.0413166 0.0404587 0.0387706 0.0380927 0.0334149 0.0333813 0.0334506 0.0334506 0.0357639 0.0365395 0.0356896 0.0333523 0.0335023 0.0349328 0.0341728 0.0342641 0.0318214 0.0334126 0.0333491 0.0304160 0.0326149 0.0333478 0.0326265 0.0317630 0.0326160 0.0287182 0.0294811 0.0294811 0.0310008 0.0317962 0.0302992 0.0326985 0.0303315 0.0310458 0.0302686 0.0318128 0.0318123 0.0317802 0.0303023 0.0311034 0.0295293 0.0310566 0.0295255 0.0302659 0.0287196 0.0303391 0.0287063 0.0302633 0.0302910 0.0287541 0.0294919 0.0294744 0.0298858 0.0294691 0.0281048 0.0287392 0.0271856 0.0271856 0.0265932 0.0264343 0.0264343 
AB016579.1_Symbiodinium_sp.                                        0.0686728 0.0584628 0.0324333 0.0326066 0.0310611 0.0078377 0.0056781 0.0078324 0.0042460 0.0071171 0.0078517 0.0056918 0.0028295 0.0021193 0.0007046 0.0000000 0.0000010 0.0064213 0.0071095 0.0064099 0.0049661 0.0064033 0.0056890 0.0042564 0.0042579 0.0035405 0.0035451 0.0035472 0.0028333 0.0028293 0.0028290 0.0028290 0.0028640 0.0021215 0.0021199 0.0021199 0.0021541 0.0381527 0.0342538 0.0341636 0.0333908 0.0333908 0.0323989 0.0318669 0.0326549 0.0326285 0.0318457 0.0318293 0.0318293 0.0322397 0.0241966 0.0249199 0.0293948 0.0241152 0.0278995 0.0259399 0.0381322 0.0404797 0.0380759 0.0348495 0.0394688 0.0396419 0.0381644 0.0404190 0.0397334 0.0388389 0.0388784 0.0395564 0.0397008 0.0404961 0.0396420 0.0379608 0.0372826 0.0326173 0.0325846 0.0326521 0.0326521 0.0349596 0.0357332 0.0348871 0.0325563 0.0327024 0.0341319 0.0333736 0.0334626 0.0310293 0.0326151 0.0325533 0.0296242 0.0318201 0.0325520 0.0318314 0.0309725 0.0318211 0.0279353 0.0286962 0.0286962 0.0302121 0.0310047 0.0295107 0.0319015 0.0295421 0.0302559 0.0294810 0.0310208 0.0310204 0.0309892 0.0295137 0.0303119 0.0287429 0.0302663 0.0287392 0.0294784 0.0279366 0.0295495 0.0279237 0.0294758 0.0295027 0.0279701 0.0287066 0.0286896 0.0290894 0.0286845 0.0273194 0.0279556 0.0264069 0.0264069 0.0258113 0.0256574 0.0256574 
AB016572.1_Symbiodinium_sp.                                        0.0686728 0.0584628 0.0324333 0.0326066 0.0310611 0.0078377 0.0056781 0.0078324 0.0042460 0.0071171 0.0078517 0.0056918 0.0028295 0.0021193 0.0007046 0.0000010 0.0000000 0.0064213 0.0071095 0.0064099 0.0049661 0.0064033 0.0056890 0.0042564 0.0042579 0.0035405 0.0035451 0.0035472 0.0028333 0.0028293 0.0028290 0.0028290 0.0028640 0.0021215 0.0021199 0.0021199 0.0021541 0.0381527 0.0342538 0.0341636 0.0333908 0.0333908 0.0323989 0.0318669 0.0326549 0.0326285 0.0318457 0.0318293 0.0318293 0.0322397 0.0241966 0.0249199 0.0293948 0.0241152 0.0278995 0.0259399 0.0381322 0.0404797 0.0380759 0.0348495 0.0394688 0.0396419 0.0381644 0.0404190 0.0397334 0.0388389 0.0388784 0.0395564 0.0397008 0.0404961 0.0396420 0.0379608 0.0372826 0.0326173 0.0325846 0.0326521 0.0326521 0.0349596 0.0357332 0.0348871 0.0325563 0.0327024 0.0341319 0.0333736 0.0334626 0.0310293 0.0326151 0.0325533 0.0296242 0.0318201 0.0325520 0.0318314 0.0309725 0.0318211 0.0279353 0.0286962 0.0286962 0.0302121 0.0310047 0.0295107 0.0319015 0.0295421 0.0302559 0.0294810 0.0310208 0.0310204 0.0309892 0.0295137 0.0303119 0.0287429 0.0302663 0.0287392 0.0294784 0.0279366 0.0295495 0.0279237 0.0294758 0.0295027 0.0279701 0.0287066 0.0286896 0.0290894 0.0286845 0.0273194 0.0279556 0.0264069 0.0264069 0.0258113 0.0256574 0.0256574 
L13717.1_Symbiodinium_corculorum                                   0.0664489 0.0603921 0.0333118 0.0327709 0.0312172 0.0144429 0.0122278 0.0085857 0.0107562 0.0078666 0.0014195 0.0064342 0.0093182 0.0085901 0.0071461 0.0064213 0.0064213 0.0000000 0.0021264 0.0014201 0.0014167 0.0014186 0.0064309 0.0049896 0.0049915 0.0057006 0.0042746 0.0042772 0.0035586 0.0049826 0.0035532 0.0035532 0.0035974 0.0042698 0.0042665 0.0042665 0.0043358 0.0375715 0.0344272 0.0343361 0.0335593 0.0335593 0.0325649 0.0312146 0.0328196 0.0327930 0.0320060 0.0319894 0.0319894 0.0324040 0.0250535 0.0257801 0.0318250 0.0249688 0.0303170 0.0283662 0.0406682 0.0430393 0.0406078 0.0373406 0.0420037 0.0421897 0.0407029 0.0429743 0.0422881 0.0413771 0.0414197 0.0420976 0.0422529 0.0430570 0.0413888 0.0404839 0.0398053 0.0350923 0.0350568 0.0366812 0.0366812 0.0374600 0.0382411 0.0373816 0.0350261 0.0351848 0.0366201 0.0358549 0.0359514 0.0334843 0.0350898 0.0350227 0.0320756 0.0327230 0.0350213 0.0327558 0.0334225 0.0342861 0.0288313 0.0280745 0.0280745 0.0326549 0.0334576 0.0319515 0.0343734 0.0319859 0.0327026 0.0319192 0.0334753 0.0334748 0.0334408 0.0319549 0.0327638 0.0311759 0.0327141 0.0296230 0.0319163 0.0303576 0.0319940 0.0303435 0.0319135 0.0319430 0.0303943 0.0311361 0.0311175 0.0315541 0.0311118 0.0297466 0.0303784 0.0288116 0.0288116 0.0282248 0.0280553 0.0280553 
AB055918.1_Symbiodinium_sp.                                        0.0669713 0.0609273 0.0339399 0.0333909 0.0318418 0.0151107 0.0129008 0.0092682 0.0114325 0.0085513 0.0035455 0.0071238 0.0099993 0.0092729 0.0078329 0.0071095 0.0071095 0.0021264 0.0000000 0.0021226 0.0021176 0.0021205 0.0071202 0.0056823 0.0056844 0.0063905 0.0049695 0.0049724 0.0042553 0.0056743 0.0042489 0.0042489 0.0043015 0.0049639 0.0049601 0.0049601 0.0050404 0.0389515 0.0350439 0.0349515 0.0341770 0.0341770 0.0331959 0.0318542 0.0334403 0.0334132 0.0326284 0.0326116 0.0326116 0.0330326 0.0256955 0.0264192 0.0324445 0.0256090 0.0309416 0.0290040 0.0412648 0.0436283 0.0412037 0.0379448 0.0425927 0.0427807 0.0412999 0.0435627 0.0428802 0.0419704 0.0420134 0.0426876 0.0428446 0.0436463 0.0427806 0.0410785 0.0404035 0.0357050 0.0356690 0.0372895 0.0372895 0.0380658 0.0388443 0.0379863 0.0356379 0.0357988 0.0372276 0.0364649 0.0365627 0.0341009 0.0357024 0.0356344 0.0326991 0.0348996 0.0356330 0.0333755 0.0340381 0.0349007 0.0294613 0.0287069 0.0287069 0.0332730 0.0340738 0.0325730 0.0349892 0.0326080 0.0333215 0.0325402 0.0340917 0.0340912 0.0340568 0.0325765 0.0333835 0.0317997 0.0333331 0.0302512 0.0325372 0.0309829 0.0326162 0.0309685 0.0325345 0.0325644 0.0310202 0.0317592 0.0317403 0.0321839 0.0317345 0.0296175 0.0310040 0.0294412 0.0294412 0.0288600 0.0286874 0.0286874 
X62650.1_S.pilosum                                                 0.0663231 0.0602799 0.0332505 0.0327115 0.0311607 0.0144173 0.0122062 0.0085704 0.0107371 0.0078526 0.0028414 0.0064228 0.0093016 0.0085748 0.0071334 0.0064099 0.0064099 0.0014201 0.0021226 0.0000000 0.0014142 0.0014161 0.0064195 0.0049808 0.0049827 0.0056905 0.0042671 0.0042696 0.0035524 0.0049738 0.0035470 0.0035470 0.0035910 0.0042622 0.0042590 0.0042590 0.0043281 0.0382770 0.0343646 0.0342738 0.0334984 0.0334984 0.0325049 0.0311567 0.0327601 0.0327335 0.0319480 0.0319315 0.0319315 0.0323446 0.0250085 0.0257338 0.0317677 0.0249241 0.0302624 0.0283146 0.0405940 0.0429606 0.0405338 0.0372730 0.0419274 0.0421128 0.0406285 0.0428959 0.0422108 0.0413018 0.0413442 0.0420210 0.0421757 0.0429783 0.0421127 0.0404104 0.0397328 0.0350287 0.0349933 0.0366146 0.0366146 0.0373919 0.0381715 0.0373137 0.0349627 0.0351208 0.0365537 0.0357899 0.0358860 0.0334237 0.0350261 0.0349593 0.0320174 0.0342229 0.0349579 0.0326965 0.0333621 0.0342240 0.0287793 0.0280239 0.0280239 0.0325960 0.0333971 0.0318938 0.0343109 0.0319280 0.0326435 0.0318615 0.0334147 0.0334142 0.0333804 0.0318971 0.0327044 0.0311195 0.0326549 0.0295696 0.0318586 0.0303029 0.0319361 0.0302888 0.0318559 0.0318852 0.0303394 0.0310799 0.0310613 0.0314964 0.0310557 0.0296927 0.0303236 0.0287597 0.0287597 0.0281737 0.0280048 0.0280048 
AB016723.1_Symbiodinium_sp.                                        0.0661417 0.0601190 0.0331646 0.0310975 0.0295563 0.0129243 0.0107270 0.0071142 0.0092692 0.0063999 0.0028346 0.0049760 0.0078400 0.0071178 0.0056846 0.0049661 0.0049661 0.0014167 0.0021176 0.0014142 0.0000000 0.0014128 0.0049735 0.0035439 0.0035452 0.0042513 0.0028336 0.0028353 0.0021231 0.0035389 0.0021199 0.0021199 0.0021461 0.0028305 0.0028283 0.0028283 0.0028740 0.0381786 0.0342768 0.0341866 0.0334132 0.0334132 0.0324209 0.0310759 0.0326768 0.0326503 0.0318670 0.0318506 0.0318506 0.0322615 0.0234427 0.0241657 0.0301680 0.0233639 0.0286701 0.0267152 0.0389304 0.0412831 0.0388729 0.0356367 0.0402654 0.0404424 0.0389633 0.0412211 0.0405360 0.0396372 0.0396776 0.0403549 0.0405026 0.0412999 0.0404425 0.0387551 0.0380775 0.0334016 0.0333680 0.0349769 0.0349769 0.0357496 0.0365248 0.0356754 0.0333390 0.0334889 0.0349189 0.0341591 0.0342504 0.0318088 0.0333993 0.0333359 0.0304039 0.0326020 0.0333345 0.0310837 0.0317504 0.0326030 0.0271934 0.0279535 0.0279535 0.0309885 0.0317836 0.0302872 0.0326855 0.0303195 0.0310335 0.0302566 0.0318001 0.0317997 0.0317677 0.0302902 0.0310911 0.0295176 0.0310442 0.0279776 0.0302539 0.0287083 0.0303271 0.0286950 0.0302513 0.0302790 0.0287428 0.0294802 0.0294627 0.0298738 0.0294575 0.0280937 0.0287278 0.0271749 0.0271749 0.0265826 0.0264239 0.0264239 
AB016724.1_Symbiodinium_sp.                                        0.0662494 0.0602141 0.0332146 0.0326767 0.0311276 0.0144024 0.0121936 0.0085616 0.0107260 0.0078445 0.0028385 0.0064162 0.0092921 0.0085660 0.0071261 0.0064033 0.0064033 0.0014186 0.0021205 0.0014161 0.0014128 0.0000000 0.0064130 0.0049757 0.0049776 0.0056847 0.0042627 0.0042652 0.0035487 0.0049687 0.0035433 0.0035433 0.0035872 0.0042579 0.0042547 0.0042547 0.0043236 0.0382361 0.0343279 0.0342374 0.0334628 0.0334628 0.0324698 0.0311229 0.0327252 0.0326987 0.0319141 0.0318977 0.0318977 0.0323099 0.0249821 0.0257067 0.0317342 0.0248979 0.0302304 0.0282844 0.0405506 0.0429146 0.0404905 0.0372333 0.0418828 0.0420677 0.0405850 0.0428500 0.0421655 0.0412576 0.0412999 0.0419762 0.0421305 0.0429322 0.0420677 0.0403673 0.0396904 0.0349914 0.0349561 0.0365755 0.0365755 0.0373520 0.0381308 0.0372740 0.0349256 0.0350834 0.0365148 0.0357518 0.0358478 0.0333883 0.0349889 0.0349222 0.0319833 0.0341865 0.0349208 0.0326618 0.0333268 0.0341876 0.0287490 0.0279943 0.0279943 0.0325615 0.0333617 0.0318600 0.0342744 0.0318941 0.0326089 0.0318278 0.0333793 0.0333788 0.0333450 0.0318633 0.0326697 0.0310866 0.0326203 0.0295383 0.0318249 0.0302709 0.0319022 0.0302568 0.0318222 0.0318515 0.0303073 0.0310470 0.0310285 0.0314627 0.0310229 0.0296612 0.0302915 0.0287293 0.0287293 0.0281438 0.0279752 0.0279752 
KU188515.1_Symbiodinium_sp.                                        0.0687271 0.0626806 0.0356404 0.0334511 0.0318992 0.0136749 0.0114693 0.0078442 0.0100059 0.0071278 0.0078635 0.0056917 0.0085730 0.0078482 0.0064103 0.0056890 0.0056890 0.0064309 0.0071202 0.0064195 0.0049735 0.0064130 0.0000000 0.0042563 0.0042579 0.0049716 0.0035451 0.0035472 0.0028332 0.0042567 0.0028332 0.0028332 0.0028683 0.0035464 0.0035437 0.0035437 0.0028783 0.0390223 0.0351074 0.0350147 0.0342388 0.0342388 0.0324712 0.0319385 0.0335008 0.0334736 0.0326873 0.0326704 0.0326704 0.0330929 0.0242337 0.0249581 0.0309784 0.0241520 0.0294762 0.0275243 0.0397759 0.0421364 0.0397170 0.0364673 0.0411105 0.0412918 0.0398097 0.0420730 0.0413877 0.0404834 0.0405248 0.0412021 0.0413534 0.0421536 0.0412918 0.0395963 0.0389185 0.0342269 0.0341924 0.0358080 0.0358080 0.0365833 0.0373610 0.0365071 0.0341626 0.0343167 0.0357486 0.0349865 0.0350803 0.0326274 0.0342244 0.0341593 0.0312213 0.0334238 0.0341579 0.0334357 0.0325674 0.0334249 0.0295141 0.0302792 0.0302792 0.0318031 0.0326015 0.0311011 0.0335097 0.0311344 0.0318494 0.0310697 0.0326186 0.0326181 0.0325851 0.0311043 0.0319087 0.0303289 0.0318605 0.0287834 0.0310669 0.0295156 0.0311422 0.0295019 0.0310642 0.0310927 0.0295511 0.0302904 0.0302723 0.0306957 0.0302669 0.0289031 0.0295357 0.0279767 0.0279767 0.0273875 0.0272235 0.0272235 
KU188511.1_Symbiodinium_sp.                                        0.0669666 0.0609727 0.0340351 0.0318829 0.0303380 0.0122051 0.0100112 0.0064023 0.0085556 0.0056884 0.0064181 0.0042584 0.0071268 0.0064056 0.0049736 0.0042564 0.0042564 0.0049896 0.0056823 0.0049808 0.0035439 0.0049757 0.0042563 0.0000000 0.0028317 0.0035425 0.0021219 0.0021231 0.0014132 0.0028309 0.0014132 0.0014132 0.0014306 0.0021227 0.0021211 0.0021211 0.0021552 0.0374252 0.0335275 0.0334393 0.0326667 0.0326667 0.0316631 0.0311257 0.0319302 0.0319044 0.0311222 0.0311062 0.0311062 0.0315075 0.0227077 0.0234309 0.0294289 0.0226314 0.0279318 0.0259703 0.0381769 0.0405272 0.0381204 0.0348901 0.0395148 0.0396883 0.0382091 0.0404663 0.0397800 0.0388843 0.0389239 0.0396025 0.0397474 0.0405436 0.0396884 0.0380050 0.0373262 0.0326554 0.0326226 0.0342284 0.0342284 0.0350004 0.0357749 0.0349278 0.0325942 0.0327407 0.0341717 0.0334125 0.0327368 0.0310654 0.0326531 0.0325912 0.0296587 0.0318572 0.0325898 0.0318685 0.0310084 0.0318582 0.0279677 0.0287295 0.0287295 0.0302472 0.0310408 0.0295451 0.0319388 0.0295765 0.0302910 0.0295152 0.0310569 0.0310565 0.0310252 0.0295480 0.0303472 0.0287763 0.0303015 0.0272383 0.0295126 0.0279690 0.0295839 0.0279561 0.0295101 0.0295370 0.0280026 0.0287399 0.0287229 0.0291236 0.0287178 0.0273513 0.0279881 0.0264375 0.0264375 0.0258414 0.0256871 0.0256871 
KU188514.1_Symbiodinium_sp.                                        0.0669978 0.0610002 0.0340495 0.0318961 0.0303505 0.0122098 0.0100149 0.0064047 0.0085588 0.0056905 0.0064205 0.0042600 0.0071294 0.0064080 0.0049755 0.0042579 0.0042579 0.0049915 0.0056844 0.0049827 0.0035452 0.0049776 0.0042579 0.0028317 0.0000000 0.0035438 0.0021227 0.0021239 0.0014137 0.0028320 0.0014137 0.0014137 0.0014312 0.0021235 0.0021219 0.0021219 0.0021552 0.0374410 0.0335415 0.0334532 0.0326803 0.0326803 0.0316764 0.0311388 0.0319434 0.0319176 0.0311350 0.0311190 0.0311190 0.0315206 0.0227168 0.0234403 0.0294409 0.0226404 0.0279431 0.0259809 0.0381929 0.0405444 0.0381364 0.0349045 0.0395314 0.0397051 0.0382252 0.0404835 0.0397969 0.0389007 0.0389403 0.0396192 0.0397642 0.0405608 0.0397052 0.0380210 0.0373418 0.0326689 0.0326360 0.0342427 0.0342427 0.0350150 0.0357899 0.0349423 0.0326077 0.0327542 0.0341859 0.0334264 0.0335156 0.0310781 0.0326666 0.0326046 0.0296709 0.0318703 0.0326033 0.0318817 0.0310211 0.0318713 0.0279791 0.0287412 0.0287412 0.0302596 0.0310535 0.0295571 0.0319520 0.0295886 0.0303035 0.0295273 0.0310697 0.0310693 0.0310380 0.0295601 0.0303597 0.0287881 0.0303140 0.0272494 0.0295247 0.0279804 0.0295960 0.0279674 0.0295221 0.0295491 0.0280140 0.0287517 0.0287346 0.0291357 0.0287295 0.0273624 0.0279994 0.0264482 0.0264482 0.0258518 0.0256975 0.0256975 
AF238256.1_Symbiodinium_sp._Type_A                                 0.0677920 0.0600931 0.0332171 0.0326148 0.0310689 0.0114661 0.0092791 0.0071114 0.0078283 0.0063973 0.0071288 0.0049741 0.0064023 0.0056834 0.0042553 0.0035405 0.0035405 0.0057006 0.0063905 0.0056905 0.0042513 0.0056847 0.0049716 0.0035425 0.0035438 0.0000000 0.0028325 0.0028342 0.0021223 0.0021193 0.0021191 0.0021191 0.0021453 0.0014125 0.0014115 0.0014115 0.0014340 0.0381626 0.0342625 0.0341723 0.0333993 0.0333993 0.0324072 0.0318751 0.0326632 0.0326367 0.0318537 0.0318373 0.0318373 0.0322480 0.0234331 0.0241558 0.0301556 0.0233543 0.0286583 0.0267041 0.0389141 0.0412658 0.0388566 0.0356219 0.0402486 0.0404255 0.0389470 0.0412038 0.0405189 0.0396205 0.0396609 0.0403380 0.0404856 0.0412825 0.0404255 0.0387389 0.0380615 0.0333877 0.0333541 0.0349623 0.0349623 0.0357347 0.0365096 0.0356605 0.0333252 0.0334750 0.0349044 0.0341449 0.0342361 0.0317956 0.0333854 0.0333220 0.0303912 0.0325884 0.0333207 0.0326000 0.0317373 0.0325895 0.0286951 0.0294573 0.0294573 0.0309757 0.0317704 0.0302746 0.0326719 0.0303069 0.0310206 0.0302441 0.0317869 0.0317865 0.0317545 0.0302777 0.0310782 0.0295054 0.0310314 0.0279661 0.0302414 0.0286964 0.0303145 0.0286832 0.0302388 0.0302665 0.0287309 0.0294681 0.0294506 0.0298613 0.0294453 0.0280820 0.0287160 0.0271637 0.0271637 0.0265716 0.0264131 0.0264131 
KU188513.1_Symbiodinium_sp.                                        0.0661484 0.0601736 0.0332622 0.0311261 0.0295834 0.0114813 0.0092914 0.0056880 0.0078386 0.0049748 0.0057020 0.0035468 0.0064108 0.0056909 0.0042609 0.0035451 0.0035451 0.0042746 0.0049695 0.0042671 0.0028336 0.0042627 0.0035451 0.0021219 0.0021227 0.0028325 0.0000000 0.0014147 0.0007056 0.0021221 0.0007056 0.0007056 0.0007149 0.0014144 0.0014133 0.0014133 0.0014361 0.0366590 0.0327664 0.0326803 0.0319087 0.0319087 0.0308938 0.0303513 0.0311723 0.0311472 0.0303663 0.0303506 0.0303506 0.0307421 0.0219643 0.0226873 0.0286791 0.0218904 0.0271834 0.0252157 0.0374102 0.0397576 0.0373549 0.0341312 0.0387508 0.0389208 0.0374418 0.0396980 0.0390106 0.0381182 0.0381570 0.0388368 0.0389787 0.0397737 0.0389209 0.0372420 0.0365621 0.0318975 0.0318655 0.0334680 0.0334680 0.0342390 0.0350126 0.0341681 0.0318379 0.0319808 0.0334125 0.0326541 0.0327412 0.0303109 0.0318954 0.0318349 0.0289029 0.0311011 0.0318336 0.0311122 0.0302554 0.0311021 0.0272183 0.0279791 0.0279791 0.0294950 0.0302869 0.0287923 0.0311807 0.0288229 0.0295377 0.0287632 0.0303026 0.0303022 0.0302717 0.0287951 0.0295925 0.0280246 0.0295479 0.0264890 0.0287607 0.0272195 0.0288301 0.0272070 0.0287582 0.0287844 0.0272522 0.0279892 0.0279726 0.0283628 0.0279677 0.0265988 0.0272381 0.0256904 0.0256904 0.0250905 0.0249408 0.0249408 
KU188510.1_Symbiodinium_sp.                                        0.0661958 0.0602154 0.0332841 0.0311462 0.0296025 0.0114883 0.0092969 0.0056914 0.0078433 0.0049777 0.0057054 0.0035489 0.0064146 0.0056943 0.0042634 0.0035472 0.0035472 0.0042772 0.0049724 0.0042696 0.0028353 0.0042652 0.0035472 0.0021231 0.0021239 0.0028342 0.0014147 0.0000000 0.0007066 0.0021233 0.0007066 0.0007066 0.0007154 0.0014152 0.0014142 0.0014142 0.0014361 0.0366830 0.0327877 0.0327015 0.0319294 0.0319294 0.0309141 0.0303713 0.0311925 0.0311673 0.0303858 0.0303702 0.0303702 0.0307622 0.0219781 0.0227017 0.0286975 0.0219042 0.0272007 0.0252319 0.0374348 0.0397839 0.0373794 0.0341534 0.0387762 0.0389465 0.0374664 0.0397241 0.0390364 0.0381433 0.0381821 0.0388623 0.0390044 0.0398000 0.0389465 0.0372663 0.0365860 0.0319182 0.0318861 0.0334897 0.0334897 0.0342613 0.0350354 0.0341903 0.0318585 0.0320015 0.0334342 0.0326753 0.0327625 0.0303304 0.0319160 0.0318555 0.0289215 0.0311212 0.0318542 0.0311323 0.0302748 0.0311221 0.0272357 0.0279970 0.0279970 0.0295140 0.0303064 0.0288107 0.0312009 0.0288414 0.0295567 0.0287816 0.0303221 0.0303217 0.0302912 0.0288136 0.0296115 0.0280426 0.0295669 0.0265059 0.0287791 0.0272369 0.0288486 0.0272243 0.0287766 0.0288029 0.0272697 0.0280071 0.0279905 0.0283812 0.0279856 0.0266159 0.0272555 0.0257067 0.0257067 0.0251065 0.0249566 0.0249566 
KU188509.1_Symbiodinium_sp.                                        0.0652895 0.0593389 0.0324718 0.0303534 0.0288139 0.0107519 0.0085681 0.0049721 0.0071189 0.0042598 0.0049843 0.0028347 0.0056928 0.0049746 0.0035472 0.0028333 0.0028333 0.0035586 0.0042553 0.0035524 0.0021231 0.0035487 0.0028332 0.0014132 0.0014137 0.0021223 0.0007056 0.0007066 0.0000000 0.0014133 0.0000010 0.0000010 0.0000010 0.0007060 0.0007056 0.0007056 0.0007177 0.0358734 0.0319883 0.0319044 0.0311343 0.0311343 0.0301086 0.0295611 0.0303986 0.0303741 0.0295950 0.0295797 0.0295797 0.0299609 0.0212104 0.0219330 0.0279151 0.0211392 0.0264215 0.0244488 0.0366238 0.0389667 0.0365697 0.0333548 0.0379663 0.0381326 0.0366546 0.0389083 0.0382203 0.0373319 0.0373698 0.0380504 0.0381891 0.0389824 0.0381327 0.0364593 0.0357787 0.0311234 0.0310923 0.0326902 0.0326902 0.0334598 0.0342320 0.0333906 0.0310653 0.0312045 0.0326361 0.0318789 0.0319638 0.0295411 0.0311214 0.0310625 0.0281326 0.0303292 0.0310612 0.0303400 0.0294871 0.0303301 0.0264555 0.0272148 0.0272148 0.0287281 0.0295177 0.0280251 0.0304067 0.0280548 0.0287696 0.0279968 0.0295330 0.0295326 0.0295029 0.0280278 0.0288228 0.0272590 0.0287795 0.0257267 0.0279944 0.0264566 0.0280618 0.0264445 0.0279919 0.0280174 0.0264884 0.0272246 0.0272085 0.0275876 0.0272038 0.0258333 0.0264747 0.0249308 0.0249308 0.0243274 0.0241824 0.0241824 
