130
GU362426_Gymnodinium_catenatum                                     0.0000000 0.0454746 0.0659536 0.0706617 0.0689465 0.0774718 0.0756019 0.0694791 0.0737710 0.0649960 0.0680382 0.0687363 0.0721556 0.0712713 0.0695606 0.0686420 0.0686420 0.0664159 0.0669411 0.0662883 0.0661114 0.0662154 0.0686895 0.0669327 0.0669636 0.0677571 0.0661146 0.0661648 0.0652558 0.0668902 0.0652032 0.0652032 0.0660889 0.0660841 0.0660308 0.0660308 0.0654647 0.0736561 0.0675412 0.0673411 0.0664970 0.0664970 0.0659846 0.0666540 0.0666524 0.0656733 0.0657228 0.0665788 0.0665788 0.0674802 0.0631018 0.0629377 0.0679178 0.0636983 0.0662956 0.0645943 0.0743955 0.0769835 0.0742878 0.0696644 0.0695963 0.0751627 0.0733715 0.0768539 0.0762046 0.0751002 0.0743470 0.0732437 0.0735324 0.0770403 0.0742958 0.0740357 0.0716460 0.0698618 0.0697839 0.0698891 0.0698891 0.0725530 0.0708633 0.0706366 0.0697847 0.0709645 0.0681934 0.0707388 0.0709365 0.0636847 0.0699051 0.0697818 0.0666890 0.0690018 0.0680986 0.0658156 0.0671443 0.0681267 0.0604974 0.0596841 0.0596841 0.0671365 0.0680490 0.0664461 0.0692025 0.0665210 0.0680948 0.0663740 0.0680832 0.0680858 0.0680170 0.0673112 0.0665403 0.0655944 0.0672639 0.0613472 0.0663613 0.0663007 0.0665426 0.0646147 0.0638646 0.0664295 0.0620779 0.0655070 0.0654609 0.0664176 0.0654467 0.0641549 0.0646837 0.0629366 0.0629366 0.0633711 0.0637719 0.0637719 
EF492511                                                           0.0454746 0.0000000 0.0451070 0.0639179 0.0622501 0.0677975 0.0651611 0.0633973 0.0634096 0.0615438 0.0619731 0.0627158 0.0618394 0.0609887 0.0593391 0.0584627 0.0584627 0.0603896 0.0609273 0.0602755 0.0601186 0.0602106 0.0626744 0.0609689 0.0609962 0.0600889 0.0601696 0.0602140 0.0593347 0.0592504 0.0592407 0.0592407 0.0600289 0.0584647 0.0584184 0.0584184 0.0577105 0.0666393 0.0607139 0.0605400 0.0581004 0.0581004 0.0574288 0.0579978 0.0615255 0.0589179 0.0606263 0.0597903 0.0597903 0.0605828 0.0532239 0.0521577 0.0538101 0.0514006 0.0522462 0.0504603 0.0681964 0.0707127 0.0680998 0.0620606 0.0628597 0.0656517 0.0655694 0.0689405 0.0682895 0.0672442 0.0656318 0.0654592 0.0657094 0.0691032 0.0664588 0.0662321 0.0655376 0.0639211 0.0638516 0.0648014 0.0648014 0.0647714 0.0647694 0.0629352 0.0637390 0.0632552 0.0622037 0.0630244 0.0623683 0.0587102 0.0622138 0.0612853 0.0591175 0.0613443 0.0620991 0.0582336 0.0579069 0.0604985 0.0531078 0.0523167 0.0523167 0.0595540 0.0604317 0.0588685 0.0615173 0.0589326 0.0604711 0.0588054 0.0604608 0.0604634 0.0595856 0.0588763 0.0589494 0.0580426 0.0588457 0.0554363 0.0587950 0.0587426 0.0589511 0.0571079 0.0579816 0.0588531 0.0546737 0.0579676 0.0563181 0.0571225 0.0579162 0.0566215 0.0571675 0.0554807 0.0554807 0.0558547 0.0562912 0.0562912 
JF791031                                                           0.0659536 0.0451070 0.0000000 0.0418110 0.0402075 0.0404280 0.0387989 0.0379723 0.0371614 0.0354653 0.0348464 0.0356657 0.0356024 0.0348260 0.0332523 0.0324392 0.0324392 0.0333139 0.0339434 0.0332515 0.0331678 0.0332161 0.0356433 0.0340391 0.0340534 0.0332208 0.0332659 0.0332893 0.0324753 0.0324287 0.0324242 0.0324242 0.0328491 0.0316659 0.0316410 0.0316410 0.0313844 0.0442654 0.0402652 0.0401534 0.0393597 0.0393597 0.0392523 0.0379336 0.0393883 0.0385782 0.0385496 0.0377507 0.0377507 0.0382455 0.0322254 0.0337041 0.0375494 0.0336534 0.0360128 0.0340878 0.0449571 0.0473716 0.0448943 0.0407840 0.0431424 0.0440912 0.0449678 0.0472698 0.0465869 0.0456466 0.0456993 0.0455649 0.0457333 0.0473950 0.0464688 0.0455895 0.0449119 0.0409250 0.0408820 0.0417648 0.0417648 0.0392601 0.0424648 0.0408528 0.0400321 0.0402396 0.0416666 0.0408837 0.0394114 0.0384577 0.0400984 0.0376728 0.0362626 0.0392363 0.0384373 0.0377935 0.0376121 0.0392836 0.0329336 0.0321647 0.0321647 0.0376070 0.0384310 0.0361261 0.0393855 0.0369402 0.0368900 0.0368619 0.0384480 0.0384503 0.0360747 0.0369052 0.0369508 0.0376719 0.0361105 0.0368802 0.0352900 0.0337068 0.0369512 0.0352537 0.0368575 0.0368907 0.0337340 0.0360645 0.0360401 0.0357056 0.0360342 0.0346689 0.0352900 0.0336901 0.0336901 0.0339131 0.0329206 0.0329206 
AY160124.1_Symbiodinium_sp._G15                                    0.0706617 0.0639179 0.0418110 0.0000000 0.0014078 0.0397186 0.0388592 0.0357284 0.0372504 0.0332852 0.0342779 0.0334693 0.0357465 0.0349561 0.0334099 0.0326108 0.0326108 0.0327706 0.0333919 0.0327102 0.0310981 0.0326759 0.0334488 0.0318818 0.0318948 0.0326138 0.0311248 0.0311462 0.0303521 0.0318368 0.0303053 0.0303053 0.0306946 0.0310881 0.0310641 0.0310641 0.0300177 0.0402793 0.0363866 0.0362882 0.0355158 0.0355158 0.0345563 0.0348885 0.0355407 0.0347542 0.0347289 0.0339522 0.0339522 0.0343874 0.0309207 0.0339063 0.0361512 0.0315720 0.0346427 0.0327389 0.0434520 0.0458221 0.0433923 0.0408926 0.0439868 0.0457522 0.0450446 0.0465323 0.0458587 0.0449359 0.0433930 0.0456555 0.0458218 0.0457438 0.0457444 0.0440326 0.0433643 0.0402348 0.0401933 0.0401929 0.0401929 0.0418060 0.0410298 0.0409343 0.0378133 0.0403315 0.0401832 0.0394153 0.0395166 0.0331886 0.0386449 0.0385813 0.0356529 0.0386225 0.0385766 0.0356170 0.0354466 0.0378464 0.0308660 0.0316292 0.0316292 0.0362057 0.0370126 0.0355113 0.0379429 0.0370848 0.0370353 0.0354732 0.0370285 0.0370308 0.0362298 0.0355141 0.0363237 0.0347337 0.0362682 0.0354974 0.0354683 0.0339097 0.0355576 0.0338973 0.0354691 0.0355004 0.0331757 0.0346916 0.0346685 0.0351500 0.0346630 0.0333164 0.0339316 0.0323635 0.0323635 0.0317981 0.0316083 0.0316083 
HE653239_Symbiodinium_voratum                                      0.0689465 0.0622501 0.0402075 0.0014078 0.0000000 0.0381417 0.0372887 0.0341702 0.0356879 0.0317418 0.0327208 0.0319168 0.0341876 0.0334007 0.0318602 0.0310655 0.0310655 0.0312174 0.0318432 0.0311599 0.0295572 0.0311273 0.0318973 0.0303374 0.0303497 0.0310683 0.0295826 0.0296029 0.0288131 0.0302946 0.0287686 0.0287686 0.0291375 0.0295478 0.0295250 0.0295250 0.0284583 0.0387092 0.0348310 0.0347372 0.0339676 0.0339676 0.0329864 0.0333029 0.0339913 0.0332084 0.0331843 0.0324109 0.0324109 0.0328256 0.0293893 0.0323672 0.0346063 0.0300434 0.0331022 0.0311877 0.0418688 0.0442300 0.0418114 0.0393265 0.0424105 0.0441627 0.0434550 0.0449403 0.0442651 0.0433504 0.0418121 0.0440698 0.0442297 0.0441545 0.0441552 0.0424544 0.0417846 0.0386664 0.0386266 0.0386263 0.0386263 0.0402314 0.0394580 0.0393664 0.0362575 0.0387589 0.0386169 0.0378516 0.0379486 0.0316500 0.0370837 0.0370229 0.0340982 0.0370623 0.0370184 0.0340642 0.0339016 0.0362891 0.0293373 0.0300977 0.0300977 0.0346583 0.0354608 0.0339634 0.0363814 0.0355298 0.0354824 0.0339270 0.0354760 0.0354782 0.0346814 0.0339659 0.0347710 0.0331888 0.0347179 0.0339501 0.0339223 0.0323704 0.0340074 0.0323586 0.0339231 0.0339529 0.0316377 0.0331488 0.0331268 0.0335860 0.0331216 0.0317716 0.0323912 0.0308307 0.0308307 0.0302581 0.0300778 0.0300778 
AJ271758.1_Symbiodinium_sp.                                        0.0774718 0.0677975 0.0404280 0.0397186 0.0381417 0.0000000 0.0136493 0.0158573 0.0121756 0.0151297 0.0158978 0.0136845 0.0107392 0.0100100 0.0085654 0.0078388 0.0078388 0.0144457 0.0151141 0.0144197 0.0129271 0.0144049 0.0136766 0.0122070 0.0122117 0.0114679 0.0114831 0.0114905 0.0107535 0.0107385 0.0107373 0.0107373 0.0108722 0.0100201 0.0100126 0.0100126 0.0101765 0.0453920 0.0414212 0.0413070 0.0405192 0.0405192 0.0396267 0.0391408 0.0397688 0.0397437 0.0389370 0.0389210 0.0389210 0.0394266 0.0311289 0.0318575 0.0364030 0.0310254 0.0348836 0.0329684 0.0453566 0.0477537 0.0452938 0.0419789 0.0466767 0.0468895 0.0453913 0.0476770 0.0469997 0.0460645 0.0461173 0.0467894 0.0469615 0.0477771 0.0468813 0.0451495 0.0444776 0.0397287 0.0396874 0.0397698 0.0397698 0.0421136 0.0429042 0.0420222 0.0396469 0.0398246 0.0412647 0.0404895 0.0405946 0.0380879 0.0397120 0.0396461 0.0366945 0.0388991 0.0388654 0.0397067 0.0380233 0.0389053 0.0357028 0.0364795 0.0364795 0.0372462 0.0380618 0.0365474 0.0390053 0.0381367 0.0373047 0.0365080 0.0380784 0.0380807 0.0380439 0.0365504 0.0373688 0.0357623 0.0373112 0.0357580 0.0365028 0.0349289 0.0365955 0.0349160 0.0365037 0.0365362 0.0349713 0.0357185 0.0356945 0.0361944 0.0356888 0.0343351 0.0349515 0.0333676 0.0333676 0.0328056 0.0326055 0.0326055 
AJ271759.1_Symbiodinium_sp.                                        0.0756019 0.0651611 0.0387989 0.0388592 0.0372887 0.0136493 0.0000000 0.0136382 0.0099862 0.0129147 0.0136729 0.0114762 0.0085565 0.0078331 0.0063980 0.0056779 0.0056779 0.0122280 0.0129015 0.0122060 0.0107274 0.0121935 0.0114687 0.0100110 0.0100147 0.0092789 0.0092911 0.0092970 0.0085679 0.0085559 0.0085550 0.0085550 0.0086612 0.0078410 0.0078351 0.0078351 0.0079628 0.0445075 0.0405526 0.0404412 0.0396564 0.0396564 0.0387532 0.0382627 0.0389082 0.0388838 0.0380808 0.0380652 0.0380652 0.0385583 0.0303040 0.0310308 0.0355610 0.0302035 0.0340468 0.0321293 0.0444730 0.0468604 0.0444115 0.0411128 0.0457929 0.0460009 0.0445069 0.0467854 0.0461085 0.0451797 0.0452313 0.0459031 0.0460713 0.0468833 0.0459929 0.0442706 0.0435991 0.0388691 0.0388289 0.0389093 0.0389093 0.0412442 0.0420316 0.0411550 0.0372169 0.0389627 0.0403999 0.0396276 0.0397300 0.0372365 0.0388529 0.0387887 0.0358447 0.0380438 0.0387839 0.0380663 0.0371736 0.0380499 0.0340894 0.0348618 0.0348618 0.0363994 0.0372110 0.0357016 0.0381474 0.0357379 0.0364564 0.0356631 0.0372272 0.0372294 0.0371936 0.0357044 0.0365188 0.0349196 0.0364626 0.0349154 0.0356581 0.0340908 0.0357483 0.0340782 0.0356589 0.0356906 0.0341321 0.0348770 0.0348537 0.0353404 0.0348481 0.0334950 0.0341128 0.0325359 0.0325359 0.0319709 0.0317765 0.0317765 
AJ271754.1_Symbiodinium_sp.                                        0.0694791 0.0633973 0.0379723 0.0357284 0.0341702 0.0158573 0.0136382 0.0000000 0.0121659 0.0092778 0.0100209 0.0078481 0.0107307 0.0100021 0.0085587 0.0078327 0.0078327 0.0085857 0.0092685 0.0085702 0.0071144 0.0085615 0.0078437 0.0064021 0.0064045 0.0071112 0.0056879 0.0056915 0.0049719 0.0063932 0.0049645 0.0049645 0.0050258 0.0056815 0.0056772 0.0056772 0.0057694 0.0397621 0.0358488 0.0357513 0.0349748 0.0349748 0.0340040 0.0334828 0.0342304 0.0342091 0.0334171 0.0334035 0.0334035 0.0338342 0.0249575 0.0256813 0.0317065 0.0248753 0.0302026 0.0282578 0.0405103 0.0428762 0.0404545 0.0371986 0.0418410 0.0420295 0.0405409 0.0428079 0.0421269 0.0412181 0.0404854 0.0411628 0.0413120 0.0428967 0.0404336 0.0403271 0.0396516 0.0349645 0.0349287 0.0365460 0.0365460 0.0373161 0.0380966 0.0372361 0.0348934 0.0350479 0.0364848 0.0357188 0.0358104 0.0333541 0.0349502 0.0348928 0.0319575 0.0341512 0.0348886 0.0333937 0.0332981 0.0341565 0.0302404 0.0310059 0.0310059 0.0325306 0.0333313 0.0325918 0.0342436 0.0318631 0.0325811 0.0317967 0.0333456 0.0333476 0.0333157 0.0318333 0.0326365 0.0310566 0.0325866 0.0279749 0.0317925 0.0302414 0.0318723 0.0302304 0.0317931 0.0318210 0.0302780 0.0310191 0.0309985 0.0314295 0.0309937 0.0296317 0.0302609 0.0287022 0.0287022 0.0281188 0.0279486 0.0279486 
AJ271756.1_Symbiodinium_sp.                                        0.0737710 0.0634096 0.0371614 0.0372504 0.0356879 0.0121756 0.0099862 0.0121659 0.0000000 0.0114452 0.0121975 0.0100116 0.0071097 0.0063903 0.0049618 0.0042461 0.0042461 0.0107570 0.0114337 0.0107375 0.0092701 0.0107266 0.0100059 0.0085559 0.0085591 0.0078286 0.0078389 0.0078439 0.0071192 0.0071093 0.0071085 0.0071085 0.0071965 0.0063968 0.0063920 0.0063920 0.0064958 0.0428666 0.0389308 0.0388244 0.0380435 0.0380435 0.0371180 0.0366175 0.0372975 0.0372741 0.0364759 0.0364610 0.0364610 0.0369320 0.0287387 0.0294639 0.0339763 0.0286437 0.0324681 0.0305415 0.0428335 0.0452092 0.0427744 0.0394972 0.0441563 0.0443560 0.0428660 0.0451370 0.0444592 0.0435398 0.0435893 0.0442622 0.0444236 0.0452310 0.0443484 0.0426393 0.0419669 0.0372601 0.0372217 0.0372984 0.0372984 0.0396227 0.0404064 0.0395375 0.0356197 0.0365761 0.0387847 0.0380160 0.0381138 0.0356384 0.0372446 0.0371833 0.0342462 0.0364406 0.0371788 0.0364622 0.0355784 0.0364464 0.0325087 0.0332773 0.0332773 0.0348079 0.0356141 0.0341102 0.0365395 0.0341447 0.0348622 0.0340734 0.0356295 0.0356316 0.0355974 0.0341128 0.0349216 0.0333322 0.0348681 0.0333282 0.0340687 0.0325099 0.0341546 0.0309735 0.0340695 0.0340996 0.0325492 0.0332917 0.0332695 0.0337328 0.0332643 0.0319091 0.0325309 0.0309632 0.0309632 0.0303912 0.0302071 0.0302071 
AJ271764.1_Symbiodinium_sp.                                        0.0649960 0.0615438 0.0354653 0.0332852 0.0317418 0.0151297 0.0129147 0.0092778 0.0114452 0.0000000 0.0093010 0.0071315 0.0100109 0.0092836 0.0078420 0.0071175 0.0071175 0.0078668 0.0085518 0.0078525 0.0064002 0.0078446 0.0071275 0.0056883 0.0056904 0.0063973 0.0049747 0.0049778 0.0042598 0.0056804 0.0042534 0.0042534 0.0043059 0.0049691 0.0049654 0.0049654 0.0050460 0.0372742 0.0333967 0.0333067 0.0325373 0.0325373 0.0315353 0.0310002 0.0310133 0.0317779 0.0302130 0.0309819 0.0309819 0.0313790 0.0241111 0.0233232 0.0308239 0.0240320 0.0293281 0.0273846 0.0364511 0.0387862 0.0364013 0.0332007 0.0377876 0.0379558 0.0364783 0.0387249 0.0380425 0.0371573 0.0371987 0.0378771 0.0380129 0.0388043 0.0379497 0.0362879 0.0356110 0.0309850 0.0309536 0.0325431 0.0325431 0.0333040 0.0340746 0.0332336 0.0309227 0.0310578 0.0324890 0.0317322 0.0318125 0.0294027 0.0309726 0.0309223 0.0280066 0.0301866 0.0309186 0.0309605 0.0301308 0.0301912 0.0270825 0.0278393 0.0278393 0.0285960 0.0293828 0.0278973 0.0302675 0.0279249 0.0286398 0.0278673 0.0293951 0.0293970 0.0293691 0.0278990 0.0286880 0.0271333 0.0286445 0.0256091 0.0278637 0.0263347 0.0279328 0.0263252 0.0278642 0.0278883 0.0263663 0.0271010 0.0270831 0.0274567 0.0270792 0.0257133 0.0263516 0.0248169 0.0248169 0.0242172 0.0240719 0.0240719 
L13718.1_Symbiodinium_meandrinae                                   0.0680382 0.0619731 0.0348464 0.0342779 0.0327208 0.0158978 0.0136729 0.0100209 0.0121975 0.0093010 0.0000000 0.0078677 0.0107576 0.0100271 0.0085801 0.0078522 0.0078522 0.0014194 0.0035454 0.0028411 0.0028346 0.0028383 0.0078633 0.0064181 0.0064205 0.0071290 0.0057020 0.0057056 0.0049843 0.0064092 0.0049768 0.0049768 0.0050385 0.0056956 0.0056914 0.0056914 0.0057840 0.0398692 0.0359447 0.0358467 0.0350680 0.0350680 0.0340960 0.0327526 0.0343216 0.0343002 0.0335059 0.0334922 0.0334922 0.0339252 0.0265355 0.0272617 0.0333195 0.0264477 0.0318080 0.0298702 0.0421888 0.0445692 0.0421305 0.0388491 0.0435180 0.0437152 0.0422209 0.0444979 0.0438171 0.0428978 0.0429466 0.0436226 0.0437820 0.0445908 0.0429055 0.0419971 0.0413218 0.0366059 0.0365682 0.0381982 0.0381982 0.0389727 0.0397579 0.0388887 0.0365311 0.0366937 0.0381340 0.0373637 0.0374600 0.0349825 0.0365908 0.0365304 0.0335848 0.0342203 0.0365259 0.0342623 0.0349235 0.0357913 0.0303201 0.0295619 0.0295619 0.0341515 0.0349586 0.0334511 0.0358830 0.0334850 0.0342048 0.0334150 0.0349737 0.0349758 0.0349422 0.0334536 0.0342633 0.0326718 0.0342106 0.0311156 0.0334104 0.0318490 0.0334947 0.0318373 0.0334111 0.0334406 0.0318877 0.0326321 0.0326102 0.0330655 0.0326052 0.0312438 0.0318696 0.0302999 0.0302999 0.0297228 0.0295422 0.0295422 
KU188508.1_Symbiodinium_sp.                                        0.0687363 0.0627158 0.0356657 0.0334693 0.0319168 0.0136845 0.0114762 0.0078481 0.0100116 0.0071315 0.0078677 0.0000000 0.0085782 0.0078529 0.0064142 0.0056922 0.0056922 0.0064345 0.0071244 0.0064229 0.0049764 0.0064163 0.0056917 0.0042585 0.0042601 0.0049741 0.0035469 0.0035492 0.0028347 0.0042590 0.0028347 0.0028347 0.0028697 0.0035483 0.0035456 0.0035456 0.0036031 0.0390417 0.0351288 0.0350333 0.0342569 0.0342569 0.0332743 0.0327475 0.0335119 0.0334910 0.0326995 0.0326862 0.0326862 0.0331080 0.0242421 0.0249667 0.0309928 0.0241621 0.0294885 0.0275356 0.0390043 0.0413659 0.0389507 0.0364825 0.0411252 0.0413105 0.0398205 0.0420889 0.0414062 0.0404996 0.0405454 0.0412236 0.0413733 0.0421763 0.0413036 0.0396105 0.0389333 0.0342468 0.0342116 0.0358275 0.0358275 0.0365976 0.0373782 0.0365193 0.0341771 0.0343283 0.0357674 0.0350014 0.0350912 0.0326378 0.0342328 0.0341765 0.0312381 0.0334343 0.0341724 0.0334541 0.0325830 0.0334395 0.0295254 0.0302908 0.0302908 0.0318156 0.0326156 0.0311146 0.0335248 0.0311459 0.0318650 0.0310810 0.0326295 0.0326315 0.0326002 0.0311168 0.0319192 0.0303403 0.0318703 0.0287949 0.0310768 0.0295263 0.0311548 0.0295156 0.0310775 0.0311047 0.0295621 0.0303037 0.0302835 0.0307050 0.0302789 0.0289131 0.0295454 0.0279876 0.0279876 0.0273999 0.0272340 0.0272340 
AB055917.1_Symbiodinium_sp.                                        0.0721556 0.0618394 0.0356024 0.0357465 0.0341876 0.0107392 0.0085565 0.0107307 0.0071097 0.0100109 0.0107576 0.0085782 0.0000000 0.0049684 0.0035428 0.0028297 0.0028297 0.0093193 0.0100009 0.0093024 0.0078411 0.0092930 0.0085734 0.0071273 0.0071300 0.0064028 0.0064113 0.0064154 0.0056932 0.0056853 0.0056847 0.0056847 0.0057551 0.0049734 0.0049697 0.0049697 0.0043262 0.0413466 0.0374190 0.0373170 0.0365376 0.0365376 0.0348097 0.0342934 0.0357918 0.0357695 0.0349738 0.0349594 0.0349594 0.0354110 0.0272547 0.0279801 0.0324869 0.0271646 0.0309806 0.0290408 0.0413148 0.0436855 0.0412579 0.0379925 0.0426436 0.0404275 0.0389421 0.0412028 0.0405207 0.0396205 0.0412248 0.0419006 0.0420526 0.0437065 0.0419818 0.0411277 0.0404529 0.0357560 0.0357192 0.0357927 0.0357927 0.0372808 0.0365120 0.0380310 0.0356831 0.0358414 0.0372787 0.0365113 0.0366051 0.0341406 0.0357413 0.0356825 0.0327446 0.0349400 0.0356781 0.0349607 0.0340832 0.0349454 0.0310194 0.0317864 0.0317864 0.0333142 0.0341173 0.0326148 0.0350347 0.0326477 0.0333660 0.0325796 0.0341319 0.0341341 0.0341013 0.0326172 0.0334228 0.0318386 0.0333716 0.0318349 0.0325752 0.0310204 0.0326571 0.0310091 0.0325759 0.0326046 0.0310580 0.0318001 0.0317789 0.0322213 0.0317740 0.0304134 0.0310405 0.0294776 0.0294776 0.0288977 0.0287227 0.0287227 
AJ271757.1_Symbiodinium_sp.                                        0.0712713 0.0609887 0.0348260 0.0349561 0.0334007 0.0100100 0.0078331 0.0100021 0.0063903 0.0092836 0.0100271 0.0078529 0.0049684 0.0000000 0.0028305 0.0021194 0.0021194 0.0085910 0.0092743 0.0085755 0.0071188 0.0085668 0.0078485 0.0064061 0.0064085 0.0056839 0.0056914 0.0056950 0.0049750 0.0049681 0.0049675 0.0049675 0.0050289 0.0042573 0.0042541 0.0042541 0.0043231 0.0405422 0.0366228 0.0365231 0.0357454 0.0357454 0.0347858 0.0342697 0.0350004 0.0349786 0.0341850 0.0341710 0.0341710 0.0346119 0.0264833 0.0272081 0.0317074 0.0263958 0.0302036 0.0282588 0.0405110 0.0428768 0.0404553 0.0371994 0.0418417 0.0420302 0.0405416 0.0428085 0.0421276 0.0412188 0.0412654 0.0419418 0.0413128 0.0428974 0.0420232 0.0403278 0.0396524 0.0349654 0.0349296 0.0350013 0.0350013 0.0373169 0.0380975 0.0372370 0.0348943 0.0350487 0.0364856 0.0357197 0.0358113 0.0333550 0.0349511 0.0348937 0.0319584 0.0341521 0.0348895 0.0341723 0.0332990 0.0341574 0.0302414 0.0310068 0.0310068 0.0325316 0.0333323 0.0318320 0.0342445 0.0318640 0.0325820 0.0317977 0.0333465 0.0333486 0.0333166 0.0318343 0.0326374 0.0310575 0.0325875 0.0310539 0.0317934 0.0302423 0.0318732 0.0302313 0.0317941 0.0318220 0.0302789 0.0310201 0.0309994 0.0314305 0.0309947 0.0296327 0.0302619 0.0287032 0.0287032 0.0281197 0.0279496 0.0279496 
AB863030.1_Symbiodinium_sp.                                        0.0695606 0.0593391 0.0332523 0.0334099 0.0318602 0.0085654 0.0063980 0.0085587 0.0049618 0.0078420 0.0085801 0.0064142 0.0035428 0.0028305 0.0000000 0.0007046 0.0007046 0.0071470 0.0078342 0.0071341 0.0056854 0.0071269 0.0064106 0.0049741 0.0049759 0.0042557 0.0042613 0.0042640 0.0035475 0.0035426 0.0035422 0.0035422 0.0035859 0.0028334 0.0028312 0.0028312 0.0028771 0.0389720 0.0350662 0.0349710 0.0341960 0.0341960 0.0332142 0.0326880 0.0334523 0.0334315 0.0326415 0.0326282 0.0326282 0.0330485 0.0249685 0.0256926 0.0301802 0.0248862 0.0286803 0.0267246 0.0389421 0.0412997 0.0388886 0.0356492 0.0402771 0.0404580 0.0389714 0.0412340 0.0405514 0.0396504 0.0396950 0.0403733 0.0405194 0.0413193 0.0404514 0.0387664 0.0380894 0.0334189 0.0333847 0.0334531 0.0334531 0.0357613 0.0365393 0.0356850 0.0333512 0.0334982 0.0349351 0.0341716 0.0342589 0.0318170 0.0334053 0.0333506 0.0304184 0.0326101 0.0333466 0.0326295 0.0317637 0.0326152 0.0287162 0.0294790 0.0294790 0.0309989 0.0317954 0.0302985 0.0326982 0.0303289 0.0310468 0.0302659 0.0318088 0.0318109 0.0317804 0.0303006 0.0310995 0.0295270 0.0310520 0.0295236 0.0302619 0.0287170 0.0303376 0.0287066 0.0302625 0.0302889 0.0287518 0.0294915 0.0294719 0.0298811 0.0294675 0.0281018 0.0287356 0.0271839 0.0271839 0.0265932 0.0264326 0.0264326 
AB016579.1_Symbiodinium_sp.                                        0.0686420 0.0584627 0.0324392 0.0326108 0.0310655 0.0078388 0.0056779 0.0078327 0.0042461 0.0071175 0.0078522 0.0056922 0.0028297 0.0021194 0.0007046 0.0000000 0.0000010 0.0064218 0.0071104 0.0064102 0.0049666 0.0064037 0.0056891 0.0042566 0.0042581 0.0035406 0.0035453 0.0035475 0.0028334 0.0028295 0.0028292 0.0028292 0.0028641 0.0021216 0.0021200 0.0021200 0.0021542 0.0381557 0.0342604 0.0341677 0.0333947 0.0333947 0.0324023 0.0318713 0.0326523 0.0326321 0.0318446 0.0318316 0.0318316 0.0322410 0.0241928 0.0249160 0.0293938 0.0241132 0.0278972 0.0259376 0.0381266 0.0404778 0.0380743 0.0348463 0.0394627 0.0396395 0.0381552 0.0404135 0.0397307 0.0388345 0.0388781 0.0395567 0.0396994 0.0404969 0.0396330 0.0379549 0.0372776 0.0326198 0.0325865 0.0326530 0.0326530 0.0349555 0.0357314 0.0348811 0.0325538 0.0326970 0.0341326 0.0333710 0.0334560 0.0310236 0.0326066 0.0325533 0.0296252 0.0318140 0.0325493 0.0318329 0.0309718 0.0318189 0.0279321 0.0286929 0.0286929 0.0302089 0.0310026 0.0295088 0.0318998 0.0295382 0.0302555 0.0294770 0.0310156 0.0310176 0.0309880 0.0295107 0.0303067 0.0287394 0.0302605 0.0287361 0.0294731 0.0279328 0.0295467 0.0279227 0.0294737 0.0294994 0.0279666 0.0287050 0.0286859 0.0290835 0.0286816 0.0273153 0.0279508 0.0264041 0.0264041 0.0258101 0.0256545 0.0256545 
AB016572.1_Symbiodinium_sp.                                        0.0686420 0.0584627 0.0324392 0.0326108 0.0310655 0.0078388 0.0056779 0.0078327 0.0042461 0.0071175 0.0078522 0.0056922 0.0028297 0.0021194 0.0007046 0.0000010 0.0000000 0.0064218 0.0071104 0.0064102 0.0049666 0.0064037 0.0056891 0.0042566 0.0042581 0.0035406 0.0035453 0.0035475 0.0028334 0.0028295 0.0028292 0.0028292 0.0028641 0.0021216 0.0021200 0.0021200 0.0021542 0.0381557 0.0342604 0.0341677 0.0333947 0.0333947 0.0324023 0.0318713 0.0326523 0.0326321 0.0318446 0.0318316 0.0318316 0.0322410 0.0241928 0.0249160 0.0293938 0.0241132 0.0278972 0.0259376 0.0381266 0.0404778 0.0380743 0.0348463 0.0394627 0.0396395 0.0381552 0.0404135 0.0397307 0.0388345 0.0388781 0.0395567 0.0396994 0.0404969 0.0396330 0.0379549 0.0372776 0.0326198 0.0325865 0.0326530 0.0326530 0.0349555 0.0357314 0.0348811 0.0325538 0.0326970 0.0341326 0.0333710 0.0334560 0.0310236 0.0326066 0.0325533 0.0296252 0.0318140 0.0325493 0.0318329 0.0309718 0.0318189 0.0279321 0.0286929 0.0286929 0.0302089 0.0310026 0.0295088 0.0318998 0.0295382 0.0302555 0.0294770 0.0310156 0.0310176 0.0309880 0.0295107 0.0303067 0.0287394 0.0302605 0.0287361 0.0294731 0.0279328 0.0295467 0.0279227 0.0294737 0.0294994 0.0279666 0.0287050 0.0286859 0.0290835 0.0286816 0.0273153 0.0279508 0.0264041 0.0264041 0.0258101 0.0256545 0.0256545 
L13717.1_Symbiodinium_corculorum                                   0.0664159 0.0603896 0.0333139 0.0327706 0.0312174 0.0144457 0.0122280 0.0085857 0.0107570 0.0078668 0.0014194 0.0064345 0.0093193 0.0085910 0.0071470 0.0064218 0.0064218 0.0000000 0.0021263 0.0014200 0.0014167 0.0014185 0.0064309 0.0049897 0.0049916 0.0057007 0.0042747 0.0042774 0.0035587 0.0049828 0.0035533 0.0035533 0.0035974 0.0042699 0.0042667 0.0042667 0.0043361 0.0375690 0.0344291 0.0343355 0.0335586 0.0335586 0.0325637 0.0312131 0.0328125 0.0327920 0.0320004 0.0319873 0.0319873 0.0324008 0.0250490 0.0257753 0.0318227 0.0249661 0.0303133 0.0283625 0.0406607 0.0430356 0.0406045 0.0373358 0.0419956 0.0421855 0.0406915 0.0429668 0.0422836 0.0413709 0.0414178 0.0420964 0.0422499 0.0430563 0.0413784 0.0404761 0.0397985 0.0350937 0.0350575 0.0366812 0.0366812 0.0374541 0.0382377 0.0373736 0.0350220 0.0351776 0.0366195 0.0358507 0.0359430 0.0334769 0.0350793 0.0350214 0.0320756 0.0327159 0.0350172 0.0327559 0.0334205 0.0342825 0.0288267 0.0280698 0.0280698 0.0326502 0.0334540 0.0319482 0.0343702 0.0319805 0.0327010 0.0319137 0.0334683 0.0334704 0.0334383 0.0319505 0.0327568 0.0311709 0.0327065 0.0296191 0.0319093 0.0303524 0.0319897 0.0303413 0.0319100 0.0319381 0.0303892 0.0311331 0.0311123 0.0315465 0.0311075 0.0297410 0.0303721 0.0288074 0.0288074 0.0282225 0.0280511 0.0280511 
AB055918.1_Symbiodinium_sp.                                        0.0669411 0.0609273 0.0339434 0.0333919 0.0318432 0.0151141 0.0129015 0.0092685 0.0114337 0.0085518 0.0035454 0.0071244 0.0100009 0.0092743 0.0078342 0.0071104 0.0071104 0.0021263 0.0000000 0.0021225 0.0021176 0.0021204 0.0071204 0.0056826 0.0056847 0.0063909 0.0049697 0.0049729 0.0042555 0.0056747 0.0042492 0.0042492 0.0043016 0.0049642 0.0049605 0.0049605 0.0050408 0.0389507 0.0350472 0.0349522 0.0341776 0.0341776 0.0331961 0.0318539 0.0334343 0.0334136 0.0326240 0.0326107 0.0326107 0.0330306 0.0256919 0.0264153 0.0324434 0.0256072 0.0309391 0.0290014 0.0412588 0.0436263 0.0412021 0.0379414 0.0425862 0.0427781 0.0412900 0.0435568 0.0428773 0.0419657 0.0420132 0.0426880 0.0428432 0.0436473 0.0427709 0.0410722 0.0403982 0.0357078 0.0356711 0.0372909 0.0372909 0.0380614 0.0388424 0.0379798 0.0356351 0.0357929 0.0372285 0.0364621 0.0365556 0.0340947 0.0356931 0.0356345 0.0327004 0.0348929 0.0356302 0.0333769 0.0340375 0.0348984 0.0294577 0.0287033 0.0287033 0.0332695 0.0340715 0.0325709 0.0349874 0.0326037 0.0333212 0.0325359 0.0340861 0.0340882 0.0340555 0.0325733 0.0333778 0.0317958 0.0333268 0.0302483 0.0325315 0.0309788 0.0326132 0.0309675 0.0325322 0.0325607 0.0310163 0.0317574 0.0317363 0.0321775 0.0317314 0.0296129 0.0309988 0.0294382 0.0294382 0.0288588 0.0286842 0.0286842 
X62650.1_S.pilosum                                                 0.0662883 0.0602755 0.0332515 0.0327102 0.0311599 0.0144197 0.0122060 0.0085702 0.0107375 0.0078525 0.0028411 0.0064229 0.0093024 0.0085755 0.0071341 0.0064102 0.0064102 0.0014200 0.0021225 0.0000000 0.0014141 0.0014160 0.0064193 0.0049808 0.0049826 0.0056905 0.0042670 0.0042697 0.0035523 0.0049738 0.0035470 0.0035470 0.0035908 0.0042622 0.0042590 0.0042590 0.0043282 0.0382735 0.0343654 0.0342721 0.0334967 0.0334967 0.0325027 0.0311542 0.0327519 0.0327316 0.0319415 0.0319285 0.0319285 0.0323404 0.0250032 0.0257282 0.0317644 0.0249206 0.0302578 0.0283101 0.0405852 0.0429556 0.0405293 0.0372670 0.0419181 0.0421073 0.0406160 0.0428871 0.0422050 0.0412943 0.0413410 0.0420185 0.0421714 0.0429763 0.0421002 0.0404014 0.0397249 0.0350289 0.0349929 0.0366134 0.0366134 0.0373849 0.0381670 0.0373047 0.0349576 0.0351126 0.0365520 0.0357846 0.0358765 0.0334153 0.0350146 0.0349570 0.0320164 0.0342140 0.0349527 0.0326956 0.0333591 0.0342193 0.0287739 0.0280184 0.0280184 0.0325903 0.0333925 0.0318895 0.0343067 0.0319216 0.0326409 0.0318550 0.0334068 0.0334089 0.0333768 0.0318918 0.0326965 0.0311136 0.0326464 0.0295647 0.0318508 0.0302967 0.0319308 0.0302857 0.0318514 0.0318794 0.0303335 0.0310760 0.0310552 0.0314879 0.0310505 0.0296862 0.0303164 0.0287547 0.0287547 0.0281705 0.0279998 0.0279998 
AB016723.1_Symbiodinium_sp.                                        0.0661114 0.0601186 0.0331678 0.0310981 0.0295572 0.0129271 0.0107274 0.0071144 0.0092701 0.0064002 0.0028346 0.0049764 0.0078411 0.0071188 0.0056854 0.0049666 0.0049666 0.0014167 0.0021176 0.0014141 0.0000000 0.0014127 0.0049736 0.0035440 0.0035454 0.0042515 0.0028338 0.0028355 0.0021232 0.0035391 0.0021200 0.0021200 0.0021462 0.0028306 0.0028285 0.0028285 0.0028742 0.0381776 0.0342798 0.0341870 0.0334136 0.0334136 0.0324208 0.0310754 0.0326707 0.0326505 0.0318625 0.0318495 0.0318495 0.0322594 0.0234391 0.0241618 0.0301666 0.0233620 0.0286674 0.0267125 0.0389242 0.0412806 0.0388707 0.0356330 0.0402587 0.0404394 0.0389535 0.0412150 0.0405327 0.0396322 0.0396768 0.0403547 0.0405007 0.0413003 0.0404327 0.0387487 0.0380719 0.0334037 0.0333695 0.0349777 0.0349777 0.0357450 0.0365225 0.0356687 0.0333360 0.0334829 0.0349192 0.0341560 0.0342433 0.0318026 0.0333901 0.0333355 0.0304046 0.0325953 0.0333314 0.0310845 0.0317494 0.0326004 0.0271897 0.0279498 0.0279498 0.0309848 0.0317810 0.0302848 0.0326833 0.0303151 0.0310327 0.0302522 0.0317944 0.0317964 0.0317660 0.0302869 0.0310853 0.0295136 0.0310379 0.0279746 0.0302482 0.0287041 0.0303238 0.0286937 0.0302488 0.0302752 0.0287388 0.0294782 0.0294586 0.0298674 0.0294542 0.0280891 0.0287226 0.0271717 0.0271717 0.0265811 0.0264207 0.0264207 
AB016724.1_Symbiodinium_sp.                                        0.0662154 0.0602106 0.0332161 0.0326759 0.0311273 0.0144049 0.0121935 0.0085615 0.0107266 0.0078446 0.0028383 0.0064163 0.0092930 0.0085668 0.0071269 0.0064037 0.0064037 0.0014185 0.0021204 0.0014160 0.0014127 0.0000000 0.0064128 0.0049757 0.0049776 0.0056847 0.0042627 0.0042654 0.0035487 0.0049688 0.0035434 0.0035434 0.0035872 0.0042579 0.0042547 0.0042547 0.0043237 0.0382331 0.0343292 0.0342361 0.0334615 0.0334615 0.0324680 0.0311208 0.0327175 0.0326972 0.0319080 0.0318950 0.0318950 0.0323060 0.0249771 0.0257015 0.0317313 0.0248948 0.0302263 0.0282803 0.0405423 0.0429102 0.0404865 0.0372279 0.0418740 0.0420628 0.0405730 0.0428417 0.0421603 0.0412507 0.0412973 0.0419742 0.0421268 0.0429307 0.0420557 0.0403589 0.0396830 0.0349921 0.0349562 0.0365748 0.0365748 0.0373455 0.0381267 0.0372655 0.0349209 0.0350756 0.0365136 0.0357470 0.0358387 0.0333803 0.0349778 0.0349203 0.0319827 0.0341781 0.0349161 0.0326613 0.0333243 0.0341834 0.0287439 0.0279892 0.0279892 0.0325562 0.0333576 0.0318561 0.0342706 0.0318882 0.0326068 0.0318217 0.0333718 0.0333739 0.0333419 0.0318584 0.0326622 0.0310810 0.0326122 0.0295339 0.0318175 0.0302651 0.0318974 0.0302541 0.0318181 0.0318461 0.0303018 0.0310435 0.0310228 0.0314545 0.0310181 0.0296551 0.0302847 0.0287247 0.0287247 0.0281410 0.0279706 0.0279706 
KU188515.1_Symbiodinium_sp.                                        0.0686895 0.0626744 0.0356433 0.0334488 0.0318973 0.0136766 0.0114687 0.0078437 0.0100059 0.0071275 0.0078633 0.0056917 0.0085734 0.0078485 0.0064106 0.0056891 0.0056891 0.0064309 0.0071204 0.0064193 0.0049736 0.0064128 0.0000000 0.0042561 0.0042577 0.0049714 0.0035449 0.0035472 0.0028331 0.0042566 0.0028331 0.0028331 0.0028681 0.0035463 0.0035436 0.0035436 0.0028783 0.0390174 0.0351071 0.0350118 0.0342359 0.0342359 0.0324679 0.0319363 0.0334913 0.0334705 0.0326795 0.0326662 0.0326662 0.0330875 0.0242276 0.0249517 0.0309740 0.0241477 0.0294707 0.0275188 0.0397657 0.0421297 0.0397110 0.0364600 0.0410996 0.0412847 0.0397957 0.0420626 0.0413802 0.0404744 0.0405201 0.0411979 0.0413474 0.0421499 0.0412778 0.0395859 0.0389091 0.0342257 0.0341906 0.0358054 0.0358054 0.0365750 0.0373550 0.0364968 0.0341562 0.0343072 0.0357454 0.0349799 0.0350696 0.0326179 0.0342118 0.0341556 0.0312191 0.0334138 0.0341515 0.0334337 0.0325632 0.0334190 0.0295076 0.0302725 0.0302725 0.0317963 0.0325957 0.0310957 0.0335042 0.0311269 0.0318456 0.0310621 0.0326096 0.0326116 0.0325804 0.0310979 0.0318997 0.0303219 0.0318509 0.0287775 0.0310580 0.0295085 0.0311359 0.0294977 0.0310586 0.0310858 0.0295442 0.0302854 0.0302652 0.0306861 0.0302606 0.0288956 0.0295276 0.0279708 0.0279708 0.0273833 0.0272176 0.0272176 
KU188511.1_Symbiodinium_sp.                                        0.0669327 0.0609689 0.0340391 0.0318818 0.0303374 0.0122070 0.0100110 0.0064021 0.0085559 0.0056883 0.0064181 0.0042585 0.0071273 0.0064061 0.0049741 0.0042566 0.0042566 0.0049897 0.0056826 0.0049808 0.0035440 0.0049757 0.0042561 0.0000000 0.0028317 0.0035425 0.0021219 0.0021232 0.0014132 0.0028309 0.0014132 0.0014132 0.0014306 0.0021227 0.0021211 0.0021211 0.0021552 0.0374219 0.0335284 0.0334377 0.0326651 0.0326651 0.0316610 0.0311247 0.0319224 0.0319026 0.0311159 0.0311032 0.0311032 0.0315034 0.0227028 0.0234257 0.0294257 0.0226282 0.0279275 0.0259660 0.0381684 0.0405222 0.0381160 0.0348843 0.0395057 0.0396829 0.0381971 0.0404578 0.0397743 0.0388770 0.0389207 0.0395999 0.0397430 0.0405414 0.0396764 0.0379964 0.0373184 0.0326554 0.0326220 0.0342271 0.0342271 0.0349937 0.0357705 0.0349192 0.0325893 0.0327328 0.0341699 0.0334074 0.0327277 0.0310574 0.0326422 0.0325888 0.0296576 0.0318488 0.0325848 0.0318677 0.0310055 0.0318537 0.0279625 0.0287241 0.0287241 0.0302418 0.0310363 0.0295410 0.0319347 0.0295705 0.0302885 0.0295091 0.0310494 0.0310514 0.0310217 0.0295429 0.0303398 0.0287707 0.0302935 0.0272337 0.0295052 0.0279632 0.0295789 0.0279531 0.0295058 0.0295315 0.0279970 0.0287362 0.0287171 0.0291156 0.0287128 0.0273452 0.0279813 0.0264328 0.0264328 0.0258383 0.0256824 0.0256824 
KU188514.1_Symbiodinium_sp.                                        0.0669636 0.0609962 0.0340534 0.0318948 0.0303497 0.0122117 0.0100147 0.0064045 0.0085591 0.0056904 0.0064205 0.0042601 0.0071300 0.0064085 0.0049759 0.0042581 0.0042581 0.0049916 0.0056847 0.0049826 0.0035454 0.0049776 0.0042577 0.0028317 0.0000000 0.0035438 0.0021226 0.0021240 0.0014137 0.0028320 0.0014137 0.0014137 0.0014311 0.0021235 0.0021219 0.0021219 0.0021562 0.0374375 0.0335422 0.0334515 0.0326785 0.0326785 0.0316742 0.0311377 0.0319355 0.0319157 0.0311286 0.0311160 0.0311160 0.0315165 0.0227119 0.0234351 0.0294376 0.0226371 0.0279388 0.0259766 0.0381844 0.0405393 0.0381319 0.0348987 0.0395222 0.0396996 0.0382131 0.0404749 0.0397911 0.0388933 0.0389370 0.0396165 0.0397597 0.0405585 0.0396931 0.0380122 0.0373340 0.0326688 0.0326354 0.0342412 0.0342412 0.0350082 0.0357853 0.0349336 0.0326027 0.0327463 0.0341840 0.0334212 0.0335065 0.0310701 0.0326556 0.0326022 0.0296698 0.0318618 0.0325982 0.0318807 0.0310181 0.0318667 0.0279738 0.0287358 0.0287358 0.0302541 0.0310490 0.0295530 0.0319478 0.0295825 0.0303008 0.0295211 0.0310621 0.0310641 0.0310344 0.0295549 0.0303522 0.0287824 0.0303058 0.0272447 0.0295172 0.0279745 0.0295910 0.0279644 0.0295178 0.0295435 0.0280083 0.0287478 0.0287287 0.0291275 0.0287245 0.0273562 0.0279926 0.0264434 0.0264434 0.0258488 0.0256927 0.0256927 
AF238256.1_Symbiodinium_sp._Type_A                                 0.0677571 0.0600889 0.0332208 0.0326138 0.0310683 0.0114679 0.0092789 0.0071112 0.0078286 0.0063973 0.0071290 0.0049741 0.0064028 0.0056839 0.0042557 0.0035406 0.0035406 0.0057007 0.0063909 0.0056905 0.0042515 0.0056847 0.0049714 0.0035425 0.0035438 0.0000000 0.0028325 0.0028343 0.0021223 0.0021193 0.0021191 0.0021191 0.0021452 0.0014125 0.0014115 0.0014115 0.0014340 0.0381593 0.0342635 0.0341708 0.0333977 0.0333977 0.0324052 0.0318742 0.0326552 0.0326350 0.0318474 0.0318345 0.0318345 0.0322439 0.0234281 0.0241505 0.0301525 0.0233511 0.0286540 0.0266998 0.0389056 0.0412609 0.0388522 0.0356161 0.0402395 0.0404201 0.0389349 0.0411953 0.0405133 0.0396133 0.0396578 0.0403355 0.0404813 0.0412804 0.0404134 0.0387303 0.0380538 0.0333879 0.0333538 0.0349610 0.0349610 0.0357280 0.0365052 0.0356518 0.0333202 0.0334670 0.0349026 0.0341398 0.0342270 0.0317876 0.0333743 0.0333197 0.0303902 0.0325799 0.0333157 0.0325992 0.0317344 0.0325850 0.0286898 0.0294519 0.0294519 0.0309703 0.0317660 0.0302705 0.0326678 0.0303008 0.0310181 0.0302379 0.0317794 0.0317814 0.0317511 0.0302726 0.0310707 0.0294998 0.0310233 0.0279615 0.0302339 0.0286906 0.0303095 0.0286802 0.0302345 0.0302609 0.0287253 0.0294643 0.0294447 0.0298532 0.0294403 0.0280759 0.0287091 0.0271590 0.0271590 0.0265686 0.0264083 0.0264083 
KU188513.1_Symbiodinium_sp.                                        0.0661146 0.0601696 0.0332659 0.0311248 0.0295826 0.0114831 0.0092911 0.0056879 0.0078389 0.0049747 0.0057020 0.0035469 0.0064113 0.0056914 0.0042613 0.0035453 0.0035453 0.0042747 0.0049697 0.0042670 0.0028338 0.0042627 0.0035449 0.0021219 0.0021226 0.0028325 0.0000000 0.0014147 0.0007056 0.0021221 0.0007056 0.0007056 0.0007149 0.0014144 0.0014133 0.0014133 0.0014361 0.0366555 0.0327671 0.0326785 0.0319070 0.0319070 0.0308917 0.0303502 0.0311645 0.0311453 0.0303600 0.0303476 0.0303476 0.0307380 0.0219594 0.0226823 0.0286759 0.0218872 0.0271791 0.0252115 0.0374018 0.0397526 0.0373504 0.0341254 0.0387418 0.0389153 0.0374299 0.0396894 0.0390048 0.0381109 0.0381537 0.0388341 0.0389742 0.0397713 0.0389090 0.0372333 0.0365543 0.0318975 0.0318649 0.0334665 0.0334665 0.0342323 0.0350081 0.0341595 0.0318330 0.0319729 0.0334106 0.0326490 0.0327322 0.0303030 0.0318846 0.0318325 0.0289017 0.0310927 0.0318286 0.0311112 0.0302524 0.0310975 0.0272131 0.0279738 0.0279738 0.0294896 0.0302824 0.0287882 0.0311765 0.0288169 0.0295351 0.0287571 0.0302952 0.0302971 0.0302682 0.0287900 0.0295851 0.0280191 0.0295400 0.0264845 0.0287533 0.0272138 0.0288251 0.0272040 0.0287539 0.0287789 0.0272467 0.0279855 0.0279669 0.0283548 0.0279628 0.0265928 0.0272314 0.0256857 0.0256857 0.0250875 0.0249361 0.0249361 
KU188510.1_Symbiodinium_sp.                                        0.0661648 0.0602140 0.0332893 0.0311462 0.0296029 0.0114905 0.0092970 0.0056915 0.0078439 0.0049778 0.0057056 0.0035492 0.0064154 0.0056950 0.0042640 0.0035475 0.0035475 0.0042774 0.0049729 0.0042697 0.0028355 0.0042654 0.0035472 0.0021232 0.0021240 0.0028343 0.0014147 0.0000000 0.0007067 0.0021234 0.0007067 0.0007067 0.0007154 0.0014153 0.0014142 0.0014142 0.0014361 0.0366811 0.0327897 0.0327011 0.0319289 0.0319289 0.0309132 0.0303715 0.0311860 0.0311667 0.0303808 0.0303684 0.0303684 0.0307593 0.0219742 0.0226975 0.0286954 0.0219019 0.0271975 0.0252287 0.0374279 0.0397805 0.0373765 0.0341490 0.0387688 0.0389426 0.0374560 0.0397173 0.0390322 0.0381376 0.0381804 0.0388612 0.0390016 0.0397993 0.0389362 0.0372592 0.0365798 0.0319194 0.0318868 0.0334897 0.0334897 0.0342561 0.0350324 0.0341831 0.0318548 0.0319950 0.0334337 0.0326715 0.0327548 0.0303238 0.0319065 0.0318543 0.0289215 0.0311141 0.0318505 0.0311326 0.0302731 0.0311189 0.0272316 0.0279928 0.0279928 0.0295097 0.0303032 0.0288078 0.0311980 0.0288365 0.0295553 0.0287767 0.0303159 0.0303179 0.0302889 0.0288097 0.0296053 0.0280381 0.0295602 0.0265024 0.0287729 0.0272323 0.0288448 0.0272224 0.0287735 0.0287986 0.0272652 0.0280045 0.0279859 0.0283744 0.0279818 0.0266109 0.0272499 0.0257031 0.0257031 0.0251045 0.0249530 0.0249530 
KU188509.1_Symbiodinium_sp.                                        0.0652558 0.0593347 0.0324753 0.0303521 0.0288131 0.0107535 0.0085679 0.0049719 0.0071192 0.0042598 0.0049843 0.0028347 0.0056932 0.0049750 0.0035475 0.0028334 0.0028334 0.0035587 0.0042555 0.0035523 0.0021232 0.0035487 0.0028331 0.0014132 0.0014137 0.0021223 0.0007056 0.0007067 0.0000000 0.0014133 0.0000010 0.0000010 0.0000010 0.0007060 0.0007056 0.0007056 0.0007177 0.0358699 0.0319889 0.0319026 0.0311325 0.0311325 0.0301064 0.0295599 0.0303908 0.0303721 0.0295887 0.0295767 0.0295767 0.0299568 0.0212056 0.0219280 0.0279119 0.0211360 0.0264173 0.0244446 0.0366154 0.0389616 0.0365652 0.0333490 0.0379573 0.0381270 0.0366428 0.0388998 0.0382145 0.0373247 0.0373664 0.0380476 0.0381846 0.0389800 0.0381209 0.0364507 0.0357710 0.0311232 0.0310915 0.0326887 0.0326887 0.0334532 0.0342275 0.0333821 0.0310604 0.0311967 0.0326341 0.0318738 0.0319549 0.0295333 0.0311107 0.0310599 0.0281313 0.0303209 0.0310562 0.0303390 0.0294840 0.0303256 0.0264504 0.0272095 0.0272095 0.0287227 0.0295133 0.0280210 0.0304026 0.0280488 0.0287669 0.0279907 0.0295257 0.0295276 0.0294994 0.0280227 0.0288155 0.0272535 0.0287716 0.0257222 0.0279871 0.0264510 0.0280568 0.0264414 0.0279876 0.0280119 0.0264829 0.0272209 0.0272028 0.0275798 0.0271988 0.0258273 0.0264680 0.0249262 0.0249262 0.0243244 0.0241778 0.0241778 
