130
GU362426_Gymnodinium_catenatum                                     0.0000000 0.0453757 0.0657513 0.0704129 0.0687094 0.0771774 0.0753156 0.0692342 0.0735023 0.0647851 0.0677956 0.0684964 0.0718987 0.0710173 0.0693172 0.0684043 0.0684043 0.0661874 0.0667126 0.0660565 0.0658869 0.0659846 0.0684491 0.0667048 0.0667345 0.0675229 0.0658889 0.0659399 0.0650354 0.0666620 0.0649832 0.0649832 0.0658633 0.0658596 0.0658068 0.0658068 0.0652454 0.0733956 0.0673205 0.0671246 0.0662847 0.0662847 0.0657762 0.0664397 0.0664325 0.0654647 0.0655140 0.0663640 0.0663640 0.0672589 0.0629108 0.0627538 0.0677069 0.0635099 0.0660896 0.0643983 0.0741325 0.0767106 0.0740349 0.0694507 0.0693816 0.0748967 0.0731210 0.0765797 0.0759297 0.0748397 0.0740884 0.0730000 0.0732763 0.0767621 0.0740341 0.0737838 0.0714077 0.0696453 0.0695695 0.0696702 0.0696702 0.0723020 0.0706249 0.0704043 0.0695620 0.0707224 0.0679747 0.0705092 0.0706930 0.0634990 0.0696700 0.0695626 0.0664843 0.0687782 0.0678857 0.0656133 0.0669393 0.0679169 0.0603237 0.0595138 0.0595138 0.0669311 0.0678384 0.0662443 0.0689779 0.0663123 0.0678848 0.0661675 0.0678660 0.0678733 0.0678077 0.0671005 0.0663232 0.0653909 0.0670497 0.0611707 0.0661544 0.0660985 0.0663333 0.0644244 0.0636740 0.0662220 0.0619042 0.0653105 0.0652626 0.0662091 0.0652512 0.0639601 0.0644860 0.0627527 0.0627527 0.0631867 0.0635841 0.0635841 
EF492511                                                           0.0453757 0.0000000 0.0450215 0.0637472 0.0620879 0.0675971 0.0649721 0.0632208 0.0632344 0.0613793 0.0617983 0.0625431 0.0616733 0.0608247 0.0591832 0.0583111 0.0583111 0.0602265 0.0607642 0.0601094 0.0599587 0.0600452 0.0625011 0.0608059 0.0608322 0.0599278 0.0600091 0.0600534 0.0591783 0.0590941 0.0590851 0.0590851 0.0598686 0.0583121 0.0582662 0.0582662 0.0575625 0.0664584 0.0605654 0.0603938 0.0579634 0.0579634 0.0572955 0.0578604 0.0613682 0.0587778 0.0604776 0.0596463 0.0596463 0.0604344 0.0531056 0.0520496 0.0536955 0.0512946 0.0521349 0.0503568 0.0680060 0.0705148 0.0679184 0.0619111 0.0627000 0.0654729 0.0653964 0.0687485 0.0680969 0.0670632 0.0654622 0.0652918 0.0655317 0.0689080 0.0662764 0.0660588 0.0653677 0.0637633 0.0636954 0.0646357 0.0646357 0.0645976 0.0646000 0.0627772 0.0635827 0.0630825 0.0620523 0.0628689 0.0622038 0.0585719 0.0620533 0.0611415 0.0589808 0.0611924 0.0619497 0.0580988 0.0577780 0.0603580 0.0529949 0.0522064 0.0522064 0.0594167 0.0602905 0.0587342 0.0613658 0.0587924 0.0603305 0.0586669 0.0603138 0.0603205 0.0594485 0.0587385 0.0588020 0.0579065 0.0587041 0.0553157 0.0586561 0.0586077 0.0588104 0.0569825 0.0578500 0.0587138 0.0545569 0.0578374 0.0561920 0.0569890 0.0577867 0.0564923 0.0570358 0.0553601 0.0553601 0.0557343 0.0561676 0.0561676 
JF791031                                                           0.0657513 0.0450215 0.0000000 0.0417407 0.0401425 0.0403561 0.0387300 0.0379070 0.0371003 0.0354100 0.0347890 0.0356082 0.0355468 0.0347716 0.0332023 0.0323914 0.0323914 0.0332628 0.0338919 0.0331987 0.0331181 0.0331636 0.0355854 0.0339868 0.0340006 0.0331696 0.0332151 0.0332385 0.0324267 0.0323801 0.0323759 0.0323759 0.0327991 0.0316193 0.0315945 0.0315945 0.0313392 0.0441876 0.0402028 0.0400921 0.0393005 0.0393005 0.0391940 0.0378807 0.0393253 0.0385209 0.0384918 0.0376957 0.0376957 0.0381886 0.0321837 0.0336615 0.0374986 0.0336113 0.0359642 0.0340446 0.0448758 0.0472857 0.0448188 0.0407235 0.0430735 0.0440165 0.0448864 0.0471868 0.0465037 0.0455705 0.0456247 0.0454952 0.0456571 0.0473090 0.0463873 0.0455117 0.0448346 0.0408638 0.0408217 0.0416986 0.0416986 0.0392020 0.0424006 0.0407875 0.0399733 0.0401693 0.0416032 0.0408216 0.0393459 0.0384008 0.0400331 0.0376215 0.0362141 0.0391790 0.0383836 0.0377405 0.0375610 0.0392252 0.0328934 0.0321260 0.0321260 0.0375558 0.0383775 0.0360784 0.0393260 0.0368874 0.0368405 0.0368100 0.0383910 0.0383958 0.0360270 0.0368538 0.0368935 0.0376178 0.0360585 0.0368297 0.0352420 0.0336644 0.0368981 0.0352095 0.0368079 0.0368384 0.0336925 0.0360175 0.0359920 0.0356589 0.0359875 0.0346227 0.0352420 0.0336485 0.0336485 0.0338721 0.0328805 0.0328805 
AY160124.1_Symbiodinium_sp._G15                                    0.0704129 0.0637472 0.0417407 0.0000000 0.0014078 0.0396516 0.0387933 0.0356699 0.0371921 0.0332359 0.0342221 0.0334179 0.0356933 0.0349042 0.0333622 0.0325653 0.0325653 0.0327210 0.0333419 0.0326589 0.0310533 0.0326249 0.0333971 0.0318352 0.0318479 0.0325648 0.0310797 0.0311011 0.0303090 0.0317903 0.0302624 0.0302624 0.0306503 0.0310435 0.0310196 0.0310196 0.0299769 0.0402149 0.0363358 0.0362384 0.0354677 0.0354677 0.0345117 0.0348421 0.0354894 0.0347077 0.0346821 0.0339078 0.0339078 0.0343415 0.0308802 0.0338614 0.0361037 0.0315326 0.0345973 0.0326987 0.0433726 0.0457380 0.0433184 0.0408307 0.0439147 0.0456718 0.0449595 0.0464476 0.0457739 0.0448581 0.0433225 0.0455807 0.0457405 0.0456661 0.0456613 0.0439594 0.0432917 0.0401755 0.0401348 0.0401318 0.0401318 0.0417372 0.0409634 0.0408692 0.0377579 0.0402613 0.0401239 0.0393571 0.0394512 0.0331433 0.0385836 0.0385280 0.0356059 0.0385640 0.0385219 0.0355692 0.0353985 0.0377918 0.0308300 0.0315917 0.0315917 0.0361577 0.0369625 0.0354652 0.0378872 0.0370319 0.0369856 0.0354247 0.0369752 0.0369798 0.0361800 0.0354661 0.0362704 0.0346866 0.0362161 0.0354480 0.0354194 0.0338664 0.0355080 0.0338561 0.0354228 0.0354516 0.0331352 0.0346477 0.0346236 0.0351015 0.0346194 0.0332733 0.0338868 0.0323248 0.0323248 0.0317622 0.0315710 0.0315710 
HE653239_Symbiodinium_voratum                                      0.0687094 0.0620879 0.0401425 0.0014078 0.0000000 0.0380798 0.0372279 0.0341164 0.0356343 0.0316967 0.0326696 0.0318699 0.0341389 0.0333532 0.0318168 0.0310240 0.0310240 0.0311721 0.0317975 0.0311130 0.0295165 0.0310807 0.0318500 0.0302950 0.0303070 0.0310236 0.0295416 0.0295619 0.0287740 0.0302523 0.0287298 0.0287298 0.0290973 0.0295073 0.0294846 0.0294846 0.0284214 0.0386497 0.0347845 0.0346916 0.0339237 0.0339237 0.0329459 0.0332607 0.0339444 0.0331661 0.0331416 0.0323705 0.0323705 0.0327838 0.0293527 0.0323264 0.0345630 0.0300077 0.0330608 0.0311513 0.0417950 0.0441517 0.0417428 0.0392695 0.0423435 0.0440879 0.0433756 0.0448613 0.0441860 0.0432780 0.0417468 0.0440003 0.0441540 0.0440823 0.0440778 0.0423865 0.0417172 0.0386118 0.0385728 0.0385700 0.0385700 0.0401678 0.0393966 0.0393062 0.0362066 0.0386940 0.0385623 0.0377981 0.0378881 0.0316087 0.0370272 0.0369741 0.0340554 0.0370084 0.0369682 0.0340205 0.0338577 0.0362389 0.0293049 0.0300638 0.0300638 0.0346146 0.0354150 0.0339214 0.0363302 0.0354813 0.0354371 0.0338827 0.0354271 0.0354315 0.0346358 0.0339221 0.0347221 0.0331459 0.0346703 0.0339050 0.0338777 0.0323311 0.0339621 0.0323213 0.0338809 0.0339082 0.0316010 0.0331089 0.0330859 0.0335418 0.0330820 0.0317325 0.0323505 0.0307957 0.0307957 0.0302258 0.0300442 0.0300442 
AJ271758.1_Symbiodinium_sp.                                        0.0771774 0.0675971 0.0403561 0.0396516 0.0380798 0.0000000 0.0136418 0.0158479 0.0121705 0.0151210 0.0158880 0.0136778 0.0107354 0.0100065 0.0085629 0.0078367 0.0078367 0.0144384 0.0151066 0.0144116 0.0129214 0.0143969 0.0136697 0.0122019 0.0122064 0.0114631 0.0114783 0.0114858 0.0107495 0.0107345 0.0107333 0.0107333 0.0108679 0.0100166 0.0100091 0.0100091 0.0101730 0.0453020 0.0413477 0.0412347 0.0404491 0.0404491 0.0395600 0.0390779 0.0396948 0.0396756 0.0388685 0.0388556 0.0388556 0.0393590 0.0310836 0.0318096 0.0363476 0.0309826 0.0348307 0.0329211 0.0452607 0.0476523 0.0452037 0.0419020 0.0465833 0.0467919 0.0452915 0.0475746 0.0468974 0.0459698 0.0460241 0.0466975 0.0468628 0.0476757 0.0467809 0.0450600 0.0443887 0.0396603 0.0396199 0.0396987 0.0396987 0.0420317 0.0428226 0.0419419 0.0395777 0.0397455 0.0411906 0.0404168 0.0405143 0.0380212 0.0396363 0.0395788 0.0366345 0.0388289 0.0387965 0.0396414 0.0379627 0.0388368 0.0356465 0.0364213 0.0364213 0.0371852 0.0379983 0.0364885 0.0389356 0.0380702 0.0372437 0.0364465 0.0380115 0.0380162 0.0379810 0.0364895 0.0373020 0.0357025 0.0372458 0.0356997 0.0364410 0.0348734 0.0365329 0.0348626 0.0364445 0.0364744 0.0349162 0.0356621 0.0356372 0.0361330 0.0356327 0.0342799 0.0348944 0.0333174 0.0333174 0.0327579 0.0325570 0.0325570 
AJ271759.1_Symbiodinium_sp.                                        0.0753156 0.0649721 0.0387300 0.0387933 0.0372279 0.0136418 0.0000000 0.0136305 0.0099822 0.0129076 0.0136648 0.0114699 0.0085536 0.0078305 0.0063963 0.0056764 0.0056764 0.0122220 0.0128944 0.0121994 0.0107230 0.0121871 0.0114632 0.0100070 0.0100106 0.0092752 0.0092875 0.0092935 0.0085648 0.0085529 0.0085520 0.0085520 0.0086580 0.0078384 0.0078325 0.0078325 0.0079602 0.0444191 0.0404803 0.0403701 0.0395876 0.0395876 0.0386877 0.0382008 0.0388356 0.0388169 0.0380134 0.0380009 0.0380009 0.0384919 0.0302596 0.0309838 0.0355065 0.0301616 0.0339947 0.0320828 0.0443787 0.0467607 0.0443229 0.0410372 0.0457010 0.0459049 0.0444088 0.0466847 0.0460080 0.0450866 0.0451396 0.0458127 0.0459743 0.0467835 0.0458941 0.0441826 0.0435118 0.0388020 0.0387626 0.0388394 0.0388394 0.0411637 0.0419515 0.0410761 0.0371544 0.0388849 0.0403270 0.0395562 0.0396512 0.0371709 0.0387786 0.0387225 0.0357858 0.0379749 0.0387163 0.0380043 0.0371139 0.0379825 0.0340361 0.0348065 0.0348065 0.0363394 0.0371486 0.0356437 0.0380789 0.0356767 0.0363965 0.0356028 0.0371615 0.0371660 0.0371318 0.0356446 0.0364532 0.0348609 0.0363985 0.0348583 0.0355975 0.0340363 0.0356869 0.0340258 0.0356009 0.0356299 0.0340780 0.0348217 0.0347974 0.0352801 0.0347931 0.0334409 0.0340568 0.0324866 0.0324866 0.0319241 0.0317289 0.0317289 
AJ271754.1_Symbiodinium_sp.                                        0.0692342 0.0632208 0.0379070 0.0356699 0.0341164 0.0158479 0.0136305 0.0000000 0.0121606 0.0092742 0.0100167 0.0078457 0.0107268 0.0099985 0.0085560 0.0078304 0.0078304 0.0085829 0.0092656 0.0085670 0.0071126 0.0085584 0.0078412 0.0064006 0.0064029 0.0071092 0.0056865 0.0056902 0.0049709 0.0063917 0.0049635 0.0049635 0.0050247 0.0056802 0.0056760 0.0056760 0.0057682 0.0396869 0.0357883 0.0356919 0.0349174 0.0349174 0.0339498 0.0334319 0.0341697 0.0341535 0.0333612 0.0333502 0.0333502 0.0337791 0.0249260 0.0256476 0.0316621 0.0248457 0.0301604 0.0282207 0.0404298 0.0427906 0.0403792 0.0371350 0.0417625 0.0419473 0.0404570 0.0427214 0.0420407 0.0411386 0.0404071 0.0410856 0.0412290 0.0428111 0.0403551 0.0402522 0.0395774 0.0349088 0.0348736 0.0364838 0.0364838 0.0372482 0.0380290 0.0371697 0.0348369 0.0349827 0.0364238 0.0356592 0.0357442 0.0332997 0.0348880 0.0348379 0.0319092 0.0340938 0.0348324 0.0333447 0.0332490 0.0341006 0.0301971 0.0309608 0.0309608 0.0324813 0.0332798 0.0325427 0.0341867 0.0318127 0.0325318 0.0317472 0.0332911 0.0332953 0.0332647 0.0317842 0.0325823 0.0310085 0.0325336 0.0279368 0.0317426 0.0301970 0.0318217 0.0301878 0.0317455 0.0317711 0.0302339 0.0309740 0.0309524 0.0313801 0.0309488 0.0295877 0.0302152 0.0286625 0.0286625 0.0280814 0.0279104 0.0279104 
AJ271756.1_Symbiodinium_sp.                                        0.0735023 0.0632344 0.0371003 0.0371921 0.0356343 0.0121705 0.0099822 0.0121606 0.0000000 0.0114404 0.0121908 0.0100082 0.0071082 0.0063890 0.0049610 0.0042455 0.0042455 0.0107531 0.0114298 0.0107331 0.0092674 0.0107223 0.0100024 0.0085536 0.0085567 0.0078264 0.0078368 0.0078418 0.0071175 0.0071076 0.0071068 0.0071068 0.0071947 0.0063954 0.0063906 0.0063906 0.0064945 0.0427870 0.0388665 0.0387612 0.0379824 0.0379824 0.0370602 0.0365632 0.0372327 0.0372149 0.0364161 0.0364041 0.0364041 0.0368732 0.0287003 0.0294230 0.0339287 0.0286076 0.0324226 0.0305013 0.0427483 0.0451190 0.0426947 0.0394297 0.0440736 0.0442693 0.0427772 0.0450459 0.0443682 0.0434558 0.0435067 0.0441809 0.0443359 0.0451408 0.0442591 0.0425601 0.0418884 0.0372006 0.0371630 0.0372363 0.0372363 0.0395506 0.0403346 0.0394668 0.0355645 0.0365065 0.0387198 0.0379524 0.0380432 0.0355803 0.0371783 0.0371247 0.0341944 0.0363794 0.0371188 0.0364075 0.0355260 0.0363866 0.0324620 0.0332289 0.0332289 0.0347551 0.0355590 0.0340593 0.0364787 0.0340906 0.0348094 0.0340202 0.0355712 0.0355756 0.0355429 0.0340600 0.0348635 0.0332805 0.0348113 0.0332780 0.0340152 0.0324621 0.0341003 0.0309310 0.0340184 0.0340460 0.0325018 0.0332432 0.0332201 0.0336796 0.0332161 0.0318616 0.0324816 0.0309202 0.0309202 0.0303507 0.0301656 0.0301656 
AJ271764.1_Symbiodinium_sp.                                        0.0647851 0.0613793 0.0354100 0.0332359 0.0316967 0.0151210 0.0129076 0.0092742 0.0114404 0.0000000 0.0092972 0.0071294 0.0100074 0.0092803 0.0078397 0.0071155 0.0071155 0.0078643 0.0085493 0.0078497 0.0063986 0.0078418 0.0071253 0.0056870 0.0056891 0.0063956 0.0049736 0.0049768 0.0042590 0.0056791 0.0042526 0.0042526 0.0043051 0.0049681 0.0049644 0.0049644 0.0050450 0.0372095 0.0333456 0.0332565 0.0324889 0.0324889 0.0314900 0.0309580 0.0309665 0.0317312 0.0301704 0.0309373 0.0309373 0.0313328 0.0240833 0.0232981 0.0307842 0.0240061 0.0292904 0.0273517 0.0363891 0.0387200 0.0363439 0.0331533 0.0377274 0.0378924 0.0364133 0.0386579 0.0379756 0.0370962 0.0371389 0.0378182 0.0379488 0.0387381 0.0378841 0.0362308 0.0355545 0.0309443 0.0309135 0.0324969 0.0324969 0.0332529 0.0340238 0.0331837 0.0308813 0.0310089 0.0324438 0.0316881 0.0317627 0.0293630 0.0309262 0.0308822 0.0279722 0.0301444 0.0308774 0.0309222 0.0300915 0.0301502 0.0270507 0.0278060 0.0278060 0.0285606 0.0293456 0.0278635 0.0302257 0.0278885 0.0286045 0.0278316 0.0293553 0.0293591 0.0293323 0.0278637 0.0286484 0.0270989 0.0286059 0.0255795 0.0278278 0.0263033 0.0278963 0.0262955 0.0278303 0.0278523 0.0263353 0.0270691 0.0270504 0.0274213 0.0270474 0.0256823 0.0263191 0.0247893 0.0247893 0.0241916 0.0240456 0.0240456 
L13718.1_Symbiodinium_meandrinae                                   0.0677956 0.0617983 0.0347890 0.0342221 0.0326696 0.0158880 0.0136648 0.0100167 0.0121908 0.0092972 0.0000000 0.0078651 0.0107534 0.0100233 0.0085772 0.0078498 0.0078498 0.0014192 0.0035448 0.0028405 0.0028341 0.0028376 0.0078606 0.0064164 0.0064187 0.0071268 0.0057006 0.0057042 0.0049832 0.0064075 0.0049757 0.0049757 0.0050373 0.0056943 0.0056900 0.0056900 0.0057827 0.0397925 0.0358830 0.0357860 0.0350094 0.0350094 0.0340406 0.0327028 0.0342597 0.0342434 0.0334488 0.0334378 0.0334378 0.0338690 0.0265002 0.0272241 0.0332707 0.0264145 0.0317614 0.0298290 0.0421020 0.0444772 0.0420491 0.0387801 0.0434334 0.0436267 0.0421305 0.0444050 0.0437244 0.0428120 0.0428622 0.0435394 0.0436925 0.0444987 0.0428179 0.0419162 0.0412416 0.0365450 0.0365081 0.0381306 0.0381306 0.0388991 0.0396846 0.0388166 0.0364694 0.0366229 0.0380677 0.0372987 0.0373881 0.0349232 0.0365232 0.0364704 0.0335318 0.0341630 0.0364646 0.0342099 0.0348697 0.0357303 0.0302758 0.0295192 0.0295192 0.0340975 0.0349022 0.0333990 0.0358209 0.0334298 0.0341508 0.0333606 0.0349142 0.0349185 0.0348863 0.0333997 0.0342040 0.0326190 0.0341526 0.0310690 0.0333557 0.0318001 0.0334393 0.0317904 0.0333588 0.0333859 0.0318392 0.0325824 0.0325596 0.0330113 0.0325558 0.0311953 0.0318194 0.0302559 0.0302559 0.0296813 0.0294998 0.0294998 
KU188508.1_Symbiodinium_sp.                                        0.0684964 0.0625431 0.0356082 0.0334179 0.0318699 0.0136778 0.0114699 0.0078457 0.0100082 0.0071294 0.0078651 0.0000000 0.0085759 0.0078508 0.0064129 0.0056912 0.0056912 0.0064330 0.0071228 0.0064211 0.0049756 0.0064146 0.0056905 0.0042579 0.0042595 0.0049732 0.0035465 0.0035487 0.0028344 0.0042584 0.0028344 0.0028344 0.0028694 0.0035478 0.0035452 0.0035452 0.0036027 0.0389704 0.0350718 0.0349773 0.0342029 0.0342029 0.0332234 0.0326999 0.0334547 0.0334388 0.0326469 0.0326362 0.0326362 0.0330563 0.0242130 0.0249355 0.0309513 0.0241350 0.0294492 0.0275011 0.0389303 0.0412870 0.0388815 0.0364225 0.0410508 0.0412325 0.0397408 0.0420068 0.0413242 0.0404242 0.0404712 0.0411506 0.0412944 0.0420950 0.0412231 0.0395395 0.0388630 0.0341944 0.0341599 0.0357689 0.0357689 0.0365335 0.0373143 0.0364565 0.0341239 0.0342667 0.0357100 0.0349453 0.0350286 0.0325868 0.0341741 0.0341249 0.0311930 0.0333803 0.0341195 0.0334061 0.0325371 0.0333869 0.0294850 0.0302487 0.0302487 0.0317694 0.0325673 0.0310703 0.0334713 0.0310987 0.0318188 0.0310345 0.0325783 0.0325824 0.0325525 0.0310708 0.0318682 0.0302953 0.0318205 0.0287555 0.0310301 0.0294849 0.0311075 0.0294760 0.0310330 0.0310580 0.0295210 0.0302616 0.0302405 0.0306587 0.0302370 0.0288721 0.0295027 0.0279507 0.0279507 0.0273652 0.0271985 0.0271985 
AB055917.1_Symbiodinium_sp.                                        0.0718987 0.0616733 0.0355468 0.0356933 0.0341389 0.0107354 0.0085536 0.0107268 0.0071082 0.0100074 0.0107534 0.0085759 0.0000000 0.0049677 0.0035425 0.0028295 0.0028295 0.0093166 0.0099981 0.0092993 0.0078393 0.0092899 0.0085710 0.0071259 0.0071284 0.0064015 0.0064100 0.0064141 0.0056923 0.0056844 0.0056838 0.0056838 0.0057541 0.0049727 0.0049690 0.0049690 0.0043257 0.0412731 0.0373601 0.0372591 0.0364817 0.0364817 0.0347588 0.0342459 0.0357324 0.0357154 0.0349191 0.0349076 0.0349076 0.0353573 0.0272203 0.0279434 0.0324438 0.0271323 0.0309395 0.0290047 0.0412358 0.0436017 0.0411841 0.0379305 0.0425669 0.0403575 0.0388703 0.0411289 0.0404469 0.0395530 0.0411545 0.0418314 0.0419775 0.0436227 0.0419050 0.0410544 0.0403802 0.0357016 0.0356656 0.0357358 0.0357358 0.0372199 0.0364554 0.0379660 0.0356279 0.0357773 0.0372192 0.0364530 0.0365401 0.0340875 0.0356803 0.0356289 0.0326976 0.0348839 0.0356233 0.0349109 0.0340355 0.0348908 0.0309772 0.0317426 0.0317426 0.0332661 0.0340671 0.0325686 0.0349790 0.0325985 0.0333180 0.0325312 0.0340787 0.0340830 0.0340517 0.0325692 0.0333697 0.0317916 0.0333198 0.0317893 0.0325265 0.0309771 0.0326077 0.0309677 0.0325295 0.0325558 0.0310151 0.0317561 0.0317340 0.0321730 0.0317303 0.0303705 0.0309958 0.0294389 0.0294389 0.0288614 0.0286855 0.0286855 
AJ271757.1_Symbiodinium_sp.                                        0.0710173 0.0608247 0.0347716 0.0349042 0.0333532 0.0100065 0.0078305 0.0099985 0.0063890 0.0092803 0.0100233 0.0078508 0.0049677 0.0000000 0.0028303 0.0021193 0.0021193 0.0085886 0.0092717 0.0085726 0.0071173 0.0085640 0.0078463 0.0064048 0.0064071 0.0056827 0.0056903 0.0056939 0.0049742 0.0049672 0.0049667 0.0049667 0.0050281 0.0042567 0.0042535 0.0042535 0.0043225 0.0404701 0.0365652 0.0364665 0.0356907 0.0356907 0.0347344 0.0342216 0.0349424 0.0349258 0.0341316 0.0341204 0.0341204 0.0345595 0.0264499 0.0271725 0.0316653 0.0263646 0.0301636 0.0282238 0.0404336 0.0427946 0.0403830 0.0371387 0.0417664 0.0419513 0.0404608 0.0427254 0.0420446 0.0411425 0.0411904 0.0418679 0.0412329 0.0428151 0.0419417 0.0402560 0.0395812 0.0349123 0.0348772 0.0349457 0.0349457 0.0372519 0.0380327 0.0371733 0.0348404 0.0349862 0.0364274 0.0356627 0.0357477 0.0333031 0.0348916 0.0348414 0.0319126 0.0340973 0.0348359 0.0341236 0.0332524 0.0341040 0.0302003 0.0309641 0.0309641 0.0324847 0.0332832 0.0317870 0.0341901 0.0318160 0.0325352 0.0317505 0.0332945 0.0332987 0.0332681 0.0317875 0.0325856 0.0310118 0.0325369 0.0310095 0.0317459 0.0302002 0.0318250 0.0301910 0.0317488 0.0317744 0.0302371 0.0309772 0.0309557 0.0313834 0.0309521 0.0295909 0.0302184 0.0286655 0.0286655 0.0280844 0.0279135 0.0279135 
AB863030.1_Symbiodinium_sp.                                        0.0693172 0.0591832 0.0332023 0.0333622 0.0318168 0.0085629 0.0063963 0.0085560 0.0049610 0.0078397 0.0085772 0.0064129 0.0035425 0.0028303 0.0000000 0.0007046 0.0007046 0.0071454 0.0078324 0.0071321 0.0056844 0.0071249 0.0064092 0.0049733 0.0049751 0.0042550 0.0042607 0.0042634 0.0035471 0.0035422 0.0035418 0.0035418 0.0035855 0.0028331 0.0028310 0.0028310 0.0028769 0.0389050 0.0350131 0.0349189 0.0341457 0.0341457 0.0331670 0.0326440 0.0333988 0.0333830 0.0325925 0.0325818 0.0325818 0.0330005 0.0249385 0.0256605 0.0301419 0.0248581 0.0286440 0.0266931 0.0388700 0.0412229 0.0388214 0.0355931 0.0402071 0.0403845 0.0388961 0.0411564 0.0404740 0.0395793 0.0396252 0.0403045 0.0404450 0.0412426 0.0403753 0.0386997 0.0380232 0.0333701 0.0333366 0.0334019 0.0334019 0.0357012 0.0364794 0.0356261 0.0333016 0.0334405 0.0348815 0.0341191 0.0342002 0.0317694 0.0333504 0.0333026 0.0303766 0.0325598 0.0332973 0.0325849 0.0317212 0.0325662 0.0286789 0.0294401 0.0294401 0.0309560 0.0317505 0.0302574 0.0326482 0.0302850 0.0310040 0.0302227 0.0317611 0.0317652 0.0317360 0.0302579 0.0310519 0.0294852 0.0310056 0.0294831 0.0302184 0.0286787 0.0302935 0.0286700 0.0302212 0.0302454 0.0287138 0.0294525 0.0294320 0.0298381 0.0294287 0.0280639 0.0286960 0.0271499 0.0271499 0.0265613 0.0263999 0.0263999 
AB016579.1_Symbiodinium_sp.                                        0.0684043 0.0583111 0.0323914 0.0325653 0.0310240 0.0078367 0.0056764 0.0078304 0.0042455 0.0071155 0.0078498 0.0056912 0.0028295 0.0021193 0.0007046 0.0000000 0.0000010 0.0064205 0.0071090 0.0064086 0.0049659 0.0064021 0.0056879 0.0042560 0.0042576 0.0035402 0.0035449 0.0035471 0.0028332 0.0028292 0.0028289 0.0028289 0.0028638 0.0021214 0.0021199 0.0021199 0.0021541 0.0380913 0.0342095 0.0341177 0.0333466 0.0333466 0.0323572 0.0318294 0.0326010 0.0325856 0.0317977 0.0317872 0.0317872 0.0321951 0.0241644 0.0248855 0.0293573 0.0240867 0.0278627 0.0259076 0.0380571 0.0404038 0.0380096 0.0347924 0.0393951 0.0395685 0.0380826 0.0403386 0.0396560 0.0387660 0.0388109 0.0394905 0.0396277 0.0404229 0.0395597 0.0378907 0.0372140 0.0325730 0.0325404 0.0326041 0.0326041 0.0348977 0.0356738 0.0348245 0.0325063 0.0326415 0.0340811 0.0333206 0.0333996 0.0309781 0.0325539 0.0325073 0.0295853 0.0317658 0.0325022 0.0317903 0.0309311 0.0317720 0.0278966 0.0286558 0.0286558 0.0301680 0.0309596 0.0294696 0.0318519 0.0294963 0.0302146 0.0294358 0.0309700 0.0309739 0.0309456 0.0294700 0.0302613 0.0286996 0.0302162 0.0286975 0.0294316 0.0278963 0.0295046 0.0278879 0.0294343 0.0294579 0.0279304 0.0286678 0.0286479 0.0290425 0.0286447 0.0272792 0.0279131 0.0263717 0.0263717 0.0257799 0.0256235 0.0256235 
AB016572.1_Symbiodinium_sp.                                        0.0684043 0.0583111 0.0323914 0.0325653 0.0310240 0.0078367 0.0056764 0.0078304 0.0042455 0.0071155 0.0078498 0.0056912 0.0028295 0.0021193 0.0007046 0.0000010 0.0000000 0.0064205 0.0071090 0.0064086 0.0049659 0.0064021 0.0056879 0.0042560 0.0042576 0.0035402 0.0035449 0.0035471 0.0028332 0.0028292 0.0028289 0.0028289 0.0028638 0.0021214 0.0021199 0.0021199 0.0021541 0.0380913 0.0342095 0.0341177 0.0333466 0.0333466 0.0323572 0.0318294 0.0326010 0.0325856 0.0317977 0.0317872 0.0317872 0.0321951 0.0241644 0.0248855 0.0293573 0.0240867 0.0278627 0.0259076 0.0380571 0.0404038 0.0380096 0.0347924 0.0393951 0.0395685 0.0380826 0.0403386 0.0396560 0.0387660 0.0388109 0.0394905 0.0396277 0.0404229 0.0395597 0.0378907 0.0372140 0.0325730 0.0325404 0.0326041 0.0326041 0.0348977 0.0356738 0.0348245 0.0325063 0.0326415 0.0340811 0.0333206 0.0333996 0.0309781 0.0325539 0.0325073 0.0295853 0.0317658 0.0325022 0.0317903 0.0309311 0.0317720 0.0278966 0.0286558 0.0286558 0.0301680 0.0309596 0.0294696 0.0318519 0.0294963 0.0302146 0.0294358 0.0309700 0.0309739 0.0309456 0.0294700 0.0302613 0.0286996 0.0302162 0.0286975 0.0294316 0.0278963 0.0295046 0.0278879 0.0294343 0.0294579 0.0279304 0.0286678 0.0286479 0.0290425 0.0286447 0.0272792 0.0279131 0.0263717 0.0263717 0.0257799 0.0256235 0.0256235 
L13717.1_Symbiodinium_corculorum                                   0.0661874 0.0602265 0.0332628 0.0327210 0.0311721 0.0144384 0.0122220 0.0085829 0.0107531 0.0078643 0.0014192 0.0064330 0.0093166 0.0085886 0.0071454 0.0064205 0.0064205 0.0000000 0.0021262 0.0014198 0.0014166 0.0014184 0.0064293 0.0049889 0.0049907 0.0056996 0.0042740 0.0042768 0.0035582 0.0049820 0.0035529 0.0035529 0.0035969 0.0042693 0.0042661 0.0042661 0.0043355 0.0375017 0.0343739 0.0342812 0.0335063 0.0335063 0.0325145 0.0311692 0.0327570 0.0327415 0.0319495 0.0319390 0.0319390 0.0323508 0.0250185 0.0257427 0.0317796 0.0249376 0.0302724 0.0283266 0.0405817 0.0429517 0.0405307 0.0372737 0.0419187 0.0421049 0.0406091 0.0428820 0.0421990 0.0412930 0.0413413 0.0420210 0.0421684 0.0429724 0.0412986 0.0404028 0.0397258 0.0350393 0.0350039 0.0366204 0.0366204 0.0373878 0.0381716 0.0373086 0.0349669 0.0351137 0.0365600 0.0357925 0.0358781 0.0334239 0.0350184 0.0349679 0.0320286 0.0326648 0.0349623 0.0327095 0.0333728 0.0342279 0.0287878 0.0280324 0.0280324 0.0326022 0.0334038 0.0319021 0.0343146 0.0319314 0.0326531 0.0318653 0.0334152 0.0334194 0.0333886 0.0319027 0.0327039 0.0311240 0.0326548 0.0295779 0.0318607 0.0303092 0.0319404 0.0303000 0.0318637 0.0318895 0.0303464 0.0310892 0.0310675 0.0314983 0.0310639 0.0296982 0.0303276 0.0287688 0.0287688 0.0281862 0.0280140 0.0280140 
AB055918.1_Symbiodinium_sp.                                        0.0667126 0.0607642 0.0338919 0.0333419 0.0317975 0.0151066 0.0128944 0.0092656 0.0114298 0.0085493 0.0035448 0.0071228 0.0099981 0.0092717 0.0078324 0.0071090 0.0071090 0.0021262 0.0000000 0.0021223 0.0021175 0.0021202 0.0071187 0.0056818 0.0056838 0.0063897 0.0049690 0.0049722 0.0042550 0.0056739 0.0042487 0.0042487 0.0043011 0.0049635 0.0049598 0.0049598 0.0050403 0.0388810 0.0349916 0.0348976 0.0341249 0.0341249 0.0331465 0.0318097 0.0333785 0.0333627 0.0325727 0.0325620 0.0325620 0.0329802 0.0256610 0.0263823 0.0324000 0.0255783 0.0308977 0.0289651 0.0411795 0.0435421 0.0411280 0.0378790 0.0425091 0.0426973 0.0412072 0.0434717 0.0427924 0.0418875 0.0419363 0.0426124 0.0427614 0.0435631 0.0426875 0.0409986 0.0403252 0.0356531 0.0356171 0.0372298 0.0372298 0.0379946 0.0387760 0.0379144 0.0355796 0.0357286 0.0371686 0.0364035 0.0364903 0.0340413 0.0356318 0.0355806 0.0326531 0.0348366 0.0355750 0.0333302 0.0339894 0.0348434 0.0294184 0.0286655 0.0286655 0.0332211 0.0340209 0.0325244 0.0349314 0.0325542 0.0332728 0.0324871 0.0340325 0.0340368 0.0340055 0.0325251 0.0333244 0.0317486 0.0332746 0.0302068 0.0324824 0.0309352 0.0325635 0.0309258 0.0324855 0.0325117 0.0309731 0.0317131 0.0316911 0.0321289 0.0316874 0.0295713 0.0309539 0.0293992 0.0293992 0.0288222 0.0286467 0.0286467 
X62650.1_S.pilosum                                                 0.0660565 0.0601094 0.0331987 0.0326589 0.0311130 0.0144116 0.0121994 0.0085670 0.0107331 0.0078497 0.0028405 0.0064211 0.0092993 0.0085726 0.0071321 0.0064086 0.0064086 0.0014198 0.0021223 0.0000000 0.0014140 0.0014157 0.0064174 0.0049797 0.0049815 0.0056890 0.0042661 0.0042689 0.0035517 0.0049728 0.0035464 0.0035464 0.0035902 0.0042614 0.0042582 0.0042582 0.0043274 0.0382022 0.0343085 0.0342161 0.0334427 0.0334427 0.0324518 0.0311088 0.0326949 0.0326794 0.0318890 0.0318785 0.0318785 0.0322887 0.0249714 0.0256943 0.0317197 0.0248908 0.0302153 0.0282726 0.0405043 0.0428696 0.0404535 0.0372030 0.0418391 0.0420246 0.0405316 0.0428001 0.0421183 0.0412143 0.0412624 0.0419409 0.0420878 0.0428902 0.0420150 0.0403260 0.0396502 0.0349728 0.0349375 0.0365508 0.0365508 0.0373166 0.0380989 0.0372378 0.0349006 0.0350469 0.0364906 0.0357245 0.0358098 0.0333606 0.0349520 0.0349016 0.0319678 0.0341562 0.0348961 0.0326475 0.0333097 0.0341630 0.0287335 0.0279796 0.0279796 0.0325406 0.0333406 0.0318417 0.0342494 0.0318709 0.0325913 0.0318051 0.0333520 0.0333562 0.0333255 0.0318423 0.0326419 0.0310652 0.0325930 0.0295221 0.0318005 0.0302520 0.0318799 0.0302428 0.0318035 0.0318292 0.0302891 0.0310305 0.0310089 0.0314381 0.0310052 0.0296419 0.0302703 0.0287146 0.0287146 0.0281328 0.0279612 0.0279612 
AB016723.1_Symbiodinium_sp.                                        0.0658869 0.0599587 0.0331181 0.0310533 0.0295165 0.0129214 0.0107230 0.0071126 0.0092674 0.0063986 0.0028341 0.0049756 0.0078393 0.0071173 0.0056844 0.0049659 0.0049659 0.0014166 0.0021175 0.0014140 0.0000000 0.0014126 0.0049727 0.0035437 0.0035450 0.0042509 0.0028335 0.0028353 0.0021231 0.0035388 0.0021199 0.0021199 0.0021460 0.0028304 0.0028283 0.0028283 0.0028740 0.0381099 0.0342261 0.0341342 0.0333627 0.0333627 0.0323730 0.0310329 0.0326167 0.0326013 0.0318129 0.0318025 0.0318025 0.0322107 0.0234121 0.0241329 0.0301279 0.0233369 0.0286307 0.0266805 0.0388515 0.0412033 0.0388030 0.0355763 0.0401880 0.0403652 0.0388776 0.0411368 0.0404547 0.0395605 0.0396064 0.0402854 0.0404257 0.0412229 0.0403561 0.0386813 0.0380052 0.0333544 0.0333209 0.0349223 0.0349223 0.0356843 0.0364621 0.0356093 0.0332859 0.0334247 0.0348650 0.0341030 0.0341840 0.0317545 0.0333347 0.0332869 0.0303623 0.0325445 0.0332816 0.0310427 0.0317063 0.0325508 0.0271550 0.0279134 0.0279134 0.0309415 0.0317356 0.0302433 0.0326328 0.0302708 0.0309895 0.0302085 0.0317462 0.0317502 0.0317212 0.0302437 0.0310374 0.0294714 0.0309910 0.0279378 0.0302043 0.0286653 0.0302793 0.0286567 0.0302070 0.0302313 0.0287003 0.0294387 0.0294183 0.0298240 0.0294149 0.0280507 0.0286826 0.0271372 0.0271372 0.0265489 0.0263876 0.0263876 
AB016724.1_Symbiodinium_sp.                                        0.0659846 0.0600452 0.0331636 0.0326249 0.0310807 0.0143969 0.0121871 0.0085584 0.0107223 0.0078418 0.0028376 0.0064146 0.0092899 0.0085640 0.0071249 0.0064021 0.0064021 0.0014184 0.0021202 0.0014157 0.0014126 0.0000000 0.0064109 0.0049747 0.0049765 0.0056833 0.0042619 0.0042646 0.0035481 0.0049678 0.0035428 0.0035428 0.0035865 0.0042571 0.0042540 0.0042540 0.0043230 0.0381622 0.0342726 0.0341805 0.0334078 0.0334078 0.0324175 0.0310757 0.0326608 0.0326453 0.0318558 0.0318453 0.0318453 0.0322547 0.0249456 0.0256678 0.0316869 0.0248652 0.0301841 0.0282431 0.0404618 0.0428245 0.0404111 0.0371643 0.0417954 0.0419805 0.0404890 0.0427552 0.0420740 0.0411711 0.0412191 0.0418970 0.0420436 0.0428451 0.0419710 0.0402839 0.0396087 0.0349363 0.0349011 0.0365126 0.0365126 0.0372776 0.0380591 0.0371990 0.0348643 0.0350103 0.0364525 0.0356873 0.0357724 0.0333259 0.0349155 0.0348653 0.0319344 0.0341207 0.0348598 0.0326136 0.0332751 0.0341274 0.0287038 0.0279507 0.0279507 0.0325068 0.0333060 0.0318086 0.0342137 0.0318378 0.0325574 0.0317721 0.0333173 0.0333215 0.0332909 0.0318092 0.0326079 0.0310329 0.0325591 0.0294915 0.0317675 0.0302207 0.0318468 0.0302115 0.0317705 0.0317961 0.0302577 0.0309983 0.0309767 0.0314051 0.0309731 0.0296111 0.0302389 0.0286849 0.0286849 0.0281035 0.0279323 0.0279323 
KU188515.1_Symbiodinium_sp.                                        0.0684491 0.0625011 0.0355854 0.0333971 0.0318500 0.0136697 0.0114632 0.0078412 0.0100024 0.0071253 0.0078606 0.0056905 0.0085710 0.0078463 0.0064092 0.0056879 0.0056879 0.0064293 0.0071187 0.0064174 0.0049727 0.0064109 0.0000000 0.0042555 0.0042570 0.0049704 0.0035444 0.0035467 0.0028328 0.0042559 0.0028328 0.0028328 0.0028677 0.0035458 0.0035432 0.0035432 0.0028780 0.0389457 0.0350497 0.0349554 0.0341814 0.0341814 0.0324186 0.0318902 0.0334337 0.0334179 0.0326265 0.0326158 0.0326158 0.0330354 0.0241982 0.0249203 0.0309322 0.0241203 0.0294310 0.0274841 0.0396888 0.0420480 0.0396391 0.0363997 0.0410248 0.0412062 0.0397155 0.0419800 0.0412978 0.0403985 0.0404455 0.0411244 0.0412681 0.0420681 0.0411969 0.0395145 0.0388384 0.0341729 0.0341386 0.0357464 0.0357464 0.0365105 0.0372907 0.0364335 0.0341026 0.0342452 0.0356876 0.0349233 0.0350065 0.0325665 0.0341527 0.0341036 0.0311736 0.0333595 0.0340982 0.0333853 0.0325169 0.0333661 0.0294668 0.0302300 0.0302300 0.0317497 0.0325470 0.0310510 0.0334503 0.0310793 0.0317991 0.0310153 0.0325580 0.0325621 0.0325322 0.0310515 0.0318484 0.0302766 0.0318007 0.0287378 0.0310109 0.0294667 0.0310881 0.0294578 0.0310137 0.0310387 0.0295028 0.0302428 0.0302218 0.0306395 0.0302183 0.0288542 0.0294845 0.0279335 0.0279335 0.0273483 0.0271818 0.0271818 
KU188511.1_Symbiodinium_sp.                                        0.0667048 0.0608059 0.0339868 0.0318352 0.0302950 0.0122019 0.0100070 0.0064006 0.0085536 0.0056870 0.0064164 0.0042579 0.0071259 0.0064048 0.0049733 0.0042560 0.0042560 0.0049889 0.0056818 0.0049797 0.0035437 0.0049747 0.0042555 0.0000000 0.0028314 0.0035420 0.0021217 0.0021231 0.0014131 0.0028307 0.0014131 0.0014131 0.0014305 0.0021226 0.0021210 0.0021210 0.0021552 0.0373564 0.0334765 0.0333867 0.0326160 0.0326160 0.0316150 0.0310818 0.0318703 0.0318552 0.0310681 0.0310579 0.0310579 0.0314566 0.0226772 0.0233982 0.0293885 0.0226043 0.0278923 0.0259355 0.0380980 0.0404472 0.0380504 0.0348295 0.0394372 0.0396110 0.0381235 0.0403819 0.0396986 0.0388075 0.0388525 0.0395327 0.0396703 0.0404663 0.0396021 0.0379311 0.0372538 0.0326079 0.0325752 0.0341737 0.0341737 0.0349351 0.0357120 0.0348617 0.0325410 0.0326765 0.0341176 0.0333563 0.0326723 0.0310111 0.0325887 0.0325420 0.0296170 0.0317997 0.0325368 0.0318243 0.0309641 0.0318060 0.0279262 0.0286863 0.0286863 0.0302001 0.0309926 0.0295010 0.0318860 0.0295278 0.0302469 0.0294671 0.0310030 0.0310070 0.0309786 0.0295014 0.0302936 0.0287302 0.0302484 0.0271984 0.0294630 0.0279260 0.0295361 0.0279176 0.0294657 0.0294893 0.0279601 0.0286983 0.0286784 0.0290738 0.0286752 0.0273083 0.0279428 0.0263998 0.0263998 0.0258075 0.0256508 0.0256508 
KU188514.1_Symbiodinium_sp.                                        0.0667345 0.0608322 0.0340006 0.0318479 0.0303070 0.0122064 0.0100106 0.0064029 0.0085567 0.0056891 0.0064187 0.0042595 0.0071284 0.0064071 0.0049751 0.0042576 0.0042576 0.0049907 0.0056838 0.0049815 0.0035450 0.0049765 0.0042570 0.0028314 0.0000000 0.0035433 0.0021225 0.0021238 0.0014136 0.0028317 0.0014136 0.0014136 0.0014310 0.0021233 0.0021217 0.0021217 0.0021552 0.0373715 0.0334899 0.0334000 0.0326290 0.0326290 0.0316278 0.0310944 0.0318829 0.0318679 0.0310804 0.0310702 0.0310702 0.0314692 0.0226860 0.0234072 0.0294001 0.0226130 0.0279032 0.0259457 0.0381134 0.0404637 0.0380658 0.0348435 0.0394532 0.0396271 0.0381389 0.0403983 0.0397148 0.0388233 0.0388683 0.0395487 0.0396864 0.0404829 0.0396182 0.0379464 0.0372689 0.0326209 0.0325881 0.0341873 0.0341873 0.0349491 0.0357264 0.0348757 0.0325539 0.0326895 0.0341312 0.0333696 0.0334488 0.0310234 0.0326016 0.0325549 0.0296287 0.0318123 0.0325498 0.0318369 0.0309763 0.0318186 0.0279372 0.0286975 0.0286975 0.0302120 0.0310049 0.0295126 0.0318987 0.0295395 0.0302588 0.0294787 0.0310153 0.0310192 0.0309908 0.0295130 0.0303056 0.0287414 0.0302603 0.0272090 0.0294746 0.0279369 0.0295478 0.0279285 0.0294773 0.0295009 0.0279711 0.0287096 0.0286897 0.0290854 0.0286864 0.0273191 0.0279538 0.0264101 0.0264101 0.0258176 0.0256607 0.0256607 
AF238256.1_Symbiodinium_sp._Type_A                                 0.0675229 0.0599278 0.0331696 0.0325648 0.0310236 0.0114631 0.0092752 0.0071092 0.0078264 0.0063956 0.0071268 0.0049732 0.0064015 0.0056827 0.0042550 0.0035402 0.0035402 0.0056996 0.0063897 0.0056890 0.0042509 0.0056833 0.0049704 0.0035420 0.0035433 0.0000000 0.0028322 0.0028340 0.0021221 0.0021191 0.0021189 0.0021189 0.0021450 0.0014124 0.0014114 0.0014114 0.0014340 0.0380909 0.0342090 0.0341172 0.0333461 0.0333461 0.0323567 0.0318289 0.0326005 0.0325851 0.0317972 0.0317867 0.0317867 0.0321946 0.0234007 0.0241212 0.0301131 0.0233255 0.0286166 0.0266673 0.0388321 0.0411826 0.0387836 0.0355587 0.0401680 0.0403450 0.0388581 0.0411162 0.0404344 0.0395407 0.0395866 0.0402653 0.0404054 0.0412022 0.0403360 0.0386621 0.0379863 0.0333378 0.0333044 0.0349050 0.0349050 0.0356666 0.0364439 0.0355917 0.0332694 0.0334081 0.0348477 0.0340861 0.0341670 0.0317388 0.0333182 0.0332704 0.0303473 0.0325284 0.0332652 0.0325535 0.0316907 0.0325347 0.0286514 0.0294119 0.0294119 0.0309263 0.0317199 0.0302283 0.0326167 0.0302558 0.0309742 0.0301937 0.0317306 0.0317346 0.0317055 0.0302288 0.0310220 0.0294569 0.0309758 0.0279240 0.0301894 0.0286512 0.0302643 0.0286426 0.0301922 0.0302164 0.0286862 0.0294242 0.0294038 0.0298091 0.0294005 0.0280369 0.0286685 0.0271239 0.0271239 0.0265358 0.0263747 0.0263747 
KU188513.1_Symbiodinium_sp.                                        0.0658889 0.0600091 0.0332151 0.0310797 0.0295416 0.0114783 0.0092875 0.0056865 0.0078368 0.0049736 0.0057006 0.0035465 0.0064100 0.0056903 0.0042607 0.0035449 0.0035449 0.0042740 0.0049690 0.0042661 0.0028335 0.0042619 0.0035444 0.0021217 0.0021225 0.0028322 0.0000000 0.0014147 0.0007056 0.0021219 0.0007056 0.0007056 0.0007149 0.0014143 0.0014133 0.0014133 0.0014361 0.0365916 0.0327167 0.0326290 0.0318593 0.0318593 0.0308470 0.0303086 0.0311139 0.0310993 0.0303136 0.0303037 0.0303037 0.0306925 0.0219348 0.0226558 0.0286399 0.0218644 0.0271451 0.0251820 0.0373331 0.0396792 0.0372864 0.0340722 0.0386749 0.0388451 0.0373580 0.0396152 0.0389309 0.0380431 0.0380871 0.0387685 0.0389032 0.0396980 0.0388364 0.0371697 0.0364913 0.0318513 0.0318194 0.0334146 0.0334146 0.0341752 0.0349512 0.0341036 0.0317860 0.0319182 0.0333597 0.0325993 0.0326765 0.0302581 0.0318326 0.0317870 0.0288624 0.0310451 0.0317820 0.0310691 0.0302122 0.0310512 0.0271781 0.0279372 0.0279372 0.0294492 0.0302401 0.0287495 0.0311293 0.0287755 0.0294948 0.0287165 0.0302502 0.0302540 0.0302263 0.0287498 0.0295403 0.0279798 0.0294963 0.0264504 0.0287124 0.0271778 0.0287836 0.0271697 0.0287151 0.0287380 0.0272111 0.0279488 0.0279295 0.0283144 0.0279263 0.0265572 0.0271942 0.0256539 0.0256539 0.0250578 0.0249057 0.0249057 
KU188510.1_Symbiodinium_sp.                                        0.0659399 0.0600534 0.0332385 0.0311011 0.0295619 0.0114858 0.0092935 0.0056902 0.0078418 0.0049768 0.0057042 0.0035487 0.0064141 0.0056939 0.0042634 0.0035471 0.0035471 0.0042768 0.0049722 0.0042689 0.0028353 0.0042646 0.0035467 0.0021231 0.0021238 0.0028340 0.0014147 0.0000000 0.0007066 0.0021233 0.0007066 0.0007066 0.0007153 0.0014152 0.0014142 0.0014142 0.0014361 0.0366172 0.0327393 0.0326516 0.0318813 0.0318813 0.0308686 0.0303300 0.0311354 0.0311207 0.0303345 0.0303245 0.0303245 0.0307139 0.0219496 0.0226711 0.0286595 0.0218791 0.0271635 0.0251993 0.0373592 0.0397072 0.0373125 0.0340957 0.0387019 0.0388723 0.0373842 0.0396431 0.0389583 0.0380697 0.0381138 0.0387956 0.0389305 0.0397259 0.0388636 0.0371956 0.0365168 0.0318733 0.0318413 0.0334377 0.0334377 0.0341990 0.0349755 0.0341272 0.0318079 0.0319403 0.0333828 0.0326218 0.0326992 0.0302789 0.0318545 0.0318089 0.0288822 0.0310665 0.0318039 0.0310905 0.0302329 0.0310726 0.0271966 0.0279562 0.0279562 0.0294694 0.0302608 0.0287692 0.0311508 0.0287953 0.0295150 0.0287361 0.0302709 0.0302748 0.0302471 0.0287695 0.0295606 0.0279989 0.0295165 0.0264684 0.0287321 0.0271963 0.0288034 0.0271882 0.0287347 0.0287577 0.0272296 0.0279679 0.0279485 0.0283340 0.0279454 0.0265754 0.0272127 0.0256713 0.0256713 0.0250748 0.0249225 0.0249225 
KU188509.1_Symbiodinium_sp.                                        0.0650354 0.0591783 0.0324267 0.0303090 0.0287740 0.0107495 0.0085648 0.0049709 0.0071175 0.0042590 0.0049832 0.0028344 0.0056923 0.0049742 0.0035471 0.0028332 0.0028332 0.0035582 0.0042550 0.0035517 0.0021231 0.0035481 0.0028328 0.0014131 0.0014136 0.0021221 0.0007056 0.0007066 0.0000000 0.0014133 0.0000010 0.0000010 0.0000010 0.0007060 0.0007056 0.0007056 0.0007177 0.0358084 0.0319406 0.0318552 0.0310869 0.0310869 0.0300638 0.0295204 0.0303424 0.0303282 0.0295445 0.0295348 0.0295348 0.0299134 0.0211825 0.0219031 0.0278777 0.0211145 0.0263850 0.0244167 0.0365492 0.0388910 0.0365036 0.0332979 0.0378929 0.0380594 0.0365736 0.0388283 0.0381433 0.0372594 0.0373024 0.0379845 0.0381162 0.0389093 0.0380509 0.0363895 0.0357105 0.0310791 0.0310481 0.0326389 0.0326389 0.0333984 0.0341729 0.0333285 0.0310156 0.0311443 0.0325854 0.0318262 0.0319015 0.0294904 0.0310609 0.0310165 0.0280939 0.0302754 0.0310116 0.0302988 0.0294458 0.0302813 0.0264171 0.0271748 0.0271748 0.0286842 0.0294729 0.0279842 0.0303574 0.0280095 0.0287285 0.0279520 0.0294827 0.0294864 0.0294595 0.0279845 0.0287728 0.0272161 0.0287299 0.0256898 0.0279482 0.0264168 0.0280173 0.0264089 0.0279507 0.0279730 0.0264491 0.0271860 0.0271672 0.0275413 0.0271642 0.0257935 0.0264327 0.0248960 0.0248960 0.0242963 0.0241490 0.0241490 
