130
GU362426_Gymnodinium_catenatum                                     0.0000000 0.0454307 0.0658686 0.0705532 0.0688434 0.0773531 0.0754835 0.0693805 0.0736624 0.0649094 0.0679389 0.0686384 0.0720505 0.0711680 0.0694615 0.0685454 0.0685454 0.0663245 0.0668471 0.0661931 0.0660196 0.0661201 0.0685923 0.0668390 0.0668709 0.0676626 0.0660242 0.0660733 0.0651667 0.0667973 0.0651138 0.0651138 0.0659992 0.0659927 0.0659392 0.0659392 0.0653708 0.0735470 0.0674510 0.0672509 0.0664091 0.0664091 0.0658952 0.0665631 0.0665597 0.0655875 0.0656359 0.0664897 0.0664897 0.0673919 0.0630244 0.0628630 0.0678359 0.0636224 0.0662180 0.0645206 0.0742831 0.0768672 0.0741852 0.0695746 0.0695059 0.0750486 0.0732664 0.0767427 0.0760888 0.0749912 0.0742409 0.0731350 0.0734223 0.0769217 0.0741914 0.0739368 0.0715437 0.0697770 0.0696977 0.0697977 0.0697977 0.0724541 0.0707647 0.0705441 0.0696959 0.0708610 0.0681037 0.0706443 0.0708346 0.0636076 0.0698088 0.0696905 0.0666061 0.0689125 0.0680140 0.0657390 0.0670602 0.0680408 0.0604299 0.0596184 0.0596184 0.0670536 0.0679648 0.0663652 0.0691122 0.0664359 0.0680099 0.0662903 0.0679952 0.0680023 0.0679325 0.0672259 0.0664468 0.0655122 0.0671776 0.0612758 0.0662766 0.0662196 0.0664590 0.0645359 0.0637889 0.0663442 0.0620072 0.0654265 0.0653819 0.0663354 0.0653663 0.0640759 0.0646026 0.0628625 0.0628625 0.0632953 0.0636957 0.0636957 
EF492511                                                           0.0454307 0.0000000 0.0450680 0.0638432 0.0621788 0.0677096 0.0650755 0.0633193 0.0633320 0.0614677 0.0618944 0.0626387 0.0617647 0.0609154 0.0592692 0.0583948 0.0583948 0.0603178 0.0608532 0.0602005 0.0600465 0.0601353 0.0625979 0.0608954 0.0609236 0.0600184 0.0600990 0.0601424 0.0592651 0.0591812 0.0591706 0.0591706 0.0599589 0.0583968 0.0583503 0.0583503 0.0576422 0.0665590 0.0606492 0.0604751 0.0580409 0.0580409 0.0573690 0.0579370 0.0614561 0.0588566 0.0605619 0.0597272 0.0597272 0.0605200 0.0531725 0.0521094 0.0537607 0.0513538 0.0522000 0.0504174 0.0681064 0.0706195 0.0680185 0.0619915 0.0627855 0.0655689 0.0654900 0.0688561 0.0682011 0.0671616 0.0655565 0.0653767 0.0656257 0.0690125 0.0663801 0.0661582 0.0654564 0.0638527 0.0637827 0.0647267 0.0647267 0.0646973 0.0646914 0.0628673 0.0636705 0.0631744 0.0621389 0.0629539 0.0622936 0.0586479 0.0621418 0.0612202 0.0590562 0.0612782 0.0620333 0.0581782 0.0578472 0.0604352 0.0530598 0.0522702 0.0522702 0.0594932 0.0603700 0.0588094 0.0614506 0.0588699 0.0604088 0.0587439 0.0603957 0.0604022 0.0595253 0.0588144 0.0588795 0.0579824 0.0587838 0.0553824 0.0587326 0.0586832 0.0588897 0.0570505 0.0579234 0.0587903 0.0546200 0.0579089 0.0562639 0.0570661 0.0578574 0.0565640 0.0571081 0.0554271 0.0554271 0.0557999 0.0562359 0.0562359 
JF791031                                                           0.0658686 0.0450680 0.0000000 0.0417848 0.0401832 0.0404018 0.0387718 0.0379491 0.0371386 0.0354430 0.0348235 0.0356442 0.0355810 0.0348054 0.0332333 0.0324212 0.0324212 0.0332946 0.0339227 0.0332303 0.0331481 0.0331947 0.0356221 0.0340192 0.0340341 0.0332024 0.0332475 0.0332704 0.0324574 0.0324110 0.0324060 0.0324060 0.0328315 0.0316487 0.0316236 0.0316236 0.0313665 0.0442329 0.0402403 0.0401282 0.0393357 0.0393357 0.0392272 0.0379123 0.0393621 0.0385553 0.0385264 0.0377282 0.0377282 0.0382237 0.0322083 0.0336873 0.0375287 0.0336361 0.0359942 0.0340714 0.0449197 0.0473323 0.0448624 0.0407568 0.0431122 0.0440574 0.0449307 0.0472353 0.0465498 0.0456131 0.0456691 0.0455322 0.0457001 0.0473576 0.0464352 0.0455582 0.0448770 0.0409008 0.0408575 0.0417368 0.0417368 0.0392393 0.0424379 0.0408285 0.0400087 0.0402076 0.0416411 0.0408569 0.0393832 0.0384338 0.0400705 0.0376513 0.0362422 0.0392145 0.0384150 0.0377737 0.0375903 0.0392584 0.0329176 0.0321496 0.0321496 0.0375858 0.0384094 0.0361069 0.0393611 0.0369178 0.0368700 0.0368401 0.0384242 0.0384290 0.0360557 0.0368832 0.0369239 0.0376488 0.0360895 0.0368603 0.0352694 0.0336897 0.0369296 0.0352343 0.0368367 0.0368682 0.0337161 0.0360444 0.0360206 0.0356877 0.0360140 0.0346495 0.0352694 0.0336728 0.0336728 0.0338952 0.0329041 0.0329041 
AY160124.1_Symbiodinium_sp._G15                                    0.0705532 0.0638432 0.0417848 0.0000000 0.0014078 0.0396969 0.0388353 0.0357088 0.0372306 0.0332663 0.0342571 0.0334512 0.0357282 0.0349383 0.0333935 0.0325953 0.0325953 0.0327532 0.0333732 0.0326910 0.0310821 0.0326566 0.0334310 0.0318652 0.0318787 0.0325968 0.0311096 0.0311305 0.0303372 0.0318204 0.0302900 0.0302900 0.0306800 0.0310722 0.0310480 0.0310480 0.0300017 0.0402527 0.0363666 0.0362680 0.0354965 0.0354965 0.0345368 0.0348688 0.0355196 0.0347358 0.0347103 0.0339343 0.0339343 0.0343701 0.0309043 0.0338884 0.0361335 0.0315562 0.0346269 0.0327252 0.0434162 0.0457844 0.0433617 0.0408678 0.0439580 0.0457186 0.0450075 0.0464990 0.0458228 0.0449035 0.0433652 0.0456231 0.0457888 0.0457131 0.0457119 0.0440053 0.0433336 0.0402130 0.0401711 0.0401680 0.0401680 0.0417824 0.0410022 0.0409114 0.0377918 0.0403010 0.0401613 0.0393920 0.0394897 0.0331697 0.0386205 0.0385600 0.0356345 0.0386011 0.0385560 0.0356011 0.0354265 0.0378246 0.0308533 0.0316157 0.0316157 0.0361875 0.0369940 0.0354941 0.0379218 0.0370636 0.0370164 0.0354545 0.0370080 0.0370125 0.0362096 0.0354952 0.0363015 0.0347157 0.0362484 0.0354781 0.0354491 0.0338940 0.0355391 0.0338807 0.0354513 0.0354810 0.0331601 0.0346744 0.0346519 0.0351326 0.0346458 0.0332998 0.0339139 0.0323489 0.0323489 0.0317835 0.0315944 0.0315944 
HE653239_Symbiodinium_voratum                                      0.0688434 0.0621788 0.0401832 0.0014078 0.0000000 0.0381216 0.0372666 0.0341522 0.0356697 0.0317244 0.0327015 0.0319002 0.0341708 0.0333844 0.0318453 0.0310514 0.0310514 0.0312014 0.0318260 0.0311423 0.0295426 0.0311095 0.0318810 0.0303222 0.0303350 0.0310527 0.0295687 0.0295886 0.0287995 0.0302796 0.0287548 0.0287548 0.0291243 0.0295333 0.0295103 0.0295103 0.0284437 0.0386844 0.0348126 0.0347185 0.0339499 0.0339499 0.0329685 0.0332848 0.0339718 0.0331915 0.0331673 0.0323944 0.0323944 0.0328098 0.0293743 0.0323508 0.0345901 0.0300290 0.0330878 0.0311753 0.0418352 0.0441947 0.0417828 0.0393035 0.0423836 0.0441312 0.0434201 0.0449090 0.0442314 0.0433201 0.0417862 0.0440394 0.0441988 0.0441259 0.0441248 0.0424290 0.0417559 0.0386463 0.0386061 0.0386032 0.0386032 0.0402096 0.0394323 0.0393452 0.0362376 0.0387304 0.0385966 0.0378301 0.0379236 0.0316326 0.0370611 0.0370032 0.0340814 0.0370425 0.0369993 0.0340496 0.0338832 0.0362689 0.0293259 0.0300855 0.0300855 0.0346416 0.0354438 0.0339476 0.0363619 0.0355102 0.0354651 0.0339097 0.0354571 0.0354614 0.0346627 0.0339485 0.0347505 0.0331723 0.0346997 0.0339324 0.0339046 0.0323560 0.0339904 0.0323434 0.0339068 0.0339350 0.0316235 0.0331330 0.0331116 0.0335701 0.0331058 0.0317564 0.0323750 0.0308173 0.0308173 0.0302448 0.0300652 0.0300652 
AJ271758.1_Symbiodinium_sp.                                        0.0773531 0.0677096 0.0404018 0.0396969 0.0381216 0.0000000 0.0136472 0.0158555 0.0121746 0.0151268 0.0158946 0.0136830 0.0107385 0.0100094 0.0085650 0.0078385 0.0078385 0.0144439 0.0151118 0.0144171 0.0129256 0.0144022 0.0136752 0.0122059 0.0122108 0.0114672 0.0114823 0.0114897 0.0107528 0.0107379 0.0107365 0.0107365 0.0108717 0.0100196 0.0100120 0.0100120 0.0101757 0.0453544 0.0413917 0.0412773 0.0404906 0.0404906 0.0395976 0.0391142 0.0397366 0.0397163 0.0389080 0.0388942 0.0388942 0.0394004 0.0311109 0.0318392 0.0363812 0.0310089 0.0348638 0.0329510 0.0453136 0.0477085 0.0452563 0.0419463 0.0466368 0.0468470 0.0453467 0.0476346 0.0469548 0.0460233 0.0460795 0.0467481 0.0469196 0.0477338 0.0468400 0.0451140 0.0444385 0.0397007 0.0396591 0.0397393 0.0397393 0.0420833 0.0428702 0.0419916 0.0396196 0.0397879 0.0412352 0.0404588 0.0405601 0.0380603 0.0396802 0.0396175 0.0366695 0.0388710 0.0388362 0.0396815 0.0379992 0.0388763 0.0356796 0.0364553 0.0364553 0.0372213 0.0380363 0.0365236 0.0389771 0.0381085 0.0372801 0.0364826 0.0380509 0.0380556 0.0380182 0.0365248 0.0373397 0.0357378 0.0372845 0.0357354 0.0364769 0.0349069 0.0365704 0.0348931 0.0364793 0.0365101 0.0349489 0.0356949 0.0356715 0.0361704 0.0356651 0.0343122 0.0349275 0.0333470 0.0333470 0.0327848 0.0325858 0.0325858 
AJ271759.1_Symbiodinium_sp.                                        0.0754835 0.0650755 0.0387718 0.0388353 0.0372666 0.0136472 0.0000000 0.0136361 0.0099850 0.0129117 0.0136696 0.0114735 0.0085556 0.0078323 0.0063975 0.0056774 0.0056774 0.0122260 0.0128990 0.0122033 0.0107258 0.0121908 0.0114671 0.0100097 0.0100136 0.0092779 0.0092902 0.0092960 0.0085670 0.0085551 0.0085540 0.0085540 0.0086605 0.0078403 0.0078343 0.0078343 0.0079619 0.0444677 0.0405210 0.0404094 0.0396259 0.0396259 0.0387222 0.0382341 0.0388742 0.0388544 0.0380499 0.0380364 0.0380364 0.0385300 0.0302845 0.0310109 0.0355373 0.0301854 0.0340252 0.0321101 0.0444279 0.0468130 0.0443719 0.0410782 0.0457507 0.0459561 0.0444602 0.0467407 0.0460614 0.0451364 0.0451912 0.0458595 0.0460271 0.0468376 0.0459493 0.0442328 0.0435579 0.0388392 0.0387986 0.0388768 0.0388768 0.0412118 0.0419955 0.0411223 0.0371890 0.0389242 0.0403683 0.0395949 0.0396936 0.0372071 0.0388193 0.0387581 0.0358178 0.0380138 0.0387540 0.0380402 0.0371475 0.0380190 0.0340655 0.0348368 0.0348368 0.0363727 0.0371837 0.0356760 0.0381172 0.0357101 0.0364299 0.0356360 0.0371978 0.0372024 0.0371660 0.0356771 0.0364879 0.0348933 0.0364342 0.0348911 0.0356305 0.0340670 0.0357214 0.0340536 0.0356328 0.0356627 0.0341079 0.0348516 0.0348289 0.0353146 0.0348227 0.0334705 0.0340871 0.0325136 0.0325136 0.0319485 0.0317552 0.0317552 
AJ271754.1_Symbiodinium_sp.                                        0.0693805 0.0633193 0.0379491 0.0357088 0.0341522 0.0158555 0.0136361 0.0000000 0.0121650 0.0092767 0.0100197 0.0078478 0.0107301 0.0100015 0.0085583 0.0078324 0.0078324 0.0085852 0.0092678 0.0085693 0.0071141 0.0085605 0.0078434 0.0064020 0.0064045 0.0071111 0.0056879 0.0056914 0.0049719 0.0063931 0.0049644 0.0049644 0.0050259 0.0056814 0.0056771 0.0056771 0.0057691 0.0397305 0.0358244 0.0357267 0.0349513 0.0349513 0.0339801 0.0334611 0.0342038 0.0341865 0.0333933 0.0333815 0.0333815 0.0338127 0.0249451 0.0256687 0.0316899 0.0248640 0.0301877 0.0282450 0.0404752 0.0428393 0.0404244 0.0371727 0.0418086 0.0419949 0.0405044 0.0427733 0.0420902 0.0411847 0.0404535 0.0411278 0.0412765 0.0428614 0.0404015 0.0402985 0.0396200 0.0349427 0.0349065 0.0365197 0.0365197 0.0372922 0.0380695 0.0372120 0.0348721 0.0350184 0.0364616 0.0356946 0.0357828 0.0333325 0.0349251 0.0348704 0.0319381 0.0341291 0.0348668 0.0333757 0.0332795 0.0341337 0.0302235 0.0309881 0.0309881 0.0325114 0.0333117 0.0325727 0.0342214 0.0318429 0.0325621 0.0317771 0.0333241 0.0333282 0.0332958 0.0318135 0.0326136 0.0310377 0.0325658 0.0279597 0.0317724 0.0302246 0.0318529 0.0302129 0.0317743 0.0318007 0.0302608 0.0310010 0.0309808 0.0314111 0.0309756 0.0296143 0.0302424 0.0286866 0.0286866 0.0281031 0.0279339 0.0279339 
AJ271756.1_Symbiodinium_sp.                                        0.0736624 0.0633320 0.0371386 0.0372306 0.0356697 0.0121746 0.0099850 0.0121650 0.0000000 0.0114435 0.0121955 0.0100109 0.0071095 0.0063901 0.0049618 0.0042461 0.0042461 0.0107561 0.0114324 0.0107360 0.0092694 0.0107251 0.0100053 0.0085555 0.0085588 0.0078283 0.0078387 0.0078436 0.0071190 0.0071091 0.0071082 0.0071082 0.0071965 0.0063966 0.0063918 0.0063918 0.0064955 0.0428319 0.0389038 0.0387972 0.0380173 0.0380173 0.0370914 0.0365933 0.0372680 0.0372491 0.0364494 0.0364365 0.0364365 0.0369081 0.0287226 0.0294475 0.0339565 0.0286289 0.0324502 0.0305258 0.0427937 0.0451674 0.0427399 0.0394673 0.0441194 0.0443166 0.0428247 0.0450978 0.0444177 0.0435018 0.0435544 0.0442240 0.0443848 0.0451909 0.0443102 0.0426065 0.0419309 0.0372345 0.0371958 0.0372704 0.0372704 0.0395949 0.0403751 0.0395094 0.0355960 0.0365413 0.0387577 0.0379878 0.0380821 0.0356133 0.0372156 0.0371572 0.0342234 0.0364149 0.0371533 0.0364402 0.0355565 0.0364199 0.0324886 0.0332563 0.0332563 0.0347853 0.0355909 0.0340886 0.0365136 0.0341210 0.0348397 0.0340504 0.0356044 0.0356087 0.0355740 0.0340895 0.0348950 0.0333099 0.0348438 0.0333078 0.0340452 0.0324899 0.0341317 0.0309546 0.0340473 0.0340758 0.0325288 0.0332703 0.0332486 0.0337110 0.0332428 0.0318884 0.0325090 0.0309446 0.0309446 0.0303725 0.0301893 0.0301893 
AJ271764.1_Symbiodinium_sp.                                        0.0649094 0.0614677 0.0354430 0.0332663 0.0317244 0.0151268 0.0129117 0.0092767 0.0114435 0.0000000 0.0092992 0.0071307 0.0100096 0.0092823 0.0078411 0.0071167 0.0071167 0.0078658 0.0085505 0.0078511 0.0063994 0.0078431 0.0071268 0.0056878 0.0056900 0.0063967 0.0049744 0.0049774 0.0042595 0.0056799 0.0042531 0.0042531 0.0043057 0.0049687 0.0049649 0.0049649 0.0050454 0.0372439 0.0333733 0.0332832 0.0325148 0.0325148 0.0315125 0.0309795 0.0309903 0.0317564 0.0301925 0.0309609 0.0309609 0.0313584 0.0240979 0.0233122 0.0308063 0.0240200 0.0293122 0.0273708 0.0364214 0.0387548 0.0363760 0.0331793 0.0377603 0.0379265 0.0364474 0.0386957 0.0380113 0.0371291 0.0371732 0.0378487 0.0379841 0.0387744 0.0379213 0.0362640 0.0355845 0.0309672 0.0309355 0.0325214 0.0325214 0.0332844 0.0340521 0.0332137 0.0309054 0.0310333 0.0324699 0.0317122 0.0317897 0.0293852 0.0309519 0.0309040 0.0279910 0.0301686 0.0309007 0.0309448 0.0301138 0.0301726 0.0270683 0.0278243 0.0278243 0.0285805 0.0293669 0.0278826 0.0302494 0.0279086 0.0286245 0.0278514 0.0293776 0.0293813 0.0293529 0.0278830 0.0286693 0.0271181 0.0286277 0.0255963 0.0278475 0.0263213 0.0279172 0.0263113 0.0278491 0.0278719 0.0263527 0.0270865 0.0270690 0.0274421 0.0270646 0.0256994 0.0263368 0.0248046 0.0248046 0.0242049 0.0240603 0.0240603 
L13718.1_Symbiodinium_meandrinae                                   0.0679389 0.0618944 0.0348235 0.0342571 0.0327015 0.0158946 0.0136696 0.0100197 0.0121955 0.0092992 0.0000000 0.0078668 0.0107561 0.0100257 0.0085790 0.0078513 0.0078513 0.0014193 0.0035451 0.0028408 0.0028344 0.0028380 0.0078624 0.0064175 0.0064199 0.0071282 0.0057016 0.0057051 0.0049839 0.0064085 0.0049763 0.0049763 0.0050382 0.0056951 0.0056908 0.0056908 0.0057833 0.0398338 0.0359169 0.0358188 0.0350412 0.0350412 0.0340689 0.0327288 0.0342918 0.0342744 0.0334789 0.0334671 0.0334671 0.0339006 0.0265191 0.0272451 0.0332982 0.0264326 0.0317886 0.0298531 0.0421471 0.0445253 0.0420939 0.0388174 0.0434790 0.0436738 0.0421777 0.0444565 0.0437735 0.0428577 0.0429096 0.0435823 0.0437411 0.0445486 0.0428662 0.0419623 0.0412838 0.0365786 0.0365406 0.0381661 0.0381661 0.0389431 0.0397248 0.0388588 0.0365044 0.0366584 0.0381052 0.0373338 0.0374267 0.0349557 0.0365600 0.0365026 0.0335604 0.0341944 0.0364987 0.0342406 0.0348999 0.0357632 0.0303004 0.0295432 0.0295432 0.0341273 0.0349338 0.0334279 0.0358555 0.0334598 0.0341808 0.0333903 0.0349469 0.0349513 0.0349171 0.0334288 0.0342351 0.0326480 0.0341848 0.0310949 0.0333853 0.0318276 0.0334703 0.0318151 0.0333874 0.0334153 0.0318658 0.0326091 0.0325878 0.0330422 0.0325822 0.0312217 0.0318464 0.0302798 0.0302798 0.0297027 0.0295231 0.0295231 
KU188508.1_Symbiodinium_sp.                                        0.0686384 0.0626387 0.0356442 0.0334512 0.0319002 0.0136830 0.0114735 0.0078478 0.0100109 0.0071307 0.0078668 0.0000000 0.0085778 0.0078526 0.0064140 0.0056921 0.0056921 0.0064342 0.0071238 0.0064222 0.0049762 0.0064157 0.0056915 0.0042584 0.0042600 0.0049741 0.0035469 0.0035491 0.0028347 0.0042589 0.0028347 0.0028347 0.0028698 0.0035483 0.0035456 0.0035456 0.0036030 0.0390098 0.0351041 0.0350084 0.0342331 0.0342331 0.0332501 0.0327256 0.0334851 0.0334682 0.0326755 0.0326639 0.0326639 0.0330863 0.0242295 0.0249539 0.0309759 0.0241507 0.0294733 0.0275225 0.0389703 0.0413299 0.0389214 0.0364563 0.0410925 0.0412755 0.0397839 0.0420540 0.0413692 0.0404659 0.0405146 0.0411897 0.0413389 0.0421406 0.0412697 0.0395816 0.0389014 0.0342246 0.0341892 0.0358010 0.0358010 0.0365734 0.0373507 0.0364948 0.0341555 0.0342987 0.0357439 0.0349769 0.0350634 0.0326160 0.0342074 0.0341539 0.0312186 0.0334120 0.0341503 0.0334353 0.0325642 0.0334165 0.0295084 0.0302729 0.0302729 0.0317961 0.0325956 0.0310961 0.0335024 0.0311255 0.0318457 0.0310611 0.0326077 0.0326118 0.0325800 0.0310967 0.0318961 0.0303212 0.0318493 0.0287785 0.0310566 0.0295093 0.0311352 0.0294979 0.0310585 0.0310843 0.0295447 0.0302854 0.0302657 0.0306864 0.0302606 0.0288955 0.0295268 0.0279719 0.0279719 0.0273841 0.0272190 0.0272190 
AB055917.1_Symbiodinium_sp.                                        0.0720505 0.0617647 0.0355810 0.0357282 0.0341708 0.0107385 0.0085556 0.0107301 0.0071095 0.0100096 0.0107561 0.0085778 0.0000000 0.0049684 0.0035429 0.0028297 0.0028297 0.0093187 0.0099999 0.0093013 0.0078406 0.0092918 0.0085730 0.0071271 0.0071298 0.0064028 0.0064112 0.0064152 0.0056932 0.0056853 0.0056846 0.0056846 0.0057552 0.0049734 0.0049697 0.0049697 0.0043261 0.0413139 0.0373937 0.0372914 0.0365132 0.0365132 0.0347859 0.0342719 0.0357642 0.0357461 0.0349489 0.0349366 0.0349366 0.0353887 0.0272398 0.0279650 0.0324686 0.0271510 0.0309640 0.0290264 0.0412771 0.0436459 0.0412252 0.0379644 0.0426087 0.0403958 0.0389086 0.0411712 0.0404870 0.0395900 0.0411949 0.0418675 0.0420189 0.0436685 0.0419486 0.0410967 0.0404188 0.0357320 0.0356950 0.0357665 0.0357665 0.0372574 0.0364875 0.0380046 0.0356598 0.0358096 0.0372533 0.0364849 0.0365753 0.0341171 0.0357140 0.0356580 0.0327234 0.0349159 0.0356543 0.0349403 0.0340627 0.0349206 0.0310007 0.0317669 0.0317669 0.0332931 0.0340957 0.0325947 0.0350105 0.0326256 0.0333451 0.0325581 0.0341085 0.0341127 0.0340794 0.0325955 0.0333980 0.0318179 0.0333490 0.0318159 0.0325533 0.0310019 0.0326358 0.0309898 0.0325553 0.0325824 0.0310391 0.0317801 0.0317595 0.0322011 0.0317540 0.0303942 0.0310202 0.0294604 0.0294604 0.0288805 0.0287063 0.0287063 
AJ271757.1_Symbiodinium_sp.                                        0.0711680 0.0609154 0.0348054 0.0349383 0.0333844 0.0100094 0.0078323 0.0100015 0.0063901 0.0092823 0.0100257 0.0078526 0.0049684 0.0000000 0.0028305 0.0021195 0.0021195 0.0085904 0.0092734 0.0085744 0.0071184 0.0085657 0.0078482 0.0064059 0.0064084 0.0056838 0.0056913 0.0056949 0.0049749 0.0049680 0.0049674 0.0049674 0.0050290 0.0042573 0.0042541 0.0042541 0.0043230 0.0405103 0.0365982 0.0364982 0.0357216 0.0357216 0.0347617 0.0342478 0.0349736 0.0349559 0.0341609 0.0341488 0.0341488 0.0345903 0.0264689 0.0271935 0.0316896 0.0263827 0.0301875 0.0282449 0.0404743 0.0428381 0.0404234 0.0371720 0.0418076 0.0419938 0.0405035 0.0427722 0.0420891 0.0411837 0.0412333 0.0419065 0.0412756 0.0428603 0.0419878 0.0402976 0.0396192 0.0349422 0.0349060 0.0349758 0.0349758 0.0372915 0.0380688 0.0372113 0.0348716 0.0350179 0.0364610 0.0356940 0.0357823 0.0333321 0.0349246 0.0348700 0.0319378 0.0341287 0.0348663 0.0341525 0.0332791 0.0341333 0.0302233 0.0309879 0.0309879 0.0325110 0.0333113 0.0318125 0.0342210 0.0318426 0.0325617 0.0317768 0.0333237 0.0333278 0.0332954 0.0318132 0.0326133 0.0310374 0.0325655 0.0310355 0.0317721 0.0302244 0.0318525 0.0302127 0.0317740 0.0318004 0.0302606 0.0310007 0.0309806 0.0314109 0.0309753 0.0296141 0.0302422 0.0286865 0.0286865 0.0281030 0.0279338 0.0279338 
AB863030.1_Symbiodinium_sp.                                        0.0694615 0.0592692 0.0332333 0.0333935 0.0318453 0.0085650 0.0063975 0.0085583 0.0049618 0.0078411 0.0085790 0.0064140 0.0035429 0.0028305 0.0000000 0.0007046 0.0007046 0.0071466 0.0078336 0.0071334 0.0056852 0.0071261 0.0064105 0.0049740 0.0049759 0.0042557 0.0042613 0.0042640 0.0035476 0.0035426 0.0035422 0.0035422 0.0035861 0.0028334 0.0028313 0.0028313 0.0028770 0.0389422 0.0350433 0.0349480 0.0341740 0.0341740 0.0331918 0.0326678 0.0334273 0.0334105 0.0326192 0.0326077 0.0326077 0.0330286 0.0249555 0.0256793 0.0301639 0.0248743 0.0286657 0.0267120 0.0389077 0.0412633 0.0388588 0.0356237 0.0402452 0.0404239 0.0389356 0.0411999 0.0405153 0.0396175 0.0396650 0.0403402 0.0404858 0.0412845 0.0404182 0.0387382 0.0380583 0.0333974 0.0333629 0.0334294 0.0334294 0.0357378 0.0365125 0.0356612 0.0333302 0.0334694 0.0349122 0.0341477 0.0342319 0.0317959 0.0333807 0.0333286 0.0303995 0.0325885 0.0333251 0.0326112 0.0317454 0.0325928 0.0286997 0.0294616 0.0294616 0.0309799 0.0317760 0.0302806 0.0326764 0.0303091 0.0310281 0.0302466 0.0317877 0.0317917 0.0317608 0.0302812 0.0310771 0.0295085 0.0310316 0.0295067 0.0302422 0.0287006 0.0303185 0.0286895 0.0302440 0.0302690 0.0287349 0.0294737 0.0294546 0.0298631 0.0294497 0.0280848 0.0287175 0.0271687 0.0271687 0.0265779 0.0264181 0.0264181 
AB016579.1_Symbiodinium_sp.                                        0.0685454 0.0583948 0.0324212 0.0325953 0.0310514 0.0078385 0.0056774 0.0078324 0.0042461 0.0071167 0.0078513 0.0056921 0.0028297 0.0021195 0.0007046 0.0000000 0.0000010 0.0064215 0.0071099 0.0064096 0.0049665 0.0064031 0.0056890 0.0042565 0.0042582 0.0035407 0.0035454 0.0035476 0.0028335 0.0028295 0.0028292 0.0028292 0.0028642 0.0021216 0.0021200 0.0021200 0.0021542 0.0381271 0.0342386 0.0341456 0.0333737 0.0333737 0.0323809 0.0318521 0.0326283 0.0326120 0.0318232 0.0318120 0.0318120 0.0322220 0.0241805 0.0249034 0.0293783 0.0241020 0.0278833 0.0259256 0.0380934 0.0404427 0.0380457 0.0348218 0.0394319 0.0396066 0.0381207 0.0403807 0.0396958 0.0388028 0.0388492 0.0395248 0.0396671 0.0404634 0.0396010 0.0379278 0.0372477 0.0325992 0.0325656 0.0326304 0.0326304 0.0349329 0.0357057 0.0348582 0.0325337 0.0326693 0.0341107 0.0333481 0.0334301 0.0310034 0.0325829 0.0325322 0.0296071 0.0317934 0.0325288 0.0318155 0.0309543 0.0317976 0.0279164 0.0286763 0.0286763 0.0301909 0.0309841 0.0294917 0.0318790 0.0295194 0.0302377 0.0294586 0.0309955 0.0309994 0.0309693 0.0294922 0.0302853 0.0287218 0.0302411 0.0287201 0.0294544 0.0279172 0.0295285 0.0279064 0.0294561 0.0294804 0.0279506 0.0286880 0.0286694 0.0290664 0.0286647 0.0272991 0.0279336 0.0263896 0.0263896 0.0257956 0.0256408 0.0256408 
AB016572.1_Symbiodinium_sp.                                        0.0685454 0.0583948 0.0324212 0.0325953 0.0310514 0.0078385 0.0056774 0.0078324 0.0042461 0.0071167 0.0078513 0.0056921 0.0028297 0.0021195 0.0007046 0.0000010 0.0000000 0.0064215 0.0071099 0.0064096 0.0049665 0.0064031 0.0056890 0.0042565 0.0042582 0.0035407 0.0035454 0.0035476 0.0028335 0.0028295 0.0028292 0.0028292 0.0028642 0.0021216 0.0021200 0.0021200 0.0021542 0.0381271 0.0342386 0.0341456 0.0333737 0.0333737 0.0323809 0.0318521 0.0326283 0.0326120 0.0318232 0.0318120 0.0318120 0.0322220 0.0241805 0.0249034 0.0293783 0.0241020 0.0278833 0.0259256 0.0380934 0.0404427 0.0380457 0.0348218 0.0394319 0.0396066 0.0381207 0.0403807 0.0396958 0.0388028 0.0388492 0.0395248 0.0396671 0.0404634 0.0396010 0.0379278 0.0372477 0.0325992 0.0325656 0.0326304 0.0326304 0.0349329 0.0357057 0.0348582 0.0325337 0.0326693 0.0341107 0.0333481 0.0334301 0.0310034 0.0325829 0.0325322 0.0296071 0.0317934 0.0325288 0.0318155 0.0309543 0.0317976 0.0279164 0.0286763 0.0286763 0.0301909 0.0309841 0.0294917 0.0318790 0.0295194 0.0302377 0.0294586 0.0309955 0.0309994 0.0309693 0.0294922 0.0302853 0.0287218 0.0302411 0.0287201 0.0294544 0.0279172 0.0295285 0.0279064 0.0294561 0.0294804 0.0279506 0.0286880 0.0286694 0.0290664 0.0286647 0.0272991 0.0279336 0.0263896 0.0263896 0.0257956 0.0256408 0.0256408 
L13717.1_Symbiodinium_corculorum                                   0.0663245 0.0603178 0.0332946 0.0327532 0.0312014 0.0144439 0.0122260 0.0085852 0.0107561 0.0078658 0.0014193 0.0064342 0.0093187 0.0085904 0.0071466 0.0064215 0.0064215 0.0000000 0.0021263 0.0014199 0.0014167 0.0014185 0.0064306 0.0049896 0.0049915 0.0057005 0.0042747 0.0042773 0.0035587 0.0049826 0.0035533 0.0035533 0.0035974 0.0042698 0.0042666 0.0042666 0.0043359 0.0375392 0.0344052 0.0343114 0.0335355 0.0335355 0.0325404 0.0311929 0.0327865 0.0327700 0.0319772 0.0319658 0.0319658 0.0323798 0.0250355 0.0257616 0.0318048 0.0249538 0.0302972 0.0283485 0.0406237 0.0429966 0.0405725 0.0373082 0.0419613 0.0421489 0.0406531 0.0429302 0.0422449 0.0413356 0.0413855 0.0420609 0.0422138 0.0430189 0.0413438 0.0404457 0.0397651 0.0350703 0.0350338 0.0366533 0.0366533 0.0374286 0.0382088 0.0373478 0.0349992 0.0351465 0.0365947 0.0358249 0.0359138 0.0334539 0.0350525 0.0349975 0.0320548 0.0326936 0.0349938 0.0327378 0.0334005 0.0342582 0.0288102 0.0280542 0.0280542 0.0326295 0.0334329 0.0319286 0.0343465 0.0319589 0.0326806 0.0318926 0.0334454 0.0334496 0.0334169 0.0319293 0.0327325 0.0311506 0.0326844 0.0296016 0.0318879 0.0303343 0.0319689 0.0303225 0.0318899 0.0319165 0.0303708 0.0311136 0.0310933 0.0315268 0.0310880 0.0297223 0.0303523 0.0287906 0.0287906 0.0282056 0.0280351 0.0280351 
AB055918.1_Symbiodinium_sp.                                        0.0668471 0.0608532 0.0339227 0.0333732 0.0318260 0.0151118 0.0128990 0.0092678 0.0114324 0.0085505 0.0035451 0.0071238 0.0099999 0.0092734 0.0078336 0.0071099 0.0071099 0.0021263 0.0000000 0.0021224 0.0021176 0.0021203 0.0071199 0.0056823 0.0056845 0.0063905 0.0049696 0.0049727 0.0042554 0.0056744 0.0042490 0.0042490 0.0043016 0.0049639 0.0049602 0.0049602 0.0050405 0.0389181 0.0350219 0.0349267 0.0341532 0.0341532 0.0331714 0.0318324 0.0334070 0.0333902 0.0325994 0.0325879 0.0325879 0.0330083 0.0256773 0.0264005 0.0324242 0.0255939 0.0309217 0.0289863 0.0412202 0.0435856 0.0411684 0.0379123 0.0425502 0.0427398 0.0412499 0.0435186 0.0428369 0.0419287 0.0419792 0.0426508 0.0428054 0.0436082 0.0427337 0.0410402 0.0403632 0.0356829 0.0356460 0.0372615 0.0372615 0.0380343 0.0388120 0.0379525 0.0356109 0.0357603 0.0372022 0.0364348 0.0365249 0.0340703 0.0356649 0.0356091 0.0326783 0.0348680 0.0356054 0.0333574 0.0340161 0.0348727 0.0294401 0.0286865 0.0286865 0.0332475 0.0340490 0.0325500 0.0349623 0.0325809 0.0332994 0.0325135 0.0340617 0.0340660 0.0340328 0.0325508 0.0333521 0.0317743 0.0333033 0.0302297 0.0325087 0.0309595 0.0325911 0.0309475 0.0325107 0.0325377 0.0309966 0.0317367 0.0317160 0.0321564 0.0317106 0.0295939 0.0309777 0.0294202 0.0294202 0.0288408 0.0286671 0.0286671 
X62650.1_S.pilosum                                                 0.0661931 0.0602005 0.0332303 0.0326910 0.0311423 0.0144171 0.0122033 0.0085693 0.0107360 0.0078511 0.0028408 0.0064222 0.0093013 0.0085744 0.0071334 0.0064096 0.0064096 0.0014199 0.0021224 0.0000000 0.0014141 0.0014159 0.0064187 0.0049803 0.0049823 0.0056900 0.0042668 0.0042694 0.0035521 0.0049734 0.0035467 0.0035467 0.0035907 0.0042619 0.0042587 0.0042587 0.0043277 0.0382404 0.0343396 0.0342461 0.0334718 0.0334718 0.0324775 0.0311323 0.0327242 0.0327078 0.0319165 0.0319052 0.0319052 0.0323176 0.0249883 0.0257131 0.0317448 0.0249069 0.0302400 0.0282945 0.0405461 0.0429143 0.0404950 0.0372373 0.0418814 0.0420683 0.0405754 0.0428482 0.0421640 0.0412567 0.0413064 0.0419807 0.0421330 0.0429365 0.0420623 0.0403688 0.0396892 0.0350036 0.0349673 0.0365835 0.0365835 0.0373573 0.0381360 0.0372768 0.0349328 0.0350796 0.0365251 0.0357568 0.0358454 0.0333905 0.0349859 0.0349311 0.0319939 0.0341885 0.0349274 0.0326757 0.0333373 0.0341932 0.0287559 0.0280013 0.0280013 0.0325678 0.0333695 0.0318681 0.0342812 0.0318983 0.0326187 0.0318323 0.0333820 0.0333862 0.0333536 0.0318688 0.0326704 0.0310916 0.0326224 0.0295457 0.0318276 0.0302770 0.0319083 0.0302652 0.0318295 0.0318560 0.0303134 0.0310548 0.0310346 0.0314664 0.0310293 0.0296659 0.0302949 0.0287363 0.0287363 0.0281521 0.0279823 0.0279823 
AB016723.1_Symbiodinium_sp.                                        0.0660196 0.0600465 0.0331481 0.0310821 0.0295426 0.0129256 0.0107258 0.0071141 0.0092694 0.0063994 0.0028344 0.0049762 0.0078406 0.0071184 0.0056852 0.0049665 0.0049665 0.0014167 0.0021176 0.0014141 0.0000000 0.0014126 0.0049735 0.0035440 0.0035453 0.0042514 0.0028338 0.0028355 0.0021232 0.0035391 0.0021200 0.0021200 0.0021462 0.0028306 0.0028284 0.0028284 0.0028741 0.0381462 0.0342556 0.0341626 0.0333902 0.0333902 0.0323972 0.0310549 0.0326445 0.0326281 0.0318389 0.0318277 0.0318277 0.0322381 0.0234268 0.0241493 0.0301501 0.0233508 0.0286526 0.0266997 0.0388895 0.0412440 0.0388407 0.0356073 0.0402265 0.0404050 0.0389175 0.0411807 0.0404963 0.0395991 0.0396465 0.0403214 0.0404668 0.0412652 0.0403993 0.0387202 0.0380406 0.0333820 0.0333475 0.0349516 0.0349516 0.0357212 0.0364956 0.0356447 0.0333148 0.0334539 0.0348961 0.0341320 0.0342160 0.0317812 0.0333652 0.0333132 0.0303854 0.0325735 0.0333097 0.0310678 0.0317308 0.0325778 0.0271747 0.0279339 0.0279339 0.0309657 0.0317614 0.0302667 0.0326613 0.0302952 0.0310138 0.0302327 0.0317731 0.0317771 0.0317462 0.0302672 0.0310628 0.0294949 0.0310174 0.0279586 0.0302283 0.0286874 0.0303046 0.0286764 0.0302301 0.0302551 0.0287218 0.0294602 0.0294411 0.0298492 0.0294362 0.0280719 0.0287044 0.0271563 0.0271563 0.0265657 0.0264061 0.0264061 
AB016724.1_Symbiodinium_sp.                                        0.0661201 0.0601353 0.0331947 0.0326566 0.0311095 0.0144022 0.0121908 0.0085605 0.0107251 0.0078431 0.0028380 0.0064157 0.0092918 0.0085657 0.0071261 0.0064031 0.0064031 0.0014185 0.0021203 0.0014159 0.0014126 0.0000000 0.0064121 0.0049753 0.0049772 0.0056842 0.0042624 0.0042651 0.0035485 0.0049684 0.0035431 0.0035431 0.0035870 0.0042576 0.0042544 0.0042544 0.0043233 0.0381998 0.0343033 0.0342100 0.0334365 0.0334365 0.0324427 0.0310987 0.0326897 0.0326733 0.0318829 0.0318716 0.0318716 0.0322831 0.0249622 0.0256862 0.0317115 0.0248810 0.0302084 0.0282645 0.0405030 0.0428687 0.0404521 0.0371981 0.0418372 0.0420237 0.0405323 0.0428027 0.0421191 0.0412129 0.0412626 0.0419362 0.0420882 0.0428909 0.0420177 0.0403261 0.0396472 0.0349666 0.0349304 0.0365448 0.0365448 0.0373178 0.0380956 0.0372374 0.0348960 0.0350425 0.0364865 0.0357191 0.0358074 0.0333553 0.0349490 0.0348943 0.0319601 0.0341525 0.0348906 0.0326412 0.0333023 0.0341571 0.0287257 0.0279720 0.0279720 0.0325336 0.0333345 0.0318346 0.0342449 0.0318647 0.0325844 0.0317988 0.0333469 0.0333511 0.0333185 0.0318353 0.0326360 0.0310590 0.0325881 0.0295147 0.0317941 0.0302453 0.0318747 0.0302335 0.0317961 0.0318225 0.0302815 0.0310222 0.0310020 0.0314329 0.0309967 0.0296346 0.0302631 0.0287062 0.0287062 0.0281225 0.0279530 0.0279530 
KU188515.1_Symbiodinium_sp.                                        0.0685923 0.0625979 0.0356221 0.0334310 0.0318810 0.0136752 0.0114671 0.0078434 0.0100053 0.0071268 0.0078624 0.0056915 0.0085730 0.0078482 0.0064105 0.0056890 0.0056890 0.0064306 0.0071199 0.0064187 0.0049735 0.0064121 0.0000000 0.0042561 0.0042577 0.0049713 0.0035450 0.0035472 0.0028332 0.0042566 0.0028332 0.0028332 0.0028682 0.0035463 0.0035436 0.0035436 0.0028782 0.0389859 0.0350827 0.0349872 0.0342123 0.0342123 0.0324451 0.0319156 0.0334648 0.0334480 0.0326557 0.0326442 0.0326442 0.0330660 0.0242152 0.0249391 0.0309574 0.0241365 0.0294558 0.0275060 0.0397307 0.0420928 0.0396808 0.0364341 0.0410673 0.0412501 0.0397594 0.0420281 0.0413436 0.0404410 0.0404896 0.0411644 0.0413134 0.0421145 0.0412442 0.0395573 0.0388776 0.0342039 0.0341685 0.0357792 0.0357792 0.0365511 0.0373279 0.0364726 0.0341349 0.0342779 0.0357222 0.0349557 0.0350421 0.0325964 0.0341867 0.0341332 0.0311998 0.0333918 0.0341296 0.0334151 0.0325446 0.0333963 0.0294907 0.0302548 0.0302548 0.0317770 0.0325760 0.0310774 0.0334821 0.0311068 0.0318266 0.0310425 0.0325881 0.0325922 0.0325604 0.0310781 0.0318769 0.0303031 0.0318302 0.0287614 0.0310380 0.0294917 0.0311165 0.0294803 0.0310399 0.0310656 0.0295271 0.0302672 0.0302476 0.0306678 0.0302425 0.0288782 0.0295091 0.0279553 0.0279553 0.0273677 0.0272029 0.0272029 
KU188511.1_Symbiodinium_sp.                                        0.0668390 0.0608954 0.0340192 0.0318652 0.0303222 0.0122059 0.0100097 0.0064020 0.0085555 0.0056878 0.0064175 0.0042584 0.0071271 0.0064059 0.0049740 0.0042565 0.0042565 0.0049896 0.0056823 0.0049803 0.0035440 0.0049753 0.0042561 0.0000000 0.0028317 0.0035425 0.0021219 0.0021232 0.0014132 0.0028309 0.0014132 0.0014132 0.0014307 0.0021227 0.0021211 0.0021211 0.0021552 0.0373921 0.0335055 0.0334146 0.0326430 0.0326430 0.0316387 0.0311045 0.0318975 0.0318815 0.0310936 0.0310827 0.0310827 0.0314834 0.0226915 0.0234141 0.0294103 0.0226178 0.0279137 0.0259542 0.0381353 0.0404873 0.0380875 0.0348599 0.0394751 0.0396501 0.0381627 0.0404251 0.0397396 0.0388455 0.0388919 0.0395682 0.0397108 0.0405080 0.0396446 0.0379694 0.0372887 0.0326349 0.0326013 0.0342025 0.0342025 0.0349713 0.0357449 0.0348964 0.0325693 0.0327052 0.0341481 0.0333847 0.0327030 0.0310373 0.0326186 0.0325678 0.0296397 0.0318282 0.0325644 0.0318504 0.0309882 0.0318324 0.0279468 0.0287076 0.0287076 0.0302238 0.0310180 0.0295240 0.0319140 0.0295517 0.0302707 0.0294908 0.0310294 0.0310333 0.0310031 0.0295245 0.0303185 0.0287532 0.0302742 0.0272187 0.0294866 0.0279477 0.0295609 0.0279369 0.0294883 0.0295126 0.0279811 0.0287193 0.0287007 0.0290985 0.0286960 0.0273290 0.0279641 0.0264184 0.0264184 0.0258239 0.0256688 0.0256688 
KU188514.1_Symbiodinium_sp.                                        0.0668709 0.0609236 0.0340341 0.0318787 0.0303350 0.0122108 0.0100136 0.0064045 0.0085588 0.0056900 0.0064199 0.0042600 0.0071298 0.0064084 0.0049759 0.0042582 0.0042582 0.0049915 0.0056845 0.0049823 0.0035453 0.0049772 0.0042577 0.0028317 0.0000000 0.0035438 0.0021227 0.0021240 0.0014137 0.0028320 0.0014137 0.0014137 0.0014312 0.0021235 0.0021219 0.0021219 0.0021552 0.0374083 0.0335198 0.0334289 0.0326570 0.0326570 0.0316524 0.0311180 0.0319111 0.0318951 0.0311068 0.0310958 0.0310958 0.0314969 0.0227008 0.0234238 0.0294226 0.0226272 0.0279254 0.0259651 0.0381519 0.0405050 0.0381040 0.0348748 0.0394922 0.0396674 0.0381793 0.0404427 0.0397569 0.0388623 0.0389088 0.0395854 0.0397281 0.0405257 0.0396618 0.0379858 0.0373048 0.0326488 0.0326152 0.0342171 0.0342171 0.0349863 0.0357603 0.0349114 0.0325832 0.0327192 0.0341627 0.0333989 0.0334812 0.0310505 0.0326325 0.0325817 0.0296522 0.0318417 0.0325782 0.0318639 0.0310013 0.0318459 0.0279585 0.0287197 0.0287197 0.0302366 0.0310311 0.0295364 0.0319276 0.0295642 0.0302835 0.0295032 0.0310425 0.0310464 0.0310162 0.0295369 0.0303313 0.0287653 0.0302869 0.0272301 0.0294990 0.0279594 0.0295734 0.0279486 0.0295007 0.0295251 0.0279929 0.0287314 0.0287128 0.0291109 0.0287080 0.0273405 0.0279759 0.0264294 0.0264294 0.0258347 0.0256795 0.0256795 
AF238256.1_Symbiodinium_sp._Type_A                                 0.0676626 0.0600184 0.0332024 0.0325968 0.0310527 0.0114672 0.0092779 0.0071111 0.0078283 0.0063967 0.0071282 0.0049741 0.0064028 0.0056838 0.0042557 0.0035407 0.0035407 0.0057005 0.0063905 0.0056900 0.0042514 0.0056842 0.0049713 0.0035425 0.0035438 0.0000000 0.0028326 0.0028343 0.0021223 0.0021194 0.0021191 0.0021191 0.0021453 0.0014126 0.0014115 0.0014115 0.0014340 0.0381289 0.0342401 0.0341471 0.0333751 0.0333751 0.0323824 0.0318535 0.0326298 0.0326134 0.0318246 0.0318134 0.0318134 0.0322234 0.0234163 0.0241386 0.0301366 0.0233404 0.0286398 0.0266876 0.0388718 0.0412252 0.0388231 0.0355912 0.0402083 0.0403867 0.0388998 0.0411620 0.0404779 0.0395811 0.0396285 0.0403031 0.0404484 0.0412464 0.0403810 0.0387027 0.0380234 0.0333669 0.0333325 0.0349358 0.0349358 0.0357051 0.0364791 0.0356286 0.0332998 0.0334388 0.0348803 0.0341166 0.0342006 0.0317669 0.0333502 0.0332982 0.0303717 0.0325588 0.0332947 0.0325815 0.0317166 0.0325632 0.0286737 0.0294349 0.0294349 0.0309518 0.0317471 0.0302531 0.0326466 0.0302816 0.0309999 0.0302192 0.0317588 0.0317628 0.0317320 0.0302537 0.0310488 0.0294817 0.0310034 0.0279460 0.0302148 0.0286746 0.0302910 0.0286635 0.0302166 0.0302415 0.0287089 0.0294470 0.0294279 0.0298357 0.0294230 0.0280593 0.0286915 0.0271441 0.0271441 0.0265538 0.0263943 0.0263943 
KU188513.1_Symbiodinium_sp.                                        0.0660242 0.0600990 0.0332475 0.0311096 0.0295687 0.0114823 0.0092902 0.0056879 0.0078387 0.0049744 0.0057016 0.0035469 0.0064112 0.0056913 0.0042613 0.0035454 0.0035454 0.0042747 0.0049696 0.0042668 0.0028338 0.0042624 0.0035450 0.0021219 0.0021227 0.0028326 0.0000000 0.0014148 0.0007056 0.0021222 0.0007056 0.0007056 0.0007150 0.0014144 0.0014134 0.0014134 0.0014361 0.0366275 0.0327457 0.0326570 0.0318864 0.0318864 0.0308708 0.0303314 0.0311412 0.0311256 0.0303392 0.0303285 0.0303285 0.0307194 0.0219491 0.0226717 0.0286617 0.0218779 0.0271664 0.0252007 0.0373705 0.0397195 0.0373236 0.0341026 0.0387129 0.0388844 0.0373973 0.0396586 0.0389720 0.0380812 0.0381267 0.0388041 0.0389438 0.0397398 0.0388790 0.0372080 0.0365263 0.0318784 0.0318456 0.0334435 0.0334435 0.0342114 0.0349841 0.0341383 0.0318144 0.0319470 0.0333903 0.0326277 0.0327080 0.0302843 0.0318625 0.0318129 0.0288851 0.0310736 0.0318096 0.0310952 0.0302364 0.0310777 0.0271987 0.0279585 0.0279585 0.0294730 0.0302654 0.0287725 0.0311573 0.0287994 0.0295187 0.0287401 0.0302765 0.0302804 0.0302509 0.0287729 0.0295652 0.0280028 0.0295220 0.0264707 0.0287360 0.0271995 0.0288084 0.0271890 0.0287377 0.0287614 0.0272320 0.0279699 0.0279518 0.0283391 0.0279472 0.0265779 0.0272155 0.0256725 0.0256725 0.0250742 0.0249236 0.0249236 
KU188510.1_Symbiodinium_sp.                                        0.0660733 0.0601424 0.0332704 0.0311305 0.0295886 0.0114897 0.0092960 0.0056914 0.0078436 0.0049774 0.0057051 0.0035491 0.0064152 0.0056949 0.0042640 0.0035476 0.0035476 0.0042773 0.0049727 0.0042694 0.0028355 0.0042651 0.0035472 0.0021232 0.0021240 0.0028343 0.0014148 0.0000000 0.0007067 0.0021235 0.0007067 0.0007067 0.0007154 0.0014153 0.0014142 0.0014142 0.0014361 0.0366525 0.0327679 0.0326790 0.0319079 0.0319079 0.0308919 0.0303522 0.0311622 0.0311466 0.0303596 0.0303489 0.0303489 0.0307403 0.0219635 0.0226866 0.0286808 0.0218922 0.0271845 0.0252176 0.0373961 0.0397468 0.0373492 0.0341257 0.0387393 0.0389111 0.0374229 0.0396858 0.0389988 0.0381072 0.0381528 0.0388307 0.0389705 0.0397671 0.0389056 0.0372334 0.0365512 0.0318999 0.0318671 0.0334661 0.0334661 0.0342346 0.0350079 0.0341614 0.0318358 0.0319686 0.0334129 0.0326498 0.0327301 0.0303046 0.0318840 0.0318344 0.0289045 0.0310945 0.0318310 0.0311162 0.0302566 0.0310986 0.0272168 0.0279772 0.0279772 0.0294927 0.0302857 0.0287917 0.0311783 0.0288187 0.0295385 0.0287593 0.0302968 0.0303007 0.0302712 0.0287921 0.0295850 0.0280215 0.0295418 0.0264883 0.0287552 0.0272176 0.0288277 0.0272071 0.0287569 0.0287806 0.0272502 0.0279885 0.0279704 0.0283582 0.0279658 0.0265956 0.0272336 0.0256895 0.0256895 0.0250909 0.0249401 0.0249401 
KU188509.1_Symbiodinium_sp.                                        0.0651667 0.0592651 0.0324574 0.0303372 0.0287995 0.0107528 0.0085670 0.0049719 0.0071190 0.0042595 0.0049839 0.0028347 0.0056932 0.0049749 0.0035476 0.0028335 0.0028335 0.0035587 0.0042554 0.0035521 0.0021232 0.0035485 0.0028332 0.0014132 0.0014137 0.0021223 0.0007056 0.0007067 0.0000000 0.0014134 0.0000010 0.0000010 0.0000010 0.0007060 0.0007056 0.0007056 0.0007177 0.0358424 0.0319680 0.0318815 0.0311124 0.0311124 0.0300860 0.0295416 0.0303681 0.0303529 0.0295684 0.0295580 0.0295580 0.0299386 0.0211956 0.0219178 0.0278981 0.0211269 0.0264050 0.0244341 0.0365848 0.0389292 0.0365389 0.0333267 0.0379290 0.0380967 0.0366109 0.0388695 0.0381824 0.0372955 0.0373400 0.0380183 0.0381548 0.0389490 0.0380915 0.0364259 0.0357436 0.0311046 0.0310727 0.0326662 0.0326662 0.0334327 0.0342041 0.0333614 0.0310423 0.0311714 0.0326143 0.0318531 0.0319312 0.0295151 0.0310892 0.0310409 0.0281151 0.0303022 0.0310376 0.0303234 0.0294684 0.0303062 0.0264363 0.0271947 0.0271947 0.0287065 0.0294967 0.0280057 0.0303838 0.0280319 0.0287509 0.0279742 0.0295074 0.0295112 0.0294826 0.0280061 0.0287961 0.0272376 0.0287541 0.0257088 0.0279703 0.0264370 0.0280406 0.0264269 0.0279719 0.0279949 0.0264687 0.0272057 0.0271881 0.0275645 0.0271837 0.0258128 0.0264526 0.0249133 0.0249133 0.0243115 0.0241657 0.0241657 
