130
GU362426_Gymnodinium_catenatum                                     0.0000000 0.0453772 0.0657541 0.0704182 0.0687144 0.0771834 0.0753217 0.0692400 0.0735083 0.0647898 0.0678009 0.0685017 0.0719040 0.0710227 0.0693223 0.0684095 0.0684095 0.0661928 0.0667175 0.0660617 0.0658918 0.0659896 0.0684548 0.0667099 0.0667399 0.0675283 0.0658942 0.0659449 0.0650404 0.0666672 0.0649882 0.0649882 0.0658690 0.0658647 0.0658118 0.0658118 0.0652496 0.0734003 0.0673247 0.0671288 0.0662889 0.0662889 0.0657798 0.0664438 0.0664364 0.0654690 0.0655179 0.0663682 0.0663682 0.0672638 0.0629153 0.0627577 0.0677119 0.0635141 0.0660951 0.0644037 0.0741370 0.0767150 0.0740398 0.0694542 0.0693853 0.0749013 0.0731256 0.0765853 0.0759343 0.0748445 0.0740934 0.0730034 0.0732805 0.0767666 0.0740401 0.0737896 0.0714118 0.0696493 0.0695733 0.0696734 0.0696734 0.0723079 0.0706294 0.0704096 0.0695668 0.0707262 0.0679788 0.0705136 0.0706977 0.0635028 0.0696751 0.0695665 0.0664880 0.0687833 0.0678903 0.0656181 0.0669435 0.0679205 0.0603279 0.0595180 0.0595180 0.0669354 0.0678429 0.0662485 0.0689823 0.0663166 0.0678889 0.0661718 0.0678707 0.0678780 0.0678118 0.0671047 0.0663273 0.0653952 0.0670544 0.0611743 0.0661587 0.0661029 0.0663377 0.0644278 0.0636781 0.0662260 0.0619076 0.0653143 0.0652670 0.0662141 0.0652551 0.0639643 0.0644901 0.0627566 0.0627566 0.0631901 0.0635880 0.0635880 
EF492511                                                           0.0453772 0.0000000 0.0450215 0.0637491 0.0620895 0.0675989 0.0649740 0.0632229 0.0632362 0.0613810 0.0618000 0.0625450 0.0616747 0.0608262 0.0591845 0.0583125 0.0583125 0.0602284 0.0607656 0.0601111 0.0599602 0.0600467 0.0625033 0.0608076 0.0608342 0.0599298 0.0600110 0.0600551 0.0591801 0.0590959 0.0590867 0.0590867 0.0598708 0.0583138 0.0582678 0.0582678 0.0575637 0.0664594 0.0605663 0.0603948 0.0579645 0.0579645 0.0572964 0.0578616 0.0613694 0.0587789 0.0604787 0.0596472 0.0596472 0.0604359 0.0531071 0.0520506 0.0536967 0.0512955 0.0521364 0.0503583 0.0680068 0.0705154 0.0679195 0.0619118 0.0627012 0.0654740 0.0653973 0.0687502 0.0680978 0.0670643 0.0654632 0.0652918 0.0655324 0.0689087 0.0662787 0.0660608 0.0653682 0.0637641 0.0636961 0.0646363 0.0646363 0.0645997 0.0646010 0.0627790 0.0635840 0.0630833 0.0620533 0.0628699 0.0622051 0.0585733 0.0620549 0.0611420 0.0589812 0.0611940 0.0619509 0.0581003 0.0577787 0.0603584 0.0529961 0.0522076 0.0522076 0.0594178 0.0602916 0.0587351 0.0613668 0.0587934 0.0603313 0.0586680 0.0603152 0.0603219 0.0594494 0.0587393 0.0588029 0.0579075 0.0587056 0.0553167 0.0586572 0.0586088 0.0588116 0.0569829 0.0578509 0.0587147 0.0545576 0.0578381 0.0561932 0.0569908 0.0577874 0.0564934 0.0570368 0.0553609 0.0553609 0.0557347 0.0561684 0.0561684 
JF791031                                                           0.0657541 0.0450215 0.0000000 0.0417415 0.0401432 0.0403571 0.0387310 0.0379084 0.0371012 0.0354108 0.0347898 0.0356091 0.0355474 0.0347722 0.0332029 0.0323921 0.0323921 0.0332637 0.0338926 0.0331995 0.0331188 0.0331643 0.0355865 0.0339876 0.0340016 0.0331706 0.0332160 0.0332393 0.0324276 0.0323810 0.0323767 0.0323767 0.0328002 0.0316201 0.0315953 0.0315953 0.0313397 0.0441880 0.0402029 0.0400923 0.0393007 0.0393007 0.0391939 0.0378809 0.0393256 0.0385211 0.0384921 0.0376959 0.0376959 0.0381892 0.0321842 0.0336619 0.0374990 0.0336117 0.0359648 0.0340453 0.0448761 0.0472858 0.0448192 0.0407235 0.0430739 0.0440166 0.0448867 0.0471873 0.0465037 0.0455707 0.0456250 0.0454946 0.0456570 0.0473092 0.0463881 0.0455126 0.0448349 0.0408640 0.0408218 0.0416987 0.0416987 0.0392029 0.0424007 0.0407886 0.0399738 0.0401694 0.0416035 0.0408218 0.0393463 0.0384013 0.0400337 0.0376215 0.0362140 0.0391798 0.0383838 0.0377411 0.0375613 0.0392253 0.0328938 0.0321264 0.0321264 0.0375561 0.0383778 0.0360787 0.0393263 0.0368877 0.0368407 0.0368103 0.0383915 0.0383963 0.0360273 0.0368540 0.0368937 0.0376180 0.0360591 0.0368301 0.0352423 0.0336647 0.0368985 0.0352094 0.0368081 0.0368386 0.0336926 0.0360176 0.0359924 0.0356594 0.0359876 0.0346230 0.0352423 0.0336487 0.0336487 0.0338720 0.0328808 0.0328808 
AY160124.1_Symbiodinium_sp._G15                                    0.0704182 0.0637491 0.0417415 0.0000000 0.0014078 0.0396529 0.0387946 0.0356715 0.0371934 0.0332370 0.0342232 0.0334192 0.0356943 0.0349051 0.0333631 0.0325662 0.0325662 0.0327222 0.0333428 0.0326600 0.0310542 0.0326259 0.0333985 0.0318364 0.0318491 0.0325660 0.0310809 0.0311022 0.0303101 0.0317914 0.0302635 0.0302635 0.0306516 0.0310445 0.0310206 0.0310206 0.0299775 0.0402156 0.0363362 0.0362388 0.0354682 0.0354682 0.0345118 0.0348425 0.0354900 0.0347082 0.0346827 0.0339083 0.0339083 0.0343423 0.0308810 0.0338622 0.0361045 0.0315332 0.0345983 0.0326997 0.0433733 0.0457386 0.0433192 0.0408315 0.0439157 0.0456726 0.0449604 0.0464489 0.0457746 0.0448589 0.0433233 0.0455810 0.0457414 0.0456668 0.0456628 0.0439608 0.0432924 0.0401762 0.0401354 0.0401324 0.0401324 0.0417387 0.0409641 0.0408707 0.0377588 0.0402619 0.0401246 0.0393578 0.0394520 0.0331440 0.0385847 0.0385285 0.0356062 0.0385652 0.0385227 0.0355702 0.0353991 0.0377923 0.0308307 0.0315924 0.0315924 0.0361585 0.0369633 0.0354659 0.0378880 0.0370326 0.0369862 0.0354254 0.0369761 0.0369807 0.0361806 0.0354667 0.0362710 0.0346872 0.0362171 0.0354489 0.0354202 0.0338672 0.0355088 0.0338564 0.0354234 0.0354521 0.0331357 0.0346482 0.0346244 0.0351026 0.0346200 0.0332740 0.0338874 0.0323254 0.0323254 0.0317624 0.0315716 0.0315716 
HE653239_Symbiodinium_voratum                                      0.0687144 0.0620895 0.0401432 0.0014078 0.0000000 0.0380809 0.0372290 0.0341179 0.0356354 0.0316977 0.0326705 0.0318710 0.0341398 0.0333540 0.0318175 0.0310248 0.0310248 0.0311731 0.0317983 0.0311140 0.0295173 0.0310815 0.0318513 0.0302960 0.0303081 0.0310246 0.0295427 0.0295628 0.0287749 0.0302532 0.0287307 0.0287307 0.0290985 0.0295082 0.0294855 0.0294855 0.0284219 0.0386503 0.0347848 0.0346919 0.0339241 0.0339241 0.0329459 0.0332610 0.0339448 0.0331665 0.0331421 0.0323709 0.0323709 0.0327844 0.0293533 0.0323271 0.0345637 0.0300083 0.0330617 0.0311522 0.0417955 0.0441521 0.0417435 0.0392701 0.0423444 0.0440885 0.0433764 0.0448624 0.0441866 0.0432787 0.0417474 0.0440005 0.0441547 0.0440829 0.0440791 0.0423877 0.0417179 0.0386124 0.0385733 0.0385705 0.0385705 0.0401691 0.0393972 0.0393075 0.0362074 0.0386944 0.0385629 0.0377986 0.0378888 0.0316093 0.0370282 0.0369744 0.0340556 0.0370095 0.0369689 0.0340213 0.0338583 0.0362394 0.0293055 0.0300645 0.0300645 0.0346152 0.0354157 0.0339219 0.0363309 0.0354819 0.0354375 0.0338833 0.0354278 0.0354323 0.0346363 0.0339226 0.0347226 0.0331464 0.0346711 0.0339057 0.0338783 0.0323318 0.0339627 0.0323215 0.0338814 0.0339087 0.0316015 0.0331093 0.0330866 0.0335428 0.0330824 0.0317331 0.0323510 0.0307962 0.0307962 0.0302259 0.0300447 0.0300447 
AJ271758.1_Symbiodinium_sp.                                        0.0771834 0.0675989 0.0403571 0.0396529 0.0380809 0.0000000 0.0136420 0.0158483 0.0121706 0.0151211 0.0158881 0.0136779 0.0107355 0.0100066 0.0085629 0.0078368 0.0078368 0.0144385 0.0151067 0.0144117 0.0129214 0.0143970 0.0136699 0.0122020 0.0122066 0.0114632 0.0114785 0.0114860 0.0107496 0.0107346 0.0107334 0.0107334 0.0108681 0.0100167 0.0100092 0.0100092 0.0101731 0.0453028 0.0413481 0.0412352 0.0404496 0.0404496 0.0395602 0.0390781 0.0396955 0.0396762 0.0388691 0.0388561 0.0388561 0.0393600 0.0310844 0.0318105 0.0363484 0.0309834 0.0348317 0.0329221 0.0452616 0.0476531 0.0452047 0.0419029 0.0465846 0.0467928 0.0452927 0.0475761 0.0468983 0.0459708 0.0460253 0.0466981 0.0468639 0.0476765 0.0467826 0.0450616 0.0443897 0.0396609 0.0396205 0.0396992 0.0396992 0.0420334 0.0428235 0.0419436 0.0395788 0.0397460 0.0411915 0.0404177 0.0405154 0.0380223 0.0396376 0.0395794 0.0366350 0.0388302 0.0387975 0.0396423 0.0379635 0.0388375 0.0356474 0.0364221 0.0364221 0.0371861 0.0379992 0.0364893 0.0389366 0.0380711 0.0372445 0.0364474 0.0380126 0.0380173 0.0379818 0.0364902 0.0373028 0.0357034 0.0372469 0.0357008 0.0364420 0.0348743 0.0365339 0.0348631 0.0364453 0.0364751 0.0349171 0.0356628 0.0356381 0.0361342 0.0356335 0.0342807 0.0348953 0.0333181 0.0333181 0.0327583 0.0325577 0.0325577 
AJ271759.1_Symbiodinium_sp.                                        0.0753217 0.0649740 0.0387310 0.0387946 0.0372290 0.0136420 0.0000000 0.0136308 0.0099823 0.0129077 0.0136649 0.0114700 0.0085537 0.0078306 0.0063963 0.0056765 0.0056765 0.0122222 0.0128944 0.0121995 0.0107231 0.0121871 0.0114635 0.0100071 0.0100108 0.0092753 0.0092877 0.0092936 0.0085649 0.0085530 0.0085521 0.0085521 0.0086581 0.0078385 0.0078326 0.0078326 0.0079603 0.0444199 0.0404808 0.0403707 0.0395882 0.0395882 0.0386879 0.0382011 0.0388363 0.0388175 0.0380141 0.0380014 0.0380014 0.0384928 0.0302604 0.0309848 0.0355073 0.0301623 0.0339957 0.0320838 0.0443797 0.0467615 0.0443240 0.0410382 0.0457023 0.0459058 0.0444100 0.0466862 0.0460089 0.0450876 0.0451408 0.0458133 0.0459753 0.0467844 0.0458959 0.0441842 0.0435128 0.0388026 0.0387632 0.0388399 0.0388399 0.0411654 0.0419524 0.0410778 0.0371553 0.0388855 0.0403279 0.0395571 0.0396523 0.0371720 0.0387799 0.0387231 0.0357863 0.0379762 0.0387173 0.0380052 0.0371148 0.0379833 0.0340369 0.0348074 0.0348074 0.0363404 0.0371496 0.0356445 0.0380799 0.0356776 0.0363972 0.0356037 0.0371625 0.0371672 0.0371326 0.0356454 0.0364541 0.0348618 0.0363996 0.0348593 0.0355984 0.0340372 0.0356879 0.0340263 0.0356016 0.0356307 0.0340788 0.0348223 0.0347983 0.0352814 0.0347938 0.0334417 0.0340576 0.0324873 0.0324873 0.0319245 0.0317296 0.0317296 
AJ271754.1_Symbiodinium_sp.                                        0.0692400 0.0632229 0.0379084 0.0356715 0.0341179 0.0158483 0.0136308 0.0000000 0.0121609 0.0092744 0.0100168 0.0078458 0.0107269 0.0099986 0.0085562 0.0078306 0.0078306 0.0085831 0.0092657 0.0085671 0.0071127 0.0085585 0.0078414 0.0064007 0.0064030 0.0071094 0.0056867 0.0056903 0.0049710 0.0063918 0.0049635 0.0049635 0.0050249 0.0056803 0.0056761 0.0056761 0.0057682 0.0396881 0.0357892 0.0356929 0.0349184 0.0349184 0.0339505 0.0334326 0.0341708 0.0341545 0.0333623 0.0333512 0.0333512 0.0337804 0.0249269 0.0256487 0.0316632 0.0248465 0.0301617 0.0282220 0.0404312 0.0427920 0.0403807 0.0371364 0.0417643 0.0419488 0.0404586 0.0427234 0.0420421 0.0411401 0.0404088 0.0410866 0.0412305 0.0428126 0.0403570 0.0402542 0.0395789 0.0349098 0.0348746 0.0364847 0.0364847 0.0372503 0.0380304 0.0371717 0.0348384 0.0349836 0.0364251 0.0356605 0.0357456 0.0333012 0.0348897 0.0348389 0.0319101 0.0340954 0.0348338 0.0333459 0.0332503 0.0341017 0.0301982 0.0309620 0.0309620 0.0324826 0.0332811 0.0325439 0.0341880 0.0318139 0.0325330 0.0317484 0.0332925 0.0332967 0.0332659 0.0317853 0.0325834 0.0310097 0.0325350 0.0279378 0.0317438 0.0301982 0.0318230 0.0301887 0.0317466 0.0317722 0.0302351 0.0309750 0.0309537 0.0313816 0.0309499 0.0295889 0.0302163 0.0286635 0.0286635 0.0280821 0.0279114 0.0279114 
AJ271756.1_Symbiodinium_sp.                                        0.0735083 0.0632362 0.0371012 0.0371934 0.0356354 0.0121706 0.0099823 0.0121609 0.0000000 0.0114405 0.0121909 0.0100083 0.0071083 0.0063890 0.0049611 0.0042455 0.0042455 0.0107533 0.0114298 0.0107332 0.0092675 0.0107224 0.0100026 0.0085537 0.0085568 0.0078265 0.0078369 0.0078419 0.0071176 0.0071076 0.0071069 0.0071069 0.0071948 0.0063955 0.0063907 0.0063907 0.0064945 0.0427878 0.0388670 0.0387618 0.0379829 0.0379829 0.0370604 0.0365634 0.0372333 0.0372155 0.0364168 0.0364047 0.0364047 0.0368741 0.0287011 0.0294240 0.0339294 0.0286083 0.0324236 0.0305023 0.0427492 0.0451198 0.0426958 0.0394306 0.0440748 0.0442702 0.0427783 0.0450473 0.0443691 0.0434568 0.0435078 0.0441814 0.0443369 0.0451416 0.0442607 0.0425616 0.0418893 0.0372012 0.0371635 0.0372368 0.0372368 0.0395522 0.0403355 0.0394684 0.0355653 0.0365070 0.0387207 0.0379532 0.0380442 0.0355814 0.0371795 0.0371253 0.0341949 0.0363806 0.0371198 0.0364083 0.0355268 0.0363873 0.0324628 0.0332297 0.0332297 0.0347560 0.0355599 0.0340601 0.0364796 0.0340914 0.0348101 0.0340211 0.0355722 0.0355767 0.0355437 0.0340608 0.0348642 0.0332813 0.0348123 0.0332790 0.0340161 0.0324630 0.0341012 0.0309315 0.0340192 0.0340467 0.0325026 0.0332438 0.0332210 0.0336809 0.0332168 0.0318624 0.0324824 0.0309209 0.0309209 0.0303511 0.0301663 0.0301663 
AJ271764.1_Symbiodinium_sp.                                        0.0647898 0.0613810 0.0354108 0.0332370 0.0316977 0.0151211 0.0129077 0.0092744 0.0114405 0.0000000 0.0092972 0.0071294 0.0100074 0.0092804 0.0078397 0.0071156 0.0071156 0.0078644 0.0085492 0.0078497 0.0063986 0.0078418 0.0071254 0.0056870 0.0056891 0.0063956 0.0049737 0.0049768 0.0042590 0.0056791 0.0042526 0.0042526 0.0043051 0.0049681 0.0049644 0.0049644 0.0050450 0.0372102 0.0333460 0.0332570 0.0324894 0.0324894 0.0314902 0.0309583 0.0309669 0.0317317 0.0301708 0.0309378 0.0309378 0.0313336 0.0240838 0.0232986 0.0307849 0.0240066 0.0292913 0.0273525 0.0363897 0.0387205 0.0363446 0.0331540 0.0377283 0.0378931 0.0364141 0.0386590 0.0379762 0.0370970 0.0371397 0.0378186 0.0379495 0.0387387 0.0378854 0.0362320 0.0355552 0.0309447 0.0309138 0.0324972 0.0324972 0.0332542 0.0340245 0.0331849 0.0308820 0.0310092 0.0324445 0.0316887 0.0317635 0.0293638 0.0309271 0.0308826 0.0279725 0.0301453 0.0308781 0.0309228 0.0300923 0.0301507 0.0270512 0.0278066 0.0278066 0.0285612 0.0293463 0.0278640 0.0302263 0.0278891 0.0286050 0.0278322 0.0293560 0.0293598 0.0293328 0.0278642 0.0286489 0.0270994 0.0286067 0.0255800 0.0278284 0.0263039 0.0278970 0.0262957 0.0278308 0.0278528 0.0263359 0.0270695 0.0270510 0.0274222 0.0270479 0.0256828 0.0263197 0.0247898 0.0247898 0.0241918 0.0240461 0.0240461 
L13718.1_Symbiodinium_meandrinae                                   0.0678009 0.0618000 0.0347898 0.0342232 0.0326705 0.0158881 0.0136649 0.0100168 0.0121909 0.0092972 0.0000000 0.0078652 0.0107534 0.0100233 0.0085772 0.0078498 0.0078498 0.0014192 0.0035448 0.0028405 0.0028341 0.0028376 0.0078607 0.0064165 0.0064188 0.0071268 0.0057006 0.0057042 0.0049832 0.0064075 0.0049757 0.0049757 0.0050373 0.0056943 0.0056900 0.0056900 0.0057826 0.0397932 0.0358834 0.0357865 0.0350099 0.0350099 0.0340408 0.0327031 0.0342603 0.0342439 0.0334494 0.0334383 0.0334383 0.0338698 0.0265007 0.0272248 0.0332713 0.0264150 0.0317623 0.0298298 0.0421028 0.0444779 0.0420500 0.0387809 0.0434345 0.0436274 0.0421315 0.0444063 0.0437251 0.0428129 0.0428633 0.0435398 0.0436934 0.0444994 0.0428193 0.0419176 0.0412424 0.0365455 0.0365085 0.0381309 0.0381309 0.0389006 0.0396854 0.0388181 0.0364703 0.0366233 0.0380684 0.0372995 0.0373890 0.0349241 0.0365243 0.0364709 0.0335321 0.0341639 0.0364654 0.0342107 0.0348704 0.0357309 0.0302765 0.0295199 0.0295199 0.0340982 0.0349030 0.0333997 0.0358217 0.0334305 0.0341514 0.0333613 0.0349151 0.0349195 0.0348870 0.0334003 0.0342047 0.0326197 0.0341536 0.0310696 0.0333565 0.0318009 0.0334401 0.0317908 0.0333595 0.0333865 0.0318399 0.0325829 0.0325604 0.0330124 0.0325563 0.0311960 0.0318201 0.0302565 0.0302565 0.0296815 0.0295004 0.0295004 
KU188508.1_Symbiodinium_sp.                                        0.0685017 0.0625450 0.0356091 0.0334192 0.0318710 0.0136779 0.0114700 0.0078458 0.0100083 0.0071294 0.0078652 0.0000000 0.0085760 0.0078509 0.0064129 0.0056912 0.0056912 0.0064331 0.0071228 0.0064211 0.0049756 0.0064146 0.0056905 0.0042580 0.0042595 0.0049733 0.0035465 0.0035487 0.0028344 0.0042584 0.0028344 0.0028344 0.0028694 0.0035479 0.0035452 0.0035452 0.0036027 0.0389712 0.0350724 0.0349779 0.0342035 0.0342035 0.0332237 0.0327003 0.0334554 0.0334394 0.0326476 0.0326368 0.0326368 0.0330572 0.0242136 0.0249362 0.0309522 0.0241355 0.0294501 0.0275021 0.0389312 0.0412878 0.0388826 0.0364235 0.0410520 0.0412334 0.0397419 0.0420082 0.0413251 0.0404252 0.0404724 0.0411512 0.0412955 0.0420959 0.0412248 0.0395410 0.0388640 0.0341950 0.0341605 0.0357694 0.0357694 0.0365351 0.0373152 0.0364580 0.0341250 0.0342673 0.0357109 0.0349461 0.0350296 0.0325878 0.0341753 0.0341256 0.0311935 0.0333815 0.0341205 0.0334070 0.0325380 0.0333877 0.0294859 0.0302496 0.0302496 0.0317703 0.0325682 0.0310711 0.0334722 0.0310995 0.0318196 0.0310354 0.0325793 0.0325835 0.0325533 0.0310715 0.0318690 0.0302962 0.0318216 0.0287563 0.0310310 0.0294858 0.0311084 0.0294765 0.0310337 0.0310587 0.0295218 0.0302622 0.0302414 0.0306599 0.0302377 0.0288729 0.0295035 0.0279514 0.0279514 0.0273656 0.0271992 0.0271992 
AB055917.1_Symbiodinium_sp.                                        0.0719040 0.0616747 0.0355474 0.0356943 0.0341398 0.0107355 0.0085537 0.0107269 0.0071083 0.0100074 0.0107534 0.0085760 0.0000000 0.0049677 0.0035426 0.0028295 0.0028295 0.0093167 0.0099981 0.0092993 0.0078393 0.0092899 0.0085711 0.0071259 0.0071285 0.0064016 0.0064101 0.0064142 0.0056923 0.0056844 0.0056838 0.0056838 0.0057541 0.0049727 0.0049690 0.0049690 0.0043257 0.0412736 0.0373603 0.0372594 0.0364820 0.0364820 0.0347588 0.0342460 0.0357328 0.0357157 0.0349195 0.0349079 0.0349079 0.0353580 0.0272208 0.0279441 0.0324444 0.0271328 0.0309403 0.0290054 0.0412364 0.0436022 0.0411849 0.0379311 0.0425678 0.0403580 0.0388710 0.0411299 0.0404474 0.0395536 0.0411552 0.0418315 0.0419780 0.0436233 0.0419062 0.0410556 0.0403809 0.0357020 0.0356659 0.0357361 0.0357361 0.0372211 0.0364559 0.0379673 0.0356287 0.0357776 0.0372198 0.0364536 0.0365409 0.0340883 0.0356813 0.0356293 0.0326978 0.0348849 0.0356240 0.0349115 0.0340361 0.0348913 0.0309778 0.0317432 0.0317432 0.0332668 0.0340678 0.0325692 0.0349797 0.0325991 0.0333185 0.0325318 0.0340795 0.0340838 0.0340522 0.0325697 0.0333703 0.0317922 0.0333206 0.0317901 0.0325271 0.0309778 0.0326084 0.0309680 0.0325300 0.0325563 0.0310157 0.0317565 0.0317347 0.0321740 0.0317308 0.0303710 0.0309964 0.0294394 0.0294394 0.0288616 0.0286860 0.0286860 
AJ271757.1_Symbiodinium_sp.                                        0.0710227 0.0608262 0.0347722 0.0349051 0.0333540 0.0100066 0.0078306 0.0099986 0.0063890 0.0092804 0.0100233 0.0078509 0.0049677 0.0000000 0.0028303 0.0021193 0.0021193 0.0085886 0.0092717 0.0085726 0.0071173 0.0085640 0.0078464 0.0064049 0.0064072 0.0056828 0.0056903 0.0056939 0.0049742 0.0049673 0.0049668 0.0049668 0.0050281 0.0042567 0.0042535 0.0042535 0.0043225 0.0404706 0.0365654 0.0364668 0.0356910 0.0356910 0.0347344 0.0342217 0.0349428 0.0349261 0.0341321 0.0341207 0.0341207 0.0345602 0.0264505 0.0271732 0.0316659 0.0263651 0.0301643 0.0282245 0.0404342 0.0427951 0.0403838 0.0371393 0.0417673 0.0419519 0.0404617 0.0427265 0.0420452 0.0411432 0.0411913 0.0418682 0.0412336 0.0428157 0.0419431 0.0402572 0.0395819 0.0349127 0.0348775 0.0349460 0.0349460 0.0372532 0.0380334 0.0371746 0.0348412 0.0349865 0.0364280 0.0356633 0.0357485 0.0333039 0.0348925 0.0348418 0.0319128 0.0340982 0.0348366 0.0341243 0.0332530 0.0341045 0.0302009 0.0309647 0.0309647 0.0324853 0.0332839 0.0317875 0.0341908 0.0318166 0.0325357 0.0317511 0.0332953 0.0332995 0.0332687 0.0317880 0.0325862 0.0310124 0.0325377 0.0310103 0.0317465 0.0302009 0.0318257 0.0301913 0.0317493 0.0317749 0.0302377 0.0309776 0.0309564 0.0313844 0.0309526 0.0295915 0.0302190 0.0286660 0.0286660 0.0280846 0.0279139 0.0279139 
AB863030.1_Symbiodinium_sp.                                        0.0693223 0.0591845 0.0332029 0.0333631 0.0318175 0.0085629 0.0063963 0.0085562 0.0049611 0.0078397 0.0085772 0.0064129 0.0035426 0.0028303 0.0000000 0.0007046 0.0007046 0.0071454 0.0078324 0.0071321 0.0056844 0.0071249 0.0064093 0.0049734 0.0049752 0.0042551 0.0042607 0.0042634 0.0035472 0.0035422 0.0035419 0.0035419 0.0035856 0.0028331 0.0028310 0.0028310 0.0028769 0.0389054 0.0350132 0.0349191 0.0341460 0.0341460 0.0331670 0.0326440 0.0333991 0.0333832 0.0325928 0.0325820 0.0325820 0.0330010 0.0249390 0.0256611 0.0301424 0.0248586 0.0286447 0.0266937 0.0388706 0.0412233 0.0388221 0.0355937 0.0402079 0.0403850 0.0388968 0.0411574 0.0404745 0.0395800 0.0396260 0.0403047 0.0404456 0.0412430 0.0403766 0.0387008 0.0380238 0.0333704 0.0333368 0.0334021 0.0334021 0.0357024 0.0364799 0.0356273 0.0333023 0.0334407 0.0348820 0.0341196 0.0342008 0.0317701 0.0333512 0.0333029 0.0303768 0.0325606 0.0332979 0.0325855 0.0317217 0.0325666 0.0286794 0.0294406 0.0294406 0.0309565 0.0317510 0.0302579 0.0326488 0.0302855 0.0310044 0.0302232 0.0317618 0.0317659 0.0317365 0.0302583 0.0310524 0.0294857 0.0310063 0.0294838 0.0302190 0.0286793 0.0302941 0.0286702 0.0302216 0.0302459 0.0287143 0.0294528 0.0294326 0.0298390 0.0294291 0.0280644 0.0286965 0.0271502 0.0271502 0.0265614 0.0264003 0.0264003 
AB016579.1_Symbiodinium_sp.                                        0.0684095 0.0583125 0.0323921 0.0325662 0.0310248 0.0078368 0.0056765 0.0078306 0.0042455 0.0071156 0.0078498 0.0056912 0.0028295 0.0021193 0.0007046 0.0000000 0.0000010 0.0064205 0.0071090 0.0064086 0.0049659 0.0064022 0.0056880 0.0042561 0.0042576 0.0035402 0.0035449 0.0035472 0.0028332 0.0028292 0.0028290 0.0028290 0.0028638 0.0021215 0.0021199 0.0021199 0.0021541 0.0380918 0.0342098 0.0341180 0.0333469 0.0333469 0.0323572 0.0318295 0.0326014 0.0325860 0.0317981 0.0317876 0.0317876 0.0321957 0.0241649 0.0248862 0.0293579 0.0240872 0.0278634 0.0259083 0.0380577 0.0404043 0.0380104 0.0347930 0.0393960 0.0395692 0.0380834 0.0403397 0.0396566 0.0387667 0.0388117 0.0394907 0.0396284 0.0404235 0.0395610 0.0378918 0.0372147 0.0325734 0.0325407 0.0326043 0.0326043 0.0348990 0.0356745 0.0348258 0.0325071 0.0326418 0.0340817 0.0333212 0.0334004 0.0309789 0.0325548 0.0325077 0.0295856 0.0317667 0.0325029 0.0317909 0.0309317 0.0317725 0.0278971 0.0286563 0.0286563 0.0301686 0.0309603 0.0294701 0.0318526 0.0294969 0.0302151 0.0294364 0.0309707 0.0309747 0.0309461 0.0294704 0.0302618 0.0287001 0.0302169 0.0286982 0.0294323 0.0278970 0.0295052 0.0278882 0.0294348 0.0294583 0.0279309 0.0286682 0.0286486 0.0290434 0.0286451 0.0272797 0.0279137 0.0263722 0.0263722 0.0257801 0.0256240 0.0256240 
AB016572.1_Symbiodinium_sp.                                        0.0684095 0.0583125 0.0323921 0.0325662 0.0310248 0.0078368 0.0056765 0.0078306 0.0042455 0.0071156 0.0078498 0.0056912 0.0028295 0.0021193 0.0007046 0.0000010 0.0000000 0.0064205 0.0071090 0.0064086 0.0049659 0.0064022 0.0056880 0.0042561 0.0042576 0.0035402 0.0035449 0.0035472 0.0028332 0.0028292 0.0028290 0.0028290 0.0028638 0.0021215 0.0021199 0.0021199 0.0021541 0.0380918 0.0342098 0.0341180 0.0333469 0.0333469 0.0323572 0.0318295 0.0326014 0.0325860 0.0317981 0.0317876 0.0317876 0.0321957 0.0241649 0.0248862 0.0293579 0.0240872 0.0278634 0.0259083 0.0380577 0.0404043 0.0380104 0.0347930 0.0393960 0.0395692 0.0380834 0.0403397 0.0396566 0.0387667 0.0388117 0.0394907 0.0396284 0.0404235 0.0395610 0.0378918 0.0372147 0.0325734 0.0325407 0.0326043 0.0326043 0.0348990 0.0356745 0.0348258 0.0325071 0.0326418 0.0340817 0.0333212 0.0334004 0.0309789 0.0325548 0.0325077 0.0295856 0.0317667 0.0325029 0.0317909 0.0309317 0.0317725 0.0278971 0.0286563 0.0286563 0.0301686 0.0309603 0.0294701 0.0318526 0.0294969 0.0302151 0.0294364 0.0309707 0.0309747 0.0309461 0.0294704 0.0302618 0.0287001 0.0302169 0.0286982 0.0294323 0.0278970 0.0295052 0.0278882 0.0294348 0.0294583 0.0279309 0.0286682 0.0286486 0.0290434 0.0286451 0.0272797 0.0279137 0.0263722 0.0263722 0.0257801 0.0256240 0.0256240 
L13717.1_Symbiodinium_corculorum                                   0.0661928 0.0602284 0.0332637 0.0327222 0.0311731 0.0144385 0.0122222 0.0085831 0.0107533 0.0078644 0.0014192 0.0064331 0.0093167 0.0085886 0.0071454 0.0064205 0.0064205 0.0000000 0.0021262 0.0014198 0.0014166 0.0014184 0.0064294 0.0049890 0.0049908 0.0056996 0.0042741 0.0042768 0.0035583 0.0049820 0.0035529 0.0035529 0.0035969 0.0042693 0.0042661 0.0042661 0.0043355 0.0375025 0.0343744 0.0342818 0.0335068 0.0335068 0.0325148 0.0311696 0.0327577 0.0327421 0.0319502 0.0319396 0.0319396 0.0323516 0.0250190 0.0257434 0.0317804 0.0249381 0.0302733 0.0283275 0.0405826 0.0429525 0.0405317 0.0372746 0.0419199 0.0421058 0.0406102 0.0428834 0.0421998 0.0412940 0.0413424 0.0420215 0.0421694 0.0429732 0.0413001 0.0404043 0.0397268 0.0350399 0.0350044 0.0366209 0.0366209 0.0373893 0.0381724 0.0373101 0.0349679 0.0351143 0.0365609 0.0357933 0.0358791 0.0334249 0.0350196 0.0349685 0.0320291 0.0326657 0.0349633 0.0327104 0.0333736 0.0342286 0.0287886 0.0280332 0.0280332 0.0326030 0.0334047 0.0319029 0.0343155 0.0319322 0.0326538 0.0318662 0.0334162 0.0334204 0.0333893 0.0319033 0.0327046 0.0311248 0.0326558 0.0295787 0.0318616 0.0303101 0.0319413 0.0303004 0.0318644 0.0318902 0.0303472 0.0310898 0.0310684 0.0314995 0.0310645 0.0296990 0.0303283 0.0287695 0.0287695 0.0281866 0.0280147 0.0280147 
AB055918.1_Symbiodinium_sp.                                        0.0667175 0.0607656 0.0338926 0.0333428 0.0317983 0.0151067 0.0128944 0.0092657 0.0114298 0.0085492 0.0035448 0.0071228 0.0099981 0.0092717 0.0078324 0.0071090 0.0071090 0.0021262 0.0000000 0.0021223 0.0021175 0.0021202 0.0071188 0.0056818 0.0056838 0.0063897 0.0049690 0.0049722 0.0042551 0.0056739 0.0042487 0.0042487 0.0043011 0.0049635 0.0049598 0.0049598 0.0050402 0.0388814 0.0349919 0.0348979 0.0341253 0.0341253 0.0331465 0.0318098 0.0333789 0.0333630 0.0325731 0.0325623 0.0325623 0.0329808 0.0256613 0.0263828 0.0324005 0.0255786 0.0308985 0.0289658 0.0411801 0.0435426 0.0411287 0.0378796 0.0425099 0.0426979 0.0412080 0.0434728 0.0427929 0.0418882 0.0419371 0.0426126 0.0427621 0.0435636 0.0426888 0.0409998 0.0403258 0.0356534 0.0356174 0.0372300 0.0372300 0.0379959 0.0387766 0.0379157 0.0355804 0.0357288 0.0371692 0.0364041 0.0364910 0.0340421 0.0356328 0.0355809 0.0326533 0.0348375 0.0355756 0.0333308 0.0339900 0.0348439 0.0294190 0.0286661 0.0286661 0.0332217 0.0340216 0.0325250 0.0349321 0.0325548 0.0332733 0.0324877 0.0340333 0.0340376 0.0340060 0.0325255 0.0333249 0.0317491 0.0332754 0.0302074 0.0324831 0.0309359 0.0325641 0.0309261 0.0324859 0.0325122 0.0309736 0.0317135 0.0316917 0.0321298 0.0316878 0.0295719 0.0309544 0.0293996 0.0293996 0.0288223 0.0286472 0.0286472 
X62650.1_S.pilosum                                                 0.0660617 0.0601111 0.0331995 0.0326600 0.0311140 0.0144117 0.0121995 0.0085671 0.0107332 0.0078497 0.0028405 0.0064211 0.0092993 0.0085726 0.0071321 0.0064086 0.0064086 0.0014198 0.0021223 0.0000000 0.0014140 0.0014157 0.0064175 0.0049797 0.0049815 0.0056891 0.0042662 0.0042689 0.0035517 0.0049728 0.0035464 0.0035464 0.0035902 0.0042614 0.0042583 0.0042583 0.0043274 0.0382029 0.0343089 0.0342166 0.0334431 0.0334431 0.0324520 0.0311091 0.0326954 0.0326799 0.0318895 0.0318790 0.0318790 0.0322895 0.0249718 0.0256949 0.0317204 0.0248912 0.0302161 0.0282734 0.0405050 0.0428702 0.0404544 0.0372038 0.0418402 0.0420254 0.0405325 0.0428014 0.0421190 0.0412152 0.0412634 0.0419414 0.0420887 0.0428909 0.0420165 0.0403274 0.0396510 0.0349732 0.0349379 0.0365511 0.0365511 0.0373181 0.0380997 0.0372392 0.0349015 0.0350473 0.0364913 0.0357252 0.0358107 0.0333615 0.0349530 0.0349021 0.0319681 0.0341573 0.0348969 0.0326483 0.0333104 0.0341636 0.0287342 0.0279803 0.0279803 0.0325413 0.0333414 0.0318424 0.0342502 0.0318716 0.0325919 0.0318058 0.0333528 0.0333571 0.0333261 0.0318429 0.0326425 0.0310658 0.0325939 0.0295228 0.0318013 0.0302528 0.0318807 0.0302432 0.0318041 0.0318298 0.0302898 0.0310310 0.0310096 0.0314391 0.0310058 0.0296426 0.0302710 0.0287152 0.0287152 0.0281331 0.0279618 0.0279618 
AB016723.1_Symbiodinium_sp.                                        0.0658918 0.0599602 0.0331188 0.0310542 0.0295173 0.0129214 0.0107231 0.0071127 0.0092675 0.0063986 0.0028341 0.0049756 0.0078393 0.0071173 0.0056844 0.0049659 0.0049659 0.0014166 0.0021175 0.0014140 0.0000000 0.0014126 0.0049728 0.0035437 0.0035450 0.0042509 0.0028335 0.0028353 0.0021231 0.0035388 0.0021199 0.0021199 0.0021460 0.0028304 0.0028283 0.0028283 0.0028740 0.0381104 0.0342263 0.0341345 0.0333630 0.0333630 0.0323731 0.0310331 0.0326171 0.0326017 0.0318134 0.0318028 0.0318028 0.0322114 0.0234125 0.0241335 0.0301284 0.0233372 0.0286314 0.0266812 0.0388522 0.0412038 0.0388038 0.0355770 0.0401889 0.0403659 0.0388784 0.0411379 0.0404553 0.0395613 0.0396073 0.0402857 0.0404264 0.0412235 0.0403575 0.0386826 0.0380059 0.0333548 0.0333212 0.0349226 0.0349226 0.0356856 0.0364628 0.0356106 0.0332867 0.0334250 0.0348656 0.0341036 0.0341848 0.0317553 0.0333356 0.0332873 0.0303626 0.0325454 0.0332824 0.0310434 0.0317069 0.0325514 0.0271556 0.0279141 0.0279141 0.0309421 0.0317362 0.0302438 0.0326335 0.0302714 0.0309900 0.0302092 0.0317470 0.0317511 0.0317217 0.0302442 0.0310379 0.0294720 0.0309919 0.0279383 0.0302049 0.0286660 0.0302800 0.0286570 0.0302076 0.0302318 0.0287009 0.0294391 0.0294190 0.0298249 0.0294154 0.0280513 0.0286832 0.0271377 0.0271377 0.0265491 0.0263881 0.0263881 
AB016724.1_Symbiodinium_sp.                                        0.0659896 0.0600467 0.0331643 0.0326259 0.0310815 0.0143970 0.0121871 0.0085585 0.0107224 0.0078418 0.0028376 0.0064146 0.0092899 0.0085640 0.0071249 0.0064022 0.0064022 0.0014184 0.0021202 0.0014157 0.0014126 0.0000000 0.0064110 0.0049747 0.0049765 0.0056834 0.0042619 0.0042646 0.0035481 0.0049678 0.0035428 0.0035428 0.0035865 0.0042572 0.0042540 0.0042540 0.0043230 0.0381627 0.0342729 0.0341808 0.0334082 0.0334082 0.0324176 0.0310759 0.0326613 0.0326458 0.0318563 0.0318457 0.0318457 0.0322554 0.0249460 0.0256683 0.0316875 0.0248655 0.0301848 0.0282438 0.0404624 0.0428251 0.0404119 0.0371649 0.0417964 0.0419812 0.0404899 0.0427564 0.0420746 0.0411719 0.0412200 0.0418974 0.0420444 0.0428457 0.0419723 0.0402852 0.0396094 0.0349367 0.0349014 0.0365128 0.0365128 0.0372790 0.0380598 0.0372003 0.0348651 0.0350106 0.0364532 0.0356879 0.0357732 0.0333268 0.0349165 0.0348657 0.0319347 0.0341217 0.0348605 0.0326142 0.0332758 0.0341279 0.0287044 0.0279513 0.0279513 0.0325075 0.0333067 0.0318092 0.0342143 0.0318384 0.0325580 0.0317728 0.0333181 0.0333223 0.0332914 0.0318097 0.0326085 0.0310335 0.0325600 0.0294921 0.0317682 0.0302214 0.0318475 0.0302118 0.0317710 0.0317966 0.0302583 0.0309987 0.0309774 0.0314060 0.0309736 0.0296117 0.0302395 0.0286854 0.0286854 0.0281037 0.0279328 0.0279328 
KU188515.1_Symbiodinium_sp.                                        0.0684548 0.0625033 0.0355865 0.0333985 0.0318513 0.0136699 0.0114635 0.0078414 0.0100026 0.0071254 0.0078607 0.0056905 0.0085711 0.0078464 0.0064093 0.0056880 0.0056880 0.0064294 0.0071188 0.0064175 0.0049728 0.0064110 0.0000000 0.0042555 0.0042571 0.0049705 0.0035445 0.0035467 0.0028328 0.0042560 0.0028328 0.0028328 0.0028678 0.0035459 0.0035432 0.0035432 0.0028780 0.0389467 0.0350505 0.0349561 0.0341822 0.0341822 0.0324190 0.0318907 0.0334346 0.0334187 0.0326274 0.0326166 0.0326166 0.0330365 0.0241989 0.0249212 0.0309332 0.0241209 0.0294321 0.0274852 0.0396900 0.0420491 0.0396404 0.0364008 0.0410263 0.0412074 0.0397169 0.0419817 0.0412990 0.0403998 0.0404469 0.0411253 0.0412694 0.0420692 0.0411988 0.0395163 0.0388396 0.0341738 0.0341393 0.0357471 0.0357471 0.0365123 0.0372919 0.0364353 0.0341039 0.0342460 0.0356887 0.0349244 0.0350078 0.0325677 0.0341541 0.0341045 0.0311743 0.0333609 0.0340994 0.0333864 0.0325179 0.0333670 0.0294678 0.0302310 0.0302310 0.0317508 0.0325481 0.0310520 0.0334514 0.0310803 0.0318000 0.0310163 0.0325592 0.0325634 0.0325332 0.0310524 0.0318493 0.0302776 0.0318020 0.0287387 0.0310119 0.0294678 0.0310892 0.0294584 0.0310147 0.0310396 0.0295037 0.0302437 0.0302229 0.0306408 0.0302192 0.0288552 0.0294854 0.0279343 0.0279343 0.0273488 0.0271826 0.0271826 
KU188511.1_Symbiodinium_sp.                                        0.0667099 0.0608076 0.0339876 0.0318364 0.0302960 0.0122020 0.0100071 0.0064007 0.0085537 0.0056870 0.0064165 0.0042580 0.0071259 0.0064049 0.0049734 0.0042561 0.0042561 0.0049890 0.0056818 0.0049797 0.0035437 0.0049747 0.0042555 0.0000000 0.0028315 0.0035421 0.0021218 0.0021231 0.0014131 0.0028307 0.0014131 0.0014131 0.0014305 0.0021226 0.0021210 0.0021210 0.0021552 0.0373571 0.0334770 0.0333872 0.0326165 0.0326165 0.0316153 0.0310821 0.0318709 0.0318558 0.0310688 0.0310585 0.0310585 0.0314574 0.0226777 0.0233988 0.0293893 0.0226048 0.0278932 0.0259363 0.0380988 0.0404479 0.0380514 0.0348304 0.0394384 0.0396119 0.0381245 0.0403833 0.0396995 0.0388085 0.0388536 0.0395333 0.0396712 0.0404672 0.0396036 0.0379326 0.0372548 0.0326084 0.0325757 0.0341741 0.0341741 0.0349366 0.0357129 0.0348632 0.0325420 0.0326770 0.0341184 0.0333571 0.0326733 0.0310121 0.0325898 0.0325426 0.0296175 0.0318008 0.0325377 0.0318251 0.0309649 0.0318066 0.0279270 0.0286870 0.0286870 0.0302009 0.0309935 0.0295018 0.0318869 0.0295286 0.0302475 0.0294679 0.0310040 0.0310080 0.0309793 0.0295021 0.0302943 0.0287309 0.0302494 0.0271991 0.0294638 0.0279268 0.0295370 0.0279180 0.0294664 0.0294900 0.0279609 0.0286989 0.0286792 0.0290749 0.0286758 0.0273091 0.0279436 0.0264004 0.0264004 0.0258078 0.0256514 0.0256514 
KU188514.1_Symbiodinium_sp.                                        0.0667399 0.0608342 0.0340016 0.0318491 0.0303081 0.0122066 0.0100108 0.0064030 0.0085568 0.0056891 0.0064188 0.0042595 0.0071285 0.0064072 0.0049752 0.0042576 0.0042576 0.0049908 0.0056838 0.0049815 0.0035450 0.0049765 0.0042571 0.0028315 0.0000000 0.0035434 0.0021225 0.0021239 0.0014136 0.0028317 0.0014136 0.0014136 0.0014311 0.0021233 0.0021218 0.0021218 0.0021552 0.0373723 0.0334905 0.0334007 0.0326296 0.0326296 0.0316281 0.0310948 0.0318837 0.0318685 0.0310812 0.0310709 0.0310709 0.0314701 0.0226866 0.0234080 0.0294009 0.0226136 0.0279042 0.0259466 0.0381144 0.0404646 0.0380669 0.0348444 0.0394544 0.0396281 0.0381401 0.0403998 0.0397158 0.0388244 0.0388695 0.0395494 0.0396875 0.0404838 0.0396199 0.0379480 0.0372699 0.0326215 0.0325888 0.0341879 0.0341879 0.0349507 0.0357274 0.0348773 0.0325550 0.0326902 0.0341321 0.0333705 0.0334499 0.0310245 0.0326029 0.0325556 0.0296293 0.0318136 0.0325508 0.0318379 0.0309772 0.0318194 0.0279380 0.0286984 0.0286984 0.0302129 0.0310059 0.0295135 0.0318997 0.0295403 0.0302596 0.0294796 0.0310163 0.0310203 0.0309916 0.0295138 0.0303064 0.0287423 0.0302614 0.0272099 0.0294755 0.0279379 0.0295487 0.0279291 0.0294781 0.0295017 0.0279719 0.0287103 0.0286906 0.0290866 0.0286872 0.0273199 0.0279546 0.0264108 0.0264108 0.0258180 0.0256615 0.0256615 
AF238256.1_Symbiodinium_sp._Type_A                                 0.0675283 0.0599298 0.0331706 0.0325660 0.0310246 0.0114632 0.0092753 0.0071094 0.0078265 0.0063956 0.0071268 0.0049733 0.0064016 0.0056828 0.0042551 0.0035402 0.0035402 0.0056996 0.0063897 0.0056891 0.0042509 0.0056834 0.0049705 0.0035421 0.0035434 0.0000000 0.0028322 0.0028340 0.0021221 0.0021192 0.0021189 0.0021189 0.0021450 0.0014125 0.0014114 0.0014114 0.0014340 0.0380917 0.0342096 0.0341179 0.0333467 0.0333467 0.0323571 0.0318293 0.0326012 0.0325858 0.0317979 0.0317874 0.0317874 0.0321955 0.0234013 0.0241219 0.0301139 0.0233261 0.0286176 0.0266682 0.0388331 0.0411835 0.0387847 0.0355597 0.0401693 0.0403460 0.0388593 0.0411177 0.0404353 0.0395419 0.0395878 0.0402659 0.0404065 0.0412031 0.0403376 0.0386636 0.0379873 0.0333385 0.0333050 0.0349055 0.0349055 0.0356682 0.0364449 0.0355932 0.0332705 0.0334087 0.0348486 0.0340870 0.0341681 0.0317399 0.0333194 0.0332711 0.0303478 0.0325296 0.0332662 0.0325544 0.0316915 0.0325355 0.0286522 0.0294127 0.0294127 0.0309272 0.0317209 0.0302292 0.0326176 0.0302567 0.0309749 0.0301945 0.0317316 0.0317357 0.0317063 0.0302295 0.0310228 0.0294578 0.0309768 0.0279248 0.0301903 0.0286521 0.0302653 0.0286431 0.0301929 0.0302171 0.0286871 0.0294249 0.0294047 0.0298103 0.0294012 0.0280377 0.0286693 0.0271246 0.0271246 0.0265362 0.0263754 0.0263754 
KU188513.1_Symbiodinium_sp.                                        0.0658942 0.0600110 0.0332160 0.0310809 0.0295427 0.0114785 0.0092877 0.0056867 0.0078369 0.0049737 0.0057006 0.0035465 0.0064101 0.0056903 0.0042607 0.0035449 0.0035449 0.0042741 0.0049690 0.0042662 0.0028335 0.0042619 0.0035445 0.0021218 0.0021225 0.0028322 0.0000000 0.0014147 0.0007056 0.0021220 0.0007056 0.0007056 0.0007149 0.0014143 0.0014133 0.0014133 0.0014361 0.0365925 0.0327172 0.0326296 0.0318599 0.0318599 0.0308474 0.0303090 0.0311147 0.0310999 0.0303144 0.0303043 0.0303043 0.0306935 0.0219354 0.0226565 0.0286408 0.0218649 0.0271460 0.0251829 0.0373341 0.0396802 0.0372875 0.0340731 0.0386761 0.0388461 0.0373592 0.0396167 0.0389319 0.0380442 0.0380884 0.0387692 0.0389043 0.0396990 0.0388381 0.0371713 0.0364924 0.0318520 0.0318200 0.0334152 0.0334152 0.0341768 0.0349522 0.0341051 0.0317871 0.0319189 0.0333607 0.0326002 0.0326776 0.0302592 0.0318338 0.0317877 0.0288629 0.0310463 0.0317830 0.0310700 0.0302131 0.0310520 0.0271789 0.0279380 0.0279380 0.0294501 0.0302410 0.0287503 0.0311303 0.0287764 0.0294955 0.0287173 0.0302512 0.0302551 0.0302271 0.0287506 0.0295411 0.0279806 0.0294973 0.0264511 0.0287134 0.0271787 0.0287845 0.0271702 0.0287158 0.0287388 0.0272119 0.0279495 0.0279304 0.0283156 0.0279271 0.0265580 0.0271950 0.0256546 0.0256546 0.0250582 0.0249064 0.0249064 
KU188510.1_Symbiodinium_sp.                                        0.0659449 0.0600551 0.0332393 0.0311022 0.0295628 0.0114860 0.0092936 0.0056903 0.0078419 0.0049768 0.0057042 0.0035487 0.0064142 0.0056939 0.0042634 0.0035472 0.0035472 0.0042768 0.0049722 0.0042689 0.0028353 0.0042646 0.0035467 0.0021231 0.0021239 0.0028340 0.0014147 0.0000000 0.0007066 0.0021233 0.0007066 0.0007066 0.0007154 0.0014152 0.0014142 0.0014142 0.0014361 0.0366179 0.0327398 0.0326520 0.0318818 0.0318818 0.0308688 0.0303302 0.0311360 0.0311212 0.0303351 0.0303250 0.0303250 0.0307147 0.0219501 0.0226717 0.0286602 0.0218795 0.0271643 0.0252001 0.0373600 0.0397079 0.0373134 0.0340965 0.0387030 0.0388732 0.0373852 0.0396444 0.0389591 0.0380707 0.0381149 0.0387961 0.0389314 0.0397267 0.0388651 0.0371970 0.0365177 0.0318738 0.0318418 0.0334382 0.0334382 0.0342004 0.0349763 0.0341286 0.0318089 0.0319408 0.0333836 0.0326225 0.0327001 0.0302798 0.0318556 0.0318095 0.0288826 0.0310676 0.0318047 0.0310913 0.0302337 0.0310732 0.0271973 0.0279569 0.0279569 0.0294701 0.0302616 0.0287699 0.0311516 0.0287960 0.0295156 0.0287368 0.0302718 0.0302757 0.0302477 0.0287701 0.0295612 0.0279996 0.0295174 0.0264690 0.0287328 0.0271971 0.0288041 0.0271886 0.0287353 0.0287583 0.0272303 0.0279684 0.0279493 0.0283350 0.0279460 0.0265760 0.0272134 0.0256719 0.0256719 0.0250751 0.0249231 0.0249231 
KU188509.1_Symbiodinium_sp.                                        0.0650404 0.0591801 0.0324276 0.0303101 0.0287749 0.0107496 0.0085649 0.0049710 0.0071176 0.0042590 0.0049832 0.0028344 0.0056923 0.0049742 0.0035472 0.0028332 0.0028332 0.0035583 0.0042551 0.0035517 0.0021231 0.0035481 0.0028328 0.0014131 0.0014136 0.0021221 0.0007056 0.0007066 0.0000000 0.0014133 0.0000010 0.0000010 0.0000010 0.0007060 0.0007056 0.0007056 0.0007177 0.0358092 0.0319411 0.0318558 0.0310875 0.0310875 0.0300641 0.0295207 0.0303431 0.0303287 0.0295451 0.0295353 0.0295353 0.0299143 0.0211830 0.0219037 0.0278784 0.0211150 0.0263858 0.0244176 0.0365501 0.0388918 0.0365046 0.0332988 0.0378941 0.0380603 0.0365747 0.0388297 0.0381442 0.0372604 0.0373035 0.0379851 0.0381172 0.0389102 0.0380525 0.0363910 0.0357114 0.0310797 0.0310486 0.0326394 0.0326394 0.0333999 0.0341738 0.0333300 0.0310166 0.0311449 0.0325863 0.0318271 0.0319025 0.0294914 0.0310621 0.0310171 0.0280943 0.0302765 0.0310126 0.0302997 0.0294466 0.0302820 0.0264178 0.0271755 0.0271755 0.0286850 0.0294737 0.0279849 0.0303583 0.0280103 0.0287292 0.0279528 0.0294836 0.0294874 0.0294602 0.0279851 0.0287735 0.0272168 0.0287309 0.0256906 0.0279490 0.0264176 0.0280182 0.0264093 0.0279514 0.0279736 0.0264498 0.0271866 0.0271680 0.0275424 0.0271649 0.0257943 0.0264335 0.0248966 0.0248966 0.0242966 0.0241496 0.0241496 
