130
GU362426_Gymnodinium_catenatum                                     0.0000000 0.0454439 0.0658887 0.0705871 0.0688750 0.0773785 0.0755132 0.0694034 0.0736873 0.0649309 0.0679627 0.0686620 0.0720754 0.0711917 0.0694843 0.0685680 0.0685680 0.0663449 0.0668700 0.0662165 0.0660415 0.0661438 0.0686155 0.0668624 0.0668929 0.0676846 0.0660451 0.0660949 0.0651880 0.0668195 0.0651355 0.0651355 0.0660196 0.0660151 0.0659618 0.0659618 0.0653967 0.0735741 0.0674715 0.0672735 0.0664306 0.0664306 0.0659193 0.0665874 0.0665837 0.0656080 0.0656571 0.0665104 0.0665104 0.0674112 0.0630429 0.0628804 0.0678519 0.0636397 0.0662313 0.0645335 0.0743132 0.0768975 0.0742077 0.0695967 0.0695288 0.0750797 0.0732931 0.0767678 0.0761175 0.0750187 0.0742656 0.0731676 0.0734522 0.0769525 0.0742144 0.0739573 0.0715719 0.0697923 0.0697144 0.0698193 0.0698193 0.0724746 0.0707888 0.0705633 0.0697140 0.0708876 0.0681233 0.0706671 0.0708605 0.0636272 0.0698328 0.0697118 0.0666233 0.0689321 0.0680317 0.0657513 0.0670805 0.0680597 0.0604430 0.0596308 0.0596308 0.0670723 0.0679827 0.0663825 0.0691317 0.0664557 0.0680282 0.0663093 0.0680154 0.0680190 0.0679509 0.0672448 0.0664734 0.0655304 0.0671972 0.0612917 0.0662969 0.0662375 0.0664766 0.0645545 0.0638044 0.0663643 0.0620232 0.0654451 0.0653988 0.0663530 0.0653857 0.0640941 0.0646221 0.0628789 0.0628789 0.0633126 0.0637131 0.0637131 
EF492511                                                           0.0454439 0.0000000 0.0450782 0.0638632 0.0621979 0.0677314 0.0651012 0.0633415 0.0633536 0.0614924 0.0619172 0.0626610 0.0617860 0.0609358 0.0592888 0.0584142 0.0584142 0.0603376 0.0608752 0.0602228 0.0600675 0.0601579 0.0626199 0.0609174 0.0609444 0.0600377 0.0601187 0.0601628 0.0592852 0.0592006 0.0591914 0.0591914 0.0599785 0.0584163 0.0583701 0.0583701 0.0576635 0.0665799 0.0606645 0.0604922 0.0580554 0.0580554 0.0573852 0.0579534 0.0614739 0.0588720 0.0605772 0.0597427 0.0597427 0.0605342 0.0531862 0.0521233 0.0537729 0.0513663 0.0522101 0.0504270 0.0681352 0.0706486 0.0680405 0.0620122 0.0628091 0.0655941 0.0655135 0.0688784 0.0682265 0.0671858 0.0655760 0.0654053 0.0656520 0.0690396 0.0664005 0.0661763 0.0654833 0.0638685 0.0637998 0.0647466 0.0647466 0.0647155 0.0647147 0.0628842 0.0636883 0.0631992 0.0621533 0.0629740 0.0623154 0.0586666 0.0621629 0.0612380 0.0590718 0.0612955 0.0620506 0.0581891 0.0578655 0.0604518 0.0530712 0.0522809 0.0522809 0.0595096 0.0603857 0.0588246 0.0614677 0.0588872 0.0604249 0.0587605 0.0604135 0.0604169 0.0595405 0.0588313 0.0589027 0.0579983 0.0588001 0.0553976 0.0587504 0.0586990 0.0589051 0.0570667 0.0579386 0.0588078 0.0546361 0.0579251 0.0562771 0.0570798 0.0578744 0.0565798 0.0571251 0.0554415 0.0554415 0.0558150 0.0562511 0.0562511 
JF791031                                                           0.0658887 0.0450782 0.0000000 0.0417867 0.0401849 0.0404031 0.0387760 0.0379506 0.0371407 0.0354473 0.0348275 0.0356464 0.0355834 0.0348073 0.0332350 0.0324230 0.0324230 0.0332971 0.0339263 0.0332343 0.0331513 0.0331989 0.0356242 0.0340217 0.0340358 0.0332036 0.0332489 0.0332721 0.0324591 0.0324124 0.0324080 0.0324080 0.0328326 0.0316502 0.0316253 0.0316253 0.0313690 0.0442388 0.0402429 0.0401320 0.0393390 0.0393390 0.0392318 0.0379153 0.0393667 0.0385582 0.0385296 0.0377316 0.0377316 0.0382260 0.0322117 0.0336897 0.0375323 0.0336393 0.0359965 0.0340735 0.0449305 0.0473431 0.0448689 0.0407636 0.0431197 0.0440662 0.0449410 0.0472418 0.0465584 0.0456210 0.0456734 0.0455409 0.0457071 0.0473658 0.0464418 0.0455637 0.0448865 0.0409034 0.0408609 0.0417418 0.0417418 0.0392402 0.0424425 0.0408310 0.0400122 0.0402161 0.0416444 0.0408628 0.0393897 0.0384389 0.0400772 0.0376550 0.0362453 0.0392171 0.0384190 0.0377752 0.0375951 0.0392637 0.0329200 0.0321516 0.0321516 0.0375898 0.0384128 0.0361098 0.0393652 0.0369224 0.0368728 0.0368444 0.0384290 0.0384318 0.0360582 0.0368877 0.0369322 0.0376536 0.0360932 0.0368631 0.0352740 0.0336924 0.0369331 0.0352385 0.0368406 0.0368730 0.0337200 0.0360484 0.0360238 0.0356899 0.0360185 0.0346534 0.0352740 0.0336760 0.0336760 0.0338988 0.0329070 0.0329070 
AY160124.1_Symbiodinium_sp._G15                                    0.0705871 0.0638632 0.0417867 0.0000000 0.0014078 0.0396951 0.0388372 0.0357093 0.0372306 0.0332694 0.0342595 0.0334524 0.0357283 0.0349382 0.0333934 0.0325953 0.0325953 0.0327542 0.0333753 0.0326935 0.0310832 0.0326592 0.0334320 0.0318666 0.0318795 0.0325977 0.0311100 0.0311313 0.0303380 0.0318215 0.0302912 0.0302912 0.0306802 0.0310735 0.0310495 0.0310495 0.0300041 0.0402580 0.0363691 0.0362715 0.0354996 0.0354996 0.0345411 0.0348730 0.0355238 0.0347385 0.0347133 0.0339374 0.0339374 0.0343723 0.0309080 0.0338919 0.0361354 0.0315594 0.0346277 0.0327258 0.0434266 0.0457948 0.0433680 0.0408721 0.0439633 0.0457255 0.0450172 0.0465045 0.0458304 0.0449104 0.0433692 0.0456305 0.0457947 0.0457173 0.0457175 0.0440086 0.0433407 0.0402142 0.0401731 0.0401725 0.0401725 0.0417830 0.0410079 0.0409129 0.0377952 0.0403083 0.0401628 0.0393960 0.0394952 0.0331742 0.0386252 0.0385632 0.0356364 0.0386033 0.0385584 0.0356007 0.0354312 0.0378280 0.0308540 0.0316167 0.0316167 0.0361897 0.0369958 0.0354958 0.0379241 0.0370673 0.0370183 0.0354571 0.0370110 0.0370137 0.0362133 0.0354980 0.0363063 0.0347179 0.0362511 0.0354814 0.0354523 0.0338953 0.0355409 0.0338833 0.0354536 0.0354841 0.0331622 0.0346768 0.0346536 0.0351343 0.0346486 0.0333022 0.0339169 0.0323506 0.0323506 0.0317857 0.0315958 0.0315958 
HE653239_Symbiodinium_voratum                                      0.0688750 0.0621979 0.0401849 0.0014078 0.0000000 0.0381198 0.0372683 0.0341525 0.0356696 0.0317273 0.0327038 0.0319013 0.0341709 0.0333842 0.0318451 0.0310513 0.0310513 0.0312023 0.0318279 0.0311445 0.0295436 0.0311119 0.0318819 0.0303235 0.0303357 0.0310535 0.0295691 0.0295892 0.0288002 0.0302806 0.0287558 0.0287558 0.0291245 0.0295344 0.0295117 0.0295117 0.0284459 0.0386894 0.0348148 0.0347217 0.0339527 0.0339527 0.0329725 0.0332887 0.0339758 0.0331940 0.0331700 0.0323973 0.0323973 0.0328117 0.0293777 0.0323541 0.0345919 0.0300319 0.0330884 0.0311758 0.0418451 0.0442044 0.0417888 0.0393075 0.0423885 0.0441377 0.0434293 0.0449142 0.0442385 0.0433265 0.0417899 0.0440464 0.0442043 0.0441298 0.0441301 0.0424320 0.0417626 0.0386473 0.0386079 0.0386074 0.0386074 0.0402100 0.0394376 0.0393465 0.0362408 0.0387374 0.0385979 0.0378337 0.0379287 0.0316368 0.0370655 0.0370062 0.0340831 0.0370445 0.0370016 0.0340491 0.0338875 0.0362721 0.0293265 0.0300864 0.0300864 0.0346437 0.0354453 0.0339491 0.0363640 0.0355137 0.0354669 0.0339121 0.0354598 0.0354624 0.0346662 0.0339511 0.0347549 0.0331744 0.0347022 0.0339354 0.0339076 0.0323572 0.0339921 0.0323458 0.0339088 0.0339378 0.0316254 0.0331352 0.0331131 0.0335716 0.0331084 0.0317586 0.0323778 0.0308189 0.0308189 0.0302468 0.0300665 0.0300665 
AJ271758.1_Symbiodinium_sp.                                        0.0773785 0.0677314 0.0404031 0.0396951 0.0381198 0.0000000 0.0136467 0.0158539 0.0121737 0.0151265 0.0158941 0.0136819 0.0107377 0.0100086 0.0085643 0.0078379 0.0078379 0.0144430 0.0151112 0.0144167 0.0129248 0.0144019 0.0136741 0.0122051 0.0122097 0.0114660 0.0114813 0.0114887 0.0107520 0.0107369 0.0107357 0.0107357 0.0108706 0.0100187 0.0100112 0.0100112 0.0101751 0.0453618 0.0413956 0.0412824 0.0404952 0.0404952 0.0396038 0.0391191 0.0397444 0.0397204 0.0389143 0.0388988 0.0388988 0.0394040 0.0311142 0.0318419 0.0363847 0.0310113 0.0348661 0.0329530 0.0453257 0.0477206 0.0452640 0.0419539 0.0466468 0.0468576 0.0453596 0.0476438 0.0469661 0.0460339 0.0460864 0.0467592 0.0469291 0.0477433 0.0468493 0.0451206 0.0444491 0.0397055 0.0396647 0.0397460 0.0397460 0.0420866 0.0428772 0.0419962 0.0396242 0.0397989 0.0412398 0.0404659 0.0405688 0.0380666 0.0396880 0.0396238 0.0366741 0.0388765 0.0388434 0.0396847 0.0380033 0.0388827 0.0356846 0.0364608 0.0364608 0.0372264 0.0380409 0.0365280 0.0389823 0.0381152 0.0372844 0.0364880 0.0380568 0.0380595 0.0380231 0.0365304 0.0373473 0.0357427 0.0372901 0.0357389 0.0364829 0.0349108 0.0365749 0.0348983 0.0364843 0.0365160 0.0349534 0.0357000 0.0356759 0.0361748 0.0356706 0.0343172 0.0349331 0.0333512 0.0333512 0.0327897 0.0325897 0.0325897 
AJ271759.1_Symbiodinium_sp.                                        0.0755132 0.0651012 0.0387760 0.0388372 0.0372683 0.0136467 0.0000000 0.0136357 0.0099849 0.0129124 0.0136702 0.0114734 0.0085556 0.0078322 0.0063974 0.0056774 0.0056774 0.0122261 0.0128995 0.0122039 0.0107259 0.0121914 0.0114670 0.0100097 0.0100134 0.0092777 0.0092900 0.0092959 0.0085669 0.0085549 0.0085540 0.0085540 0.0086602 0.0078402 0.0078343 0.0078343 0.0079619 0.0444791 0.0405286 0.0404181 0.0396340 0.0396340 0.0387319 0.0382425 0.0388855 0.0388620 0.0380596 0.0380444 0.0380444 0.0385371 0.0302905 0.0310164 0.0355440 0.0301905 0.0340305 0.0321150 0.0444439 0.0468292 0.0443836 0.0410894 0.0457648 0.0459708 0.0444770 0.0467541 0.0460768 0.0451509 0.0452022 0.0458747 0.0460407 0.0468514 0.0459627 0.0442435 0.0435724 0.0388475 0.0388077 0.0388870 0.0388870 0.0412188 0.0420064 0.0411307 0.0371975 0.0389385 0.0403765 0.0396055 0.0397058 0.0372166 0.0388305 0.0387678 0.0358257 0.0380227 0.0387630 0.0380465 0.0371550 0.0380288 0.0340731 0.0348450 0.0348450 0.0363810 0.0371916 0.0356835 0.0381259 0.0357190 0.0364374 0.0356445 0.0372070 0.0372097 0.0371742 0.0356858 0.0364987 0.0349014 0.0364430 0.0348977 0.0356396 0.0340740 0.0357292 0.0340618 0.0356409 0.0356717 0.0341155 0.0348598 0.0348363 0.0353222 0.0348313 0.0334785 0.0340957 0.0325207 0.0325207 0.0319562 0.0317618 0.0317618 
AJ271754.1_Symbiodinium_sp.                                        0.0694034 0.0633415 0.0379506 0.0357093 0.0341525 0.0158539 0.0136357 0.0000000 0.0121641 0.0092767 0.0100195 0.0078473 0.0107293 0.0100008 0.0085577 0.0078319 0.0078319 0.0085848 0.0092676 0.0085692 0.0071138 0.0085605 0.0078429 0.0064017 0.0064040 0.0071106 0.0056874 0.0056910 0.0049716 0.0063927 0.0049641 0.0049641 0.0050255 0.0056811 0.0056768 0.0056768 0.0057690 0.0397383 0.0358290 0.0357324 0.0349565 0.0349565 0.0339867 0.0334665 0.0342117 0.0341913 0.0333998 0.0333866 0.0333866 0.0338170 0.0249480 0.0256710 0.0316926 0.0248661 0.0301894 0.0282465 0.0404854 0.0428494 0.0404307 0.0371789 0.0418170 0.0420037 0.0405153 0.0427810 0.0420996 0.0411935 0.0404610 0.0411390 0.0412863 0.0428693 0.0404097 0.0403040 0.0396289 0.0349465 0.0349110 0.0365261 0.0365261 0.0372947 0.0380753 0.0372156 0.0348758 0.0350276 0.0364652 0.0357003 0.0357901 0.0333376 0.0349315 0.0348755 0.0319419 0.0341336 0.0348711 0.0333781 0.0332828 0.0341389 0.0302272 0.0309922 0.0309922 0.0325154 0.0333153 0.0325765 0.0342257 0.0318475 0.0325655 0.0317814 0.0333289 0.0333314 0.0332997 0.0318180 0.0326199 0.0310417 0.0325704 0.0279632 0.0317773 0.0302277 0.0318565 0.0302170 0.0317783 0.0318055 0.0302644 0.0310051 0.0309843 0.0314146 0.0309800 0.0296182 0.0302470 0.0286900 0.0286900 0.0281070 0.0279369 0.0279369 
AJ271756.1_Symbiodinium_sp.                                        0.0736873 0.0633536 0.0371407 0.0372306 0.0356696 0.0121737 0.0099849 0.0121641 0.0000000 0.0114436 0.0121955 0.0100104 0.0071092 0.0063898 0.0049615 0.0042459 0.0042459 0.0107557 0.0114323 0.0107360 0.0092691 0.0107252 0.0100048 0.0085551 0.0085583 0.0078278 0.0078382 0.0078431 0.0071186 0.0071086 0.0071079 0.0071079 0.0071959 0.0063963 0.0063915 0.0063915 0.0064953 0.0428407 0.0389091 0.0388036 0.0380233 0.0380233 0.0370989 0.0365995 0.0372769 0.0372546 0.0364568 0.0364424 0.0364424 0.0369130 0.0287269 0.0294512 0.0339612 0.0286323 0.0324537 0.0305290 0.0428069 0.0451807 0.0427490 0.0394761 0.0441307 0.0443286 0.0428387 0.0451084 0.0444302 0.0435136 0.0435628 0.0442364 0.0443957 0.0452019 0.0443209 0.0426146 0.0419426 0.0372406 0.0372027 0.0372783 0.0372783 0.0395997 0.0403835 0.0395154 0.0356023 0.0365547 0.0387636 0.0379961 0.0380919 0.0356206 0.0372245 0.0371647 0.0342293 0.0364217 0.0371600 0.0364445 0.0355619 0.0364274 0.0324943 0.0332624 0.0332624 0.0347915 0.0355968 0.0340941 0.0365202 0.0341278 0.0348452 0.0340568 0.0356114 0.0356140 0.0355801 0.0340962 0.0349036 0.0333159 0.0348505 0.0333125 0.0340522 0.0324950 0.0341374 0.0309600 0.0340534 0.0340828 0.0325345 0.0332765 0.0332541 0.0337166 0.0332494 0.0318944 0.0325157 0.0309498 0.0309498 0.0303784 0.0301941 0.0301941 
AJ271764.1_Symbiodinium_sp.                                        0.0649309 0.0614924 0.0354473 0.0332694 0.0317273 0.0151265 0.0129124 0.0092767 0.0114436 0.0000000 0.0092998 0.0071308 0.0100097 0.0092824 0.0078412 0.0071168 0.0071168 0.0078660 0.0085510 0.0078517 0.0063996 0.0078437 0.0071268 0.0056879 0.0056900 0.0063968 0.0049744 0.0049775 0.0042595 0.0056800 0.0042531 0.0042531 0.0043057 0.0049688 0.0049651 0.0049651 0.0050456 0.0372542 0.0333804 0.0332911 0.0325222 0.0325222 0.0315212 0.0309871 0.0309990 0.0317634 0.0301999 0.0309682 0.0309682 0.0313649 0.0241030 0.0233157 0.0308119 0.0240244 0.0293167 0.0273749 0.0364321 0.0387655 0.0363832 0.0331861 0.0377693 0.0379360 0.0364586 0.0387042 0.0380214 0.0371385 0.0371797 0.0378587 0.0379927 0.0387831 0.0379298 0.0362704 0.0355938 0.0309718 0.0309407 0.0325283 0.0325283 0.0332880 0.0340587 0.0332183 0.0309099 0.0310427 0.0324744 0.0317186 0.0317974 0.0293908 0.0309588 0.0309097 0.0279955 0.0301738 0.0309059 0.0309482 0.0301189 0.0301784 0.0270729 0.0278293 0.0278293 0.0285852 0.0293713 0.0278868 0.0302544 0.0279138 0.0286287 0.0278564 0.0293830 0.0293853 0.0293576 0.0278881 0.0286760 0.0271227 0.0286328 0.0256001 0.0278529 0.0263251 0.0279215 0.0263160 0.0278537 0.0278772 0.0263569 0.0270911 0.0270731 0.0274462 0.0270696 0.0257039 0.0263418 0.0248085 0.0248085 0.0242092 0.0240639 0.0240639 
L13718.1_Symbiodinium_meandrinae                                   0.0679627 0.0619172 0.0348275 0.0342595 0.0327038 0.0158941 0.0136702 0.0100195 0.0121955 0.0092998 0.0000000 0.0078668 0.0107561 0.0100257 0.0085790 0.0078514 0.0078514 0.0014194 0.0035452 0.0028410 0.0028344 0.0028381 0.0078624 0.0064176 0.0064199 0.0071282 0.0057016 0.0057051 0.0049839 0.0064086 0.0049764 0.0049764 0.0050381 0.0056952 0.0056909 0.0056909 0.0057835 0.0398448 0.0359244 0.0358272 0.0350492 0.0350492 0.0340782 0.0327368 0.0343024 0.0342819 0.0334881 0.0334749 0.0334749 0.0339075 0.0265247 0.0272501 0.0333041 0.0264373 0.0317933 0.0298575 0.0421619 0.0445403 0.0421047 0.0388276 0.0434919 0.0436873 0.0421932 0.0444689 0.0437877 0.0428711 0.0429196 0.0435963 0.0437536 0.0445612 0.0428786 0.0419720 0.0412971 0.0365862 0.0365488 0.0381765 0.0381765 0.0389494 0.0397347 0.0388663 0.0365117 0.0366716 0.0381126 0.0373434 0.0374378 0.0349644 0.0365703 0.0365114 0.0335675 0.0342027 0.0365068 0.0342454 0.0349066 0.0357721 0.0303064 0.0295488 0.0295488 0.0341348 0.0349409 0.0334347 0.0358634 0.0334678 0.0341876 0.0333981 0.0349553 0.0349579 0.0349245 0.0334367 0.0342450 0.0326552 0.0341928 0.0311011 0.0333936 0.0318338 0.0334773 0.0318225 0.0333947 0.0334235 0.0318727 0.0326165 0.0325945 0.0330490 0.0325899 0.0312288 0.0318542 0.0302862 0.0302862 0.0297097 0.0295290 0.0295290 
KU188508.1_Symbiodinium_sp.                                        0.0686620 0.0626610 0.0356464 0.0334524 0.0319013 0.0136819 0.0114734 0.0078473 0.0100104 0.0071308 0.0078668 0.0000000 0.0085774 0.0078522 0.0064137 0.0056918 0.0056918 0.0064340 0.0071238 0.0064223 0.0049761 0.0064158 0.0056913 0.0042583 0.0042599 0.0049738 0.0035468 0.0035490 0.0028346 0.0042588 0.0028346 0.0028346 0.0028696 0.0035481 0.0035455 0.0035455 0.0036030 0.0390192 0.0351101 0.0350154 0.0342396 0.0342396 0.0332580 0.0327323 0.0334943 0.0334743 0.0326833 0.0326704 0.0326704 0.0330918 0.0242333 0.0249572 0.0309798 0.0241537 0.0294762 0.0275250 0.0389814 0.0413411 0.0389288 0.0364639 0.0411024 0.0412860 0.0397962 0.0420634 0.0413803 0.0404763 0.0405218 0.0412007 0.0413484 0.0421502 0.0412790 0.0395886 0.0389118 0.0342298 0.0341950 0.0358087 0.0358087 0.0365774 0.0373580 0.0364999 0.0341605 0.0343092 0.0357489 0.0349840 0.0350720 0.0326223 0.0342151 0.0341603 0.0312235 0.0334178 0.0341560 0.0334387 0.0325687 0.0334230 0.0295131 0.0302781 0.0302781 0.0318014 0.0326005 0.0311008 0.0335080 0.0311313 0.0318503 0.0310667 0.0326138 0.0326162 0.0325852 0.0311024 0.0319036 0.0303263 0.0318551 0.0287828 0.0310626 0.0295136 0.0311400 0.0295032 0.0310636 0.0310902 0.0295495 0.0302906 0.0302703 0.0306911 0.0302661 0.0289006 0.0295324 0.0279763 0.0279763 0.0273890 0.0272231 0.0272231 
AB055917.1_Symbiodinium_sp.                                        0.0720754 0.0617860 0.0355834 0.0357283 0.0341709 0.0107377 0.0085556 0.0107293 0.0071092 0.0100097 0.0107561 0.0085774 0.0000000 0.0049681 0.0035427 0.0028296 0.0028296 0.0093183 0.0099998 0.0093013 0.0078404 0.0092919 0.0085726 0.0071268 0.0071294 0.0064023 0.0064108 0.0064149 0.0056929 0.0056849 0.0056844 0.0056844 0.0057547 0.0049732 0.0049694 0.0049694 0.0043259 0.0413226 0.0373990 0.0372978 0.0365190 0.0365190 0.0347927 0.0342775 0.0357729 0.0357515 0.0349562 0.0349424 0.0349424 0.0353935 0.0272440 0.0279686 0.0324732 0.0271544 0.0309675 0.0290295 0.0412901 0.0436589 0.0412342 0.0379730 0.0426198 0.0404049 0.0389197 0.0411792 0.0404967 0.0395991 0.0412019 0.0418782 0.0420282 0.0436793 0.0419578 0.0411047 0.0404303 0.0357381 0.0357017 0.0357742 0.0357742 0.0372611 0.0364936 0.0380106 0.0356656 0.0358212 0.0372592 0.0364930 0.0365849 0.0341243 0.0357227 0.0356653 0.0327291 0.0349226 0.0356608 0.0349444 0.0340680 0.0349280 0.0310063 0.0317729 0.0317729 0.0332992 0.0341014 0.0326001 0.0350169 0.0326322 0.0333505 0.0325644 0.0341154 0.0341179 0.0340854 0.0326020 0.0334063 0.0318238 0.0333555 0.0318205 0.0325601 0.0310068 0.0326414 0.0309959 0.0325612 0.0325892 0.0310446 0.0317862 0.0317648 0.0322065 0.0317604 0.0304000 0.0310266 0.0294655 0.0294655 0.0288861 0.0287110 0.0287110 
AJ271757.1_Symbiodinium_sp.                                        0.0711917 0.0609358 0.0348073 0.0349382 0.0333842 0.0100086 0.0078322 0.0100008 0.0063898 0.0092824 0.0100257 0.0078522 0.0049681 0.0000000 0.0028304 0.0021194 0.0021194 0.0085901 0.0092733 0.0085745 0.0071182 0.0085658 0.0078478 0.0064056 0.0064080 0.0056834 0.0056910 0.0056945 0.0049747 0.0049677 0.0049672 0.0049672 0.0050286 0.0042570 0.0042538 0.0042538 0.0043228 0.0405185 0.0366031 0.0365042 0.0357271 0.0357271 0.0347686 0.0342535 0.0349818 0.0349609 0.0341678 0.0341543 0.0341543 0.0345948 0.0264729 0.0271969 0.0316939 0.0263859 0.0301908 0.0282478 0.0404867 0.0428506 0.0404320 0.0371802 0.0418182 0.0420050 0.0405166 0.0427822 0.0421009 0.0411948 0.0412411 0.0419181 0.0412876 0.0428705 0.0419978 0.0403052 0.0396302 0.0349479 0.0349124 0.0349831 0.0349831 0.0372960 0.0380766 0.0372169 0.0348771 0.0350290 0.0364665 0.0357017 0.0357914 0.0333389 0.0349328 0.0348769 0.0319432 0.0341349 0.0348725 0.0341563 0.0332841 0.0341403 0.0302285 0.0309935 0.0309935 0.0325168 0.0333166 0.0318176 0.0342270 0.0318489 0.0325668 0.0317828 0.0333302 0.0333327 0.0333010 0.0318194 0.0326213 0.0310430 0.0325717 0.0310399 0.0317786 0.0302290 0.0318578 0.0302184 0.0317797 0.0318069 0.0302658 0.0310064 0.0309856 0.0314160 0.0309813 0.0296196 0.0302483 0.0286913 0.0286913 0.0281084 0.0279382 0.0279382 
AB863030.1_Symbiodinium_sp.                                        0.0694843 0.0592888 0.0332350 0.0333934 0.0318451 0.0085643 0.0063974 0.0085577 0.0049615 0.0078412 0.0085790 0.0064137 0.0035427 0.0028304 0.0000000 0.0007046 0.0007046 0.0071464 0.0078335 0.0071334 0.0056850 0.0071262 0.0064101 0.0049738 0.0049756 0.0042554 0.0042610 0.0042637 0.0035474 0.0035424 0.0035420 0.0035420 0.0035858 0.0028333 0.0028311 0.0028311 0.0028770 0.0389499 0.0350480 0.0349536 0.0341792 0.0341792 0.0331983 0.0326731 0.0334351 0.0334152 0.0326257 0.0326128 0.0326128 0.0330328 0.0249591 0.0256825 0.0301679 0.0248772 0.0286687 0.0267147 0.0389194 0.0412752 0.0388669 0.0356315 0.0402553 0.0404345 0.0389481 0.0412094 0.0405265 0.0396280 0.0396724 0.0403512 0.0404954 0.0412942 0.0404277 0.0387454 0.0380688 0.0334027 0.0333689 0.0334363 0.0334363 0.0357420 0.0365199 0.0356665 0.0333353 0.0334800 0.0349174 0.0341550 0.0342405 0.0318023 0.0333885 0.0333351 0.0304045 0.0325944 0.0333309 0.0326148 0.0317501 0.0325995 0.0287046 0.0294669 0.0294669 0.0309853 0.0317810 0.0302854 0.0326821 0.0303150 0.0310329 0.0302522 0.0317939 0.0317963 0.0317661 0.0302870 0.0310846 0.0295137 0.0310375 0.0295108 0.0302483 0.0287049 0.0303235 0.0286949 0.0302493 0.0302751 0.0287398 0.0294791 0.0294593 0.0298679 0.0294553 0.0280899 0.0287233 0.0271731 0.0271731 0.0265829 0.0264222 0.0264222 
AB016579.1_Symbiodinium_sp.                                        0.0685680 0.0584142 0.0324230 0.0325953 0.0310513 0.0078379 0.0056774 0.0078319 0.0042459 0.0071168 0.0078514 0.0056918 0.0028296 0.0021194 0.0007046 0.0000000 0.0000010 0.0064213 0.0071098 0.0064097 0.0049663 0.0064032 0.0056887 0.0042564 0.0042579 0.0035404 0.0035451 0.0035474 0.0028333 0.0028294 0.0028291 0.0028291 0.0028640 0.0021215 0.0021199 0.0021199 0.0021542 0.0381347 0.0342431 0.0341512 0.0333788 0.0333788 0.0323873 0.0318574 0.0326360 0.0326167 0.0318296 0.0318171 0.0318171 0.0322262 0.0241841 0.0249066 0.0293823 0.0241049 0.0278863 0.0259283 0.0381050 0.0404544 0.0380537 0.0348294 0.0394419 0.0396171 0.0381329 0.0403901 0.0397069 0.0388132 0.0388565 0.0395357 0.0396766 0.0404730 0.0396105 0.0379350 0.0372580 0.0326045 0.0325715 0.0326372 0.0326372 0.0349371 0.0357130 0.0348635 0.0325388 0.0326796 0.0341159 0.0333552 0.0334386 0.0310097 0.0325906 0.0325386 0.0296122 0.0317992 0.0325346 0.0318191 0.0309590 0.0318041 0.0279212 0.0286815 0.0286815 0.0301962 0.0309891 0.0294964 0.0318846 0.0295252 0.0302424 0.0294642 0.0310015 0.0310039 0.0309745 0.0294979 0.0302927 0.0287269 0.0302469 0.0287241 0.0294604 0.0279215 0.0295334 0.0279117 0.0294613 0.0294864 0.0279554 0.0286933 0.0286741 0.0290711 0.0286703 0.0273042 0.0279393 0.0263940 0.0263940 0.0258005 0.0256449 0.0256449 
AB016572.1_Symbiodinium_sp.                                        0.0685680 0.0584142 0.0324230 0.0325953 0.0310513 0.0078379 0.0056774 0.0078319 0.0042459 0.0071168 0.0078514 0.0056918 0.0028296 0.0021194 0.0007046 0.0000010 0.0000000 0.0064213 0.0071098 0.0064097 0.0049663 0.0064032 0.0056887 0.0042564 0.0042579 0.0035404 0.0035451 0.0035474 0.0028333 0.0028294 0.0028291 0.0028291 0.0028640 0.0021215 0.0021199 0.0021199 0.0021542 0.0381347 0.0342431 0.0341512 0.0333788 0.0333788 0.0323873 0.0318574 0.0326360 0.0326167 0.0318296 0.0318171 0.0318171 0.0322262 0.0241841 0.0249066 0.0293823 0.0241049 0.0278863 0.0259283 0.0381050 0.0404544 0.0380537 0.0348294 0.0394419 0.0396171 0.0381329 0.0403901 0.0397069 0.0388132 0.0388565 0.0395357 0.0396766 0.0404730 0.0396105 0.0379350 0.0372580 0.0326045 0.0325715 0.0326372 0.0326372 0.0349371 0.0357130 0.0348635 0.0325388 0.0326796 0.0341159 0.0333552 0.0334386 0.0310097 0.0325906 0.0325386 0.0296122 0.0317992 0.0325346 0.0318191 0.0309590 0.0318041 0.0279212 0.0286815 0.0286815 0.0301962 0.0309891 0.0294964 0.0318846 0.0295252 0.0302424 0.0294642 0.0310015 0.0310039 0.0309745 0.0294979 0.0302927 0.0287269 0.0302469 0.0287241 0.0294604 0.0279215 0.0295334 0.0279117 0.0294613 0.0294864 0.0279554 0.0286933 0.0286741 0.0290711 0.0286703 0.0273042 0.0279393 0.0263940 0.0263940 0.0258005 0.0256449 0.0256449 
L13717.1_Symbiodinium_corculorum                                   0.0663449 0.0603376 0.0332971 0.0327542 0.0312023 0.0144430 0.0122261 0.0085848 0.0107557 0.0078660 0.0014194 0.0064340 0.0093183 0.0085901 0.0071464 0.0064213 0.0064213 0.0000000 0.0021263 0.0014199 0.0014166 0.0014185 0.0064304 0.0049895 0.0049913 0.0057003 0.0042745 0.0042772 0.0035585 0.0049825 0.0035532 0.0035532 0.0035972 0.0042697 0.0042665 0.0042665 0.0043359 0.0375476 0.0344110 0.0343181 0.0335418 0.0335418 0.0325479 0.0311992 0.0327954 0.0327758 0.0319847 0.0319720 0.0319720 0.0323851 0.0250397 0.0257654 0.0318092 0.0249573 0.0303005 0.0283515 0.0406363 0.0430093 0.0405812 0.0373165 0.0419720 0.0421602 0.0406664 0.0429404 0.0422568 0.0413468 0.0413935 0.0420727 0.0422241 0.0430294 0.0413540 0.0404535 0.0397762 0.0350761 0.0350403 0.0366617 0.0366617 0.0374332 0.0382168 0.0373535 0.0350048 0.0351578 0.0366004 0.0358327 0.0359231 0.0334608 0.0350609 0.0350045 0.0320604 0.0327003 0.0350001 0.0327410 0.0334056 0.0342653 0.0288148 0.0280584 0.0280584 0.0326354 0.0334384 0.0319338 0.0343527 0.0319653 0.0326858 0.0318987 0.0334520 0.0334546 0.0334226 0.0319356 0.0327406 0.0311563 0.0326907 0.0296064 0.0318945 0.0303391 0.0319743 0.0303283 0.0318956 0.0319230 0.0303761 0.0311194 0.0310985 0.0315320 0.0310942 0.0297279 0.0303585 0.0287955 0.0287955 0.0282111 0.0280397 0.0280397 
AB055918.1_Symbiodinium_sp.                                        0.0668700 0.0608752 0.0339263 0.0333753 0.0318279 0.0151112 0.0128995 0.0092676 0.0114323 0.0085510 0.0035452 0.0071238 0.0099998 0.0092733 0.0078335 0.0071098 0.0071098 0.0021263 0.0000000 0.0021225 0.0021176 0.0021203 0.0071199 0.0056824 0.0056844 0.0063905 0.0049695 0.0049726 0.0042554 0.0056744 0.0042490 0.0042490 0.0043015 0.0049640 0.0049602 0.0049602 0.0050406 0.0389285 0.0350289 0.0349346 0.0341606 0.0341606 0.0331801 0.0318398 0.0334170 0.0333972 0.0326080 0.0325952 0.0325952 0.0330147 0.0256824 0.0264052 0.0324297 0.0255982 0.0309261 0.0289902 0.0412342 0.0435998 0.0411785 0.0379219 0.0425624 0.0427527 0.0412647 0.0435302 0.0428504 0.0419414 0.0419886 0.0426641 0.0428172 0.0436202 0.0427454 0.0410494 0.0403758 0.0356900 0.0356537 0.0372712 0.0372712 0.0380402 0.0388213 0.0379595 0.0356177 0.0357729 0.0372091 0.0364438 0.0365355 0.0340784 0.0356746 0.0356174 0.0326850 0.0348756 0.0356129 0.0333618 0.0340224 0.0348811 0.0294457 0.0286917 0.0286917 0.0332545 0.0340557 0.0325563 0.0349697 0.0325884 0.0333058 0.0325207 0.0340696 0.0340721 0.0340397 0.0325582 0.0333614 0.0317811 0.0333107 0.0302354 0.0325164 0.0309653 0.0325975 0.0309544 0.0325175 0.0325454 0.0310029 0.0317435 0.0317223 0.0321628 0.0317179 0.0296001 0.0309851 0.0294261 0.0294261 0.0288472 0.0286726 0.0286726 
X62650.1_S.pilosum                                                 0.0662165 0.0602228 0.0332343 0.0326935 0.0311445 0.0144167 0.0122039 0.0085692 0.0107360 0.0078517 0.0028410 0.0064223 0.0093013 0.0085745 0.0071334 0.0064097 0.0064097 0.0014199 0.0021225 0.0000000 0.0014141 0.0014159 0.0064187 0.0049805 0.0049823 0.0056900 0.0042667 0.0042694 0.0035521 0.0049735 0.0035468 0.0035468 0.0035906 0.0042620 0.0042588 0.0042588 0.0043279 0.0382510 0.0343469 0.0342543 0.0334795 0.0334795 0.0324865 0.0311400 0.0327344 0.0327150 0.0319253 0.0319127 0.0319127 0.0323243 0.0249936 0.0257179 0.0317505 0.0249115 0.0302447 0.0282987 0.0405604 0.0429288 0.0405055 0.0372472 0.0418940 0.0420815 0.0405903 0.0428602 0.0421777 0.0412696 0.0413162 0.0419943 0.0421451 0.0429488 0.0420743 0.0403782 0.0397021 0.0350109 0.0349753 0.0365935 0.0365935 0.0373635 0.0381456 0.0372841 0.0349399 0.0350923 0.0365323 0.0357661 0.0358561 0.0333988 0.0349958 0.0349396 0.0320007 0.0341964 0.0349352 0.0326802 0.0333438 0.0342017 0.0287616 0.0280067 0.0280067 0.0325751 0.0333765 0.0318747 0.0342888 0.0319061 0.0326253 0.0318397 0.0333901 0.0333926 0.0333608 0.0318764 0.0326799 0.0310986 0.0326302 0.0295517 0.0318355 0.0302831 0.0319150 0.0302724 0.0318366 0.0318639 0.0303199 0.0310619 0.0310410 0.0314729 0.0310367 0.0296728 0.0303024 0.0287424 0.0287424 0.0281588 0.0279880 0.0279880 
AB016723.1_Symbiodinium_sp.                                        0.0660415 0.0600675 0.0331513 0.0310832 0.0295436 0.0129248 0.0107259 0.0071138 0.0092691 0.0063996 0.0028344 0.0049761 0.0078404 0.0071182 0.0056850 0.0049663 0.0049663 0.0014166 0.0021176 0.0014141 0.0000000 0.0014127 0.0049733 0.0035439 0.0035452 0.0042513 0.0028337 0.0028354 0.0021232 0.0035390 0.0021200 0.0021200 0.0021461 0.0028305 0.0028284 0.0028284 0.0028741 0.0381560 0.0342621 0.0341700 0.0333972 0.0333972 0.0324054 0.0310619 0.0326540 0.0326346 0.0318471 0.0318345 0.0318345 0.0322441 0.0234308 0.0241530 0.0301544 0.0233541 0.0286558 0.0267026 0.0389016 0.0412563 0.0388492 0.0356153 0.0402369 0.0404160 0.0389302 0.0411905 0.0405079 0.0396099 0.0396542 0.0403328 0.0404769 0.0412753 0.0404092 0.0387278 0.0380514 0.0333876 0.0333538 0.0349598 0.0349598 0.0357257 0.0365033 0.0356503 0.0333202 0.0334647 0.0349016 0.0341395 0.0342250 0.0317879 0.0333733 0.0333200 0.0303908 0.0325796 0.0333159 0.0310709 0.0317358 0.0325847 0.0271791 0.0279386 0.0279386 0.0309714 0.0317667 0.0302717 0.0326673 0.0303013 0.0310189 0.0302386 0.0317795 0.0317820 0.0317518 0.0302733 0.0310706 0.0295004 0.0310235 0.0279631 0.0302347 0.0286921 0.0303098 0.0286820 0.0302357 0.0302614 0.0287269 0.0294658 0.0294461 0.0298543 0.0294421 0.0280773 0.0287104 0.0271610 0.0271610 0.0265709 0.0264104 0.0264104 
AB016724.1_Symbiodinium_sp.                                        0.0661438 0.0601579 0.0331989 0.0326592 0.0311119 0.0144019 0.0121914 0.0085605 0.0107252 0.0078437 0.0028381 0.0064158 0.0092919 0.0085658 0.0071262 0.0064032 0.0064032 0.0014185 0.0021203 0.0014159 0.0014127 0.0000000 0.0064122 0.0049754 0.0049772 0.0056843 0.0042624 0.0042651 0.0035485 0.0049685 0.0035432 0.0035432 0.0035870 0.0042577 0.0042545 0.0042545 0.0043235 0.0382106 0.0343107 0.0342183 0.0334443 0.0334443 0.0324518 0.0311066 0.0327001 0.0326806 0.0318919 0.0318793 0.0318793 0.0322900 0.0249676 0.0256912 0.0317174 0.0248856 0.0302131 0.0282689 0.0405175 0.0428834 0.0404627 0.0372082 0.0418499 0.0420370 0.0405474 0.0428148 0.0421331 0.0412261 0.0412725 0.0419500 0.0421005 0.0429033 0.0420299 0.0403358 0.0396602 0.0349741 0.0349386 0.0365550 0.0365550 0.0373242 0.0381054 0.0372450 0.0349033 0.0350553 0.0364939 0.0357285 0.0358184 0.0333638 0.0349591 0.0349030 0.0319671 0.0341605 0.0348986 0.0326460 0.0333089 0.0341659 0.0287316 0.0279775 0.0279775 0.0325410 0.0333415 0.0318413 0.0342527 0.0318726 0.0325911 0.0318064 0.0333551 0.0333576 0.0333259 0.0318431 0.0326457 0.0310661 0.0325960 0.0295208 0.0318023 0.0302515 0.0318816 0.0302408 0.0318033 0.0318306 0.0302883 0.0310295 0.0310086 0.0314396 0.0310043 0.0296417 0.0302708 0.0287125 0.0287125 0.0281293 0.0279588 0.0279588 
KU188515.1_Symbiodinium_sp.                                        0.0686155 0.0626199 0.0356242 0.0334320 0.0318819 0.0136741 0.0114670 0.0078429 0.0100048 0.0071268 0.0078624 0.0056913 0.0085726 0.0078478 0.0064101 0.0056887 0.0056887 0.0064304 0.0071199 0.0064187 0.0049733 0.0064122 0.0000000 0.0042560 0.0042575 0.0049711 0.0035448 0.0035470 0.0028330 0.0042564 0.0028330 0.0028330 0.0028680 0.0035462 0.0035435 0.0035435 0.0028782 0.0389950 0.0350886 0.0349940 0.0342187 0.0342187 0.0324523 0.0319217 0.0334738 0.0334539 0.0326634 0.0326505 0.0326505 0.0330715 0.0242189 0.0249423 0.0309611 0.0241394 0.0294585 0.0275084 0.0397422 0.0421044 0.0396885 0.0364415 0.0410770 0.0412604 0.0397716 0.0420372 0.0413545 0.0404512 0.0404966 0.0411751 0.0413227 0.0421239 0.0412534 0.0395642 0.0388877 0.0342089 0.0341742 0.0357868 0.0357868 0.0365549 0.0373350 0.0364775 0.0341397 0.0342882 0.0357271 0.0349627 0.0350505 0.0326025 0.0341942 0.0341395 0.0312046 0.0333974 0.0341352 0.0334184 0.0325489 0.0334026 0.0294954 0.0302598 0.0302598 0.0317822 0.0325808 0.0310820 0.0334875 0.0311125 0.0318310 0.0310479 0.0325940 0.0325964 0.0325655 0.0310836 0.0318842 0.0303080 0.0318358 0.0287654 0.0310438 0.0294958 0.0311212 0.0294854 0.0310449 0.0310714 0.0295317 0.0302723 0.0302520 0.0306723 0.0302479 0.0288831 0.0295147 0.0279595 0.0279595 0.0273725 0.0272068 0.0272068 
KU188511.1_Symbiodinium_sp.                                        0.0668624 0.0609174 0.0340217 0.0318666 0.0303235 0.0122051 0.0100097 0.0064017 0.0085551 0.0056879 0.0064176 0.0042583 0.0071268 0.0064056 0.0049738 0.0042564 0.0042564 0.0049895 0.0056824 0.0049805 0.0035439 0.0049754 0.0042560 0.0000000 0.0028316 0.0035423 0.0021218 0.0021232 0.0014132 0.0028309 0.0014132 0.0014132 0.0014306 0.0021226 0.0021211 0.0021211 0.0021552 0.0374013 0.0335115 0.0334216 0.0326495 0.0326495 0.0316464 0.0311111 0.0319065 0.0318876 0.0311013 0.0310890 0.0310890 0.0314890 0.0226952 0.0234175 0.0294142 0.0226209 0.0279166 0.0259568 0.0381468 0.0404989 0.0380954 0.0348675 0.0394850 0.0396605 0.0381749 0.0404344 0.0397506 0.0388557 0.0388992 0.0395790 0.0397202 0.0405175 0.0396539 0.0379764 0.0372989 0.0326401 0.0326072 0.0342102 0.0342102 0.0349754 0.0357522 0.0349016 0.0325744 0.0327155 0.0341532 0.0333917 0.0327109 0.0310436 0.0326263 0.0325742 0.0296446 0.0318339 0.0325701 0.0318539 0.0309927 0.0318389 0.0279516 0.0287128 0.0287128 0.0302291 0.0310229 0.0295286 0.0319195 0.0295575 0.0302754 0.0294963 0.0310354 0.0310377 0.0310083 0.0295301 0.0303258 0.0287583 0.0302799 0.0272230 0.0294925 0.0279519 0.0295657 0.0279421 0.0294935 0.0295185 0.0279859 0.0287245 0.0287053 0.0291032 0.0287015 0.0273341 0.0279697 0.0264228 0.0264228 0.0258288 0.0256728 0.0256728 
KU188514.1_Symbiodinium_sp.                                        0.0668929 0.0609444 0.0340358 0.0318795 0.0303357 0.0122097 0.0100134 0.0064040 0.0085583 0.0056900 0.0064199 0.0042599 0.0071294 0.0064080 0.0049756 0.0042579 0.0042579 0.0049913 0.0056844 0.0049823 0.0035452 0.0049772 0.0042575 0.0028316 0.0000000 0.0035436 0.0021226 0.0021239 0.0014137 0.0028319 0.0014137 0.0014137 0.0014311 0.0021234 0.0021218 0.0021218 0.0021552 0.0374168 0.0335252 0.0334352 0.0326628 0.0326628 0.0316595 0.0311240 0.0319194 0.0319005 0.0311139 0.0311016 0.0311016 0.0315018 0.0227041 0.0234267 0.0294260 0.0226298 0.0279278 0.0259672 0.0381626 0.0405158 0.0381111 0.0348817 0.0395012 0.0396770 0.0381907 0.0404512 0.0397671 0.0388718 0.0389153 0.0395954 0.0397367 0.0405344 0.0396704 0.0379921 0.0373142 0.0326534 0.0326204 0.0342241 0.0342241 0.0349897 0.0357668 0.0349159 0.0325876 0.0327288 0.0341671 0.0334053 0.0334889 0.0310561 0.0326395 0.0325874 0.0296566 0.0318468 0.0325833 0.0318668 0.0310052 0.0318517 0.0279627 0.0287243 0.0287243 0.0302412 0.0310354 0.0295405 0.0319325 0.0295693 0.0302876 0.0295081 0.0310479 0.0310503 0.0310208 0.0295420 0.0303380 0.0287698 0.0302921 0.0272338 0.0295044 0.0279631 0.0295776 0.0279532 0.0295053 0.0295304 0.0279970 0.0287360 0.0287168 0.0291150 0.0287130 0.0273450 0.0279809 0.0264332 0.0264332 0.0258391 0.0256830 0.0256830 
AF238256.1_Symbiodinium_sp._Type_A                                 0.0676846 0.0600377 0.0332036 0.0325977 0.0310535 0.0114660 0.0092777 0.0071106 0.0078278 0.0063968 0.0071282 0.0049738 0.0064023 0.0056834 0.0042554 0.0035404 0.0035404 0.0057003 0.0063905 0.0056900 0.0042513 0.0056843 0.0049711 0.0035423 0.0035436 0.0000000 0.0028324 0.0028342 0.0021222 0.0021192 0.0021190 0.0021190 0.0021451 0.0014125 0.0014114 0.0014114 0.0014340 0.0381377 0.0342457 0.0341537 0.0333812 0.0333812 0.0323897 0.0318597 0.0326384 0.0326191 0.0318319 0.0318194 0.0318194 0.0322285 0.0234198 0.0241416 0.0301402 0.0233432 0.0286423 0.0266899 0.0388829 0.0412364 0.0388306 0.0355983 0.0402177 0.0403966 0.0389115 0.0411707 0.0404884 0.0395909 0.0396352 0.0403134 0.0404574 0.0412554 0.0403898 0.0387093 0.0380332 0.0333717 0.0333379 0.0349431 0.0349431 0.0357086 0.0364858 0.0356333 0.0333044 0.0334488 0.0348850 0.0341232 0.0342086 0.0317728 0.0333575 0.0333042 0.0303763 0.0325642 0.0333000 0.0325846 0.0317208 0.0325692 0.0286781 0.0294398 0.0294398 0.0309567 0.0317516 0.0302574 0.0326517 0.0302870 0.0310042 0.0302243 0.0317645 0.0317669 0.0317368 0.0302590 0.0310558 0.0294865 0.0310088 0.0279499 0.0302204 0.0286785 0.0302954 0.0286684 0.0302214 0.0302471 0.0287133 0.0294519 0.0294322 0.0298400 0.0294282 0.0280640 0.0286968 0.0271482 0.0271482 0.0265583 0.0263980 0.0263980 
KU188513.1_Symbiodinium_sp.                                        0.0660451 0.0601187 0.0332489 0.0311100 0.0295691 0.0114813 0.0092900 0.0056874 0.0078382 0.0049744 0.0057016 0.0035468 0.0064108 0.0056910 0.0042610 0.0035451 0.0035451 0.0042745 0.0049695 0.0042667 0.0028337 0.0042624 0.0035448 0.0021218 0.0021226 0.0028324 0.0000000 0.0014147 0.0007056 0.0021220 0.0007056 0.0007056 0.0007149 0.0014144 0.0014133 0.0014133 0.0014361 0.0366354 0.0327506 0.0326628 0.0318918 0.0318918 0.0308774 0.0303369 0.0311491 0.0311306 0.0303458 0.0303338 0.0303338 0.0307239 0.0219520 0.0226743 0.0286647 0.0218802 0.0271685 0.0252025 0.0373807 0.0397297 0.0373303 0.0341090 0.0387214 0.0388934 0.0374081 0.0396664 0.0389816 0.0380901 0.0381326 0.0388135 0.0389519 0.0397479 0.0388869 0.0372138 0.0365352 0.0318826 0.0318504 0.0334500 0.0334500 0.0342144 0.0349902 0.0341423 0.0318184 0.0319560 0.0333943 0.0326337 0.0327152 0.0302895 0.0318691 0.0318182 0.0288890 0.0310783 0.0318142 0.0310978 0.0302399 0.0310831 0.0272025 0.0279627 0.0279627 0.0294773 0.0302693 0.0287762 0.0311618 0.0288042 0.0295224 0.0287446 0.0302815 0.0302838 0.0302551 0.0287776 0.0295715 0.0280069 0.0295267 0.0264740 0.0287410 0.0272028 0.0288122 0.0271933 0.0287419 0.0287663 0.0272358 0.0279741 0.0279554 0.0283428 0.0279517 0.0265820 0.0272202 0.0256760 0.0256760 0.0250782 0.0249268 0.0249268 
KU188510.1_Symbiodinium_sp.                                        0.0660949 0.0601628 0.0332721 0.0311313 0.0295892 0.0114887 0.0092959 0.0056910 0.0078431 0.0049775 0.0057051 0.0035490 0.0064149 0.0056945 0.0042637 0.0035474 0.0035474 0.0042772 0.0049726 0.0042694 0.0028354 0.0042651 0.0035470 0.0021232 0.0021239 0.0028342 0.0014147 0.0000000 0.0007067 0.0021234 0.0007067 0.0007067 0.0007154 0.0014152 0.0014142 0.0014142 0.0014361 0.0366608 0.0327731 0.0326852 0.0319136 0.0319136 0.0308988 0.0303581 0.0311703 0.0311519 0.0303664 0.0303545 0.0303545 0.0307451 0.0219667 0.0226894 0.0286841 0.0218948 0.0271868 0.0252196 0.0374066 0.0397574 0.0373561 0.0341324 0.0387482 0.0389204 0.0374341 0.0396941 0.0390087 0.0381165 0.0381591 0.0388405 0.0389790 0.0397756 0.0389140 0.0372395 0.0365604 0.0319044 0.0318721 0.0334730 0.0334730 0.0342379 0.0350143 0.0341657 0.0318401 0.0319780 0.0334172 0.0326560 0.0327377 0.0303101 0.0318908 0.0318399 0.0289087 0.0310995 0.0318359 0.0311190 0.0302604 0.0311043 0.0272209 0.0279816 0.0279816 0.0294972 0.0302899 0.0287957 0.0311831 0.0288237 0.0295424 0.0287641 0.0303021 0.0303044 0.0302757 0.0287971 0.0295916 0.0280259 0.0295468 0.0264918 0.0287604 0.0272211 0.0288318 0.0272116 0.0287613 0.0287858 0.0272542 0.0279930 0.0279743 0.0283622 0.0279706 0.0266000 0.0272385 0.0256932 0.0256932 0.0250951 0.0249435 0.0249435 
KU188509.1_Symbiodinium_sp.                                        0.0651880 0.0592852 0.0324591 0.0303380 0.0288002 0.0107520 0.0085669 0.0049716 0.0071186 0.0042595 0.0049839 0.0028346 0.0056929 0.0049747 0.0035474 0.0028333 0.0028333 0.0035585 0.0042554 0.0035521 0.0021232 0.0035485 0.0028330 0.0014132 0.0014137 0.0021222 0.0007056 0.0007067 0.0000000 0.0014133 0.0000010 0.0000010 0.0000010 0.0007060 0.0007056 0.0007056 0.0007177 0.0358506 0.0319732 0.0318876 0.0311180 0.0311180 0.0300928 0.0295474 0.0303761 0.0303581 0.0295752 0.0295636 0.0295636 0.0299434 0.0211987 0.0219205 0.0279013 0.0211294 0.0264073 0.0244362 0.0365951 0.0389396 0.0365458 0.0333333 0.0379377 0.0381060 0.0366219 0.0388777 0.0381922 0.0373046 0.0373462 0.0380279 0.0381632 0.0389574 0.0380997 0.0364320 0.0357527 0.0311090 0.0310777 0.0326729 0.0326729 0.0334360 0.0342103 0.0333657 0.0310465 0.0311806 0.0326185 0.0318592 0.0319387 0.0295205 0.0310959 0.0310464 0.0281193 0.0303072 0.0310425 0.0303262 0.0294722 0.0303118 0.0264404 0.0271991 0.0271991 0.0287110 0.0295008 0.0280096 0.0303885 0.0280368 0.0287548 0.0279789 0.0295126 0.0295149 0.0294870 0.0280109 0.0288026 0.0272420 0.0287590 0.0257123 0.0279754 0.0264406 0.0280446 0.0264313 0.0279763 0.0279999 0.0264727 0.0272101 0.0271920 0.0275684 0.0271884 0.0258171 0.0264574 0.0249170 0.0249170 0.0243157 0.0241690 0.0241690 
