130
GU362426_Gymnodinium_catenatum                                     0.0000000 0.0454386 0.0658662 0.0705808 0.0688691 0.0773572 0.0754983 0.0693922 0.0736719 0.0649211 0.0679518 0.0686494 0.0720585 0.0711762 0.0694694 0.0685549 0.0685549 0.0663343 0.0668579 0.0662062 0.0660301 0.0661334 0.0686049 0.0668515 0.0668821 0.0676739 0.0660350 0.0660836 0.0651784 0.0668087 0.0651257 0.0651257 0.0660095 0.0660048 0.0659515 0.0659515 0.0653861 0.0735540 0.0674555 0.0672594 0.0664172 0.0664172 0.0659072 0.0665753 0.0665702 0.0655953 0.0656431 0.0664960 0.0664960 0.0673964 0.0630338 0.0628680 0.0678385 0.0636287 0.0662205 0.0645226 0.0742936 0.0768729 0.0741863 0.0695757 0.0695104 0.0750601 0.0732737 0.0767476 0.0760949 0.0749979 0.0742451 0.0731462 0.0734318 0.0769288 0.0741991 0.0739401 0.0715526 0.0697687 0.0696914 0.0697957 0.0697957 0.0724592 0.0707728 0.0705479 0.0696965 0.0708686 0.0681067 0.0706480 0.0708444 0.0636145 0.0698199 0.0696915 0.0666049 0.0689186 0.0680155 0.0657354 0.0670650 0.0680398 0.0604319 0.0596202 0.0596202 0.0670571 0.0679659 0.0663666 0.0691130 0.0664412 0.0680095 0.0662955 0.0680016 0.0680029 0.0679335 0.0672296 0.0664619 0.0655167 0.0671846 0.0612788 0.0662841 0.0662237 0.0664610 0.0645388 0.0637907 0.0663498 0.0620095 0.0654293 0.0653856 0.0663399 0.0653709 0.0640815 0.0646098 0.0628661 0.0628661 0.0632985 0.0636996 0.0636996 
EF492511                                                           0.0454386 0.0000000 0.0450622 0.0638418 0.0621773 0.0677031 0.0650792 0.0633210 0.0633316 0.0614746 0.0618973 0.0626396 0.0617631 0.0609142 0.0592679 0.0583949 0.0583949 0.0603181 0.0608544 0.0602038 0.0600474 0.0601388 0.0626001 0.0608978 0.0609249 0.0600194 0.0601000 0.0601430 0.0592670 0.0591824 0.0591729 0.0591729 0.0599596 0.0583987 0.0583523 0.0583523 0.0576471 0.0665496 0.0606390 0.0604685 0.0580339 0.0580339 0.0573664 0.0579344 0.0614502 0.0588498 0.0605532 0.0597188 0.0597188 0.0605097 0.0531718 0.0521085 0.0537560 0.0513514 0.0521954 0.0504125 0.0681064 0.0706147 0.0680101 0.0619873 0.0627885 0.0655685 0.0654868 0.0688503 0.0681964 0.0671575 0.0655460 0.0653769 0.0656243 0.0690085 0.0663771 0.0661513 0.0654553 0.0638387 0.0637704 0.0647169 0.0647169 0.0646923 0.0646897 0.0628613 0.0636622 0.0631759 0.0621270 0.0629479 0.0622927 0.0586486 0.0621424 0.0612119 0.0590471 0.0612745 0.0620259 0.0581666 0.0578438 0.0604255 0.0530537 0.0522640 0.0522640 0.0594875 0.0603620 0.0588020 0.0614422 0.0588659 0.0603995 0.0587398 0.0603924 0.0603938 0.0595172 0.0588098 0.0588839 0.0579777 0.0587809 0.0553796 0.0587305 0.0586782 0.0588828 0.0570446 0.0579169 0.0587865 0.0546184 0.0579028 0.0562584 0.0570610 0.0578529 0.0565604 0.0571059 0.0554222 0.0554222 0.0557944 0.0562311 0.0562311 
JF791031                                                           0.0658662 0.0450622 0.0000000 0.0417731 0.0401719 0.0403904 0.0387659 0.0379414 0.0371306 0.0354395 0.0348201 0.0356371 0.0355728 0.0347975 0.0332258 0.0324146 0.0324146 0.0332899 0.0339184 0.0332274 0.0331438 0.0331919 0.0356158 0.0340134 0.0340276 0.0331961 0.0332411 0.0332638 0.0324516 0.0324049 0.0324005 0.0324005 0.0328249 0.0316431 0.0316182 0.0316182 0.0313618 0.0442219 0.0402271 0.0401173 0.0393249 0.0393249 0.0392183 0.0379028 0.0393542 0.0385446 0.0385169 0.0377191 0.0377191 0.0382132 0.0322048 0.0336808 0.0375216 0.0336309 0.0359874 0.0340646 0.0449158 0.0473250 0.0448531 0.0407498 0.0431062 0.0440506 0.0449259 0.0472243 0.0465397 0.0456035 0.0456543 0.0455209 0.0456877 0.0473469 0.0464265 0.0455489 0.0448705 0.0408875 0.0408452 0.0417259 0.0417259 0.0392282 0.0424267 0.0408193 0.0399991 0.0402043 0.0416291 0.0408487 0.0393783 0.0384279 0.0400666 0.0376420 0.0362328 0.0392056 0.0384064 0.0377625 0.0375834 0.0392506 0.0329108 0.0321428 0.0321428 0.0375783 0.0384003 0.0360985 0.0393516 0.0369115 0.0368603 0.0368338 0.0384181 0.0384197 0.0360469 0.0368766 0.0369228 0.0376422 0.0360839 0.0368518 0.0352644 0.0336831 0.0369215 0.0352271 0.0368289 0.0368620 0.0337105 0.0360369 0.0360136 0.0356793 0.0360074 0.0346438 0.0352644 0.0336664 0.0336664 0.0338885 0.0328978 0.0328978 
AY160124.1_Symbiodinium_sp._G15                                    0.0705808 0.0638418 0.0417731 0.0000000 0.0014078 0.0396845 0.0388293 0.0357043 0.0372226 0.0332655 0.0342543 0.0334472 0.0357198 0.0349304 0.0333859 0.0325887 0.0325887 0.0327493 0.0333696 0.0326887 0.0310784 0.0326543 0.0334276 0.0318621 0.0318751 0.0325932 0.0311060 0.0311267 0.0303342 0.0318170 0.0302872 0.0302872 0.0306762 0.0310693 0.0310452 0.0310452 0.0299998 0.0402476 0.0363591 0.0362625 0.0354910 0.0354910 0.0345333 0.0348652 0.0355167 0.0347303 0.0347060 0.0339301 0.0339301 0.0343649 0.0309047 0.0338862 0.0361281 0.0315551 0.0346218 0.0327200 0.0434167 0.0457819 0.0433571 0.0408617 0.0439530 0.0457119 0.0450066 0.0464921 0.0458168 0.0448979 0.0433556 0.0456156 0.0457803 0.0457024 0.0457073 0.0439981 0.0433290 0.0402017 0.0401609 0.0401618 0.0401618 0.0417729 0.0409983 0.0409041 0.0377874 0.0402994 0.0401514 0.0393857 0.0394866 0.0331690 0.0386182 0.0385524 0.0356269 0.0385957 0.0385489 0.0355920 0.0354244 0.0378187 0.0308480 0.0316104 0.0316104 0.0361817 0.0369868 0.0354874 0.0379142 0.0370589 0.0370084 0.0354498 0.0370036 0.0370051 0.0362056 0.0354902 0.0362987 0.0347107 0.0362444 0.0354745 0.0354455 0.0338887 0.0355327 0.0338751 0.0354453 0.0354765 0.0331554 0.0346686 0.0346466 0.0351274 0.0346408 0.0332956 0.0339104 0.0323440 0.0323440 0.0317785 0.0315895 0.0315895 
HE653239_Symbiodinium_voratum                                      0.0688691 0.0621773 0.0401719 0.0014078 0.0000000 0.0381098 0.0372608 0.0341478 0.0356620 0.0317237 0.0326989 0.0318964 0.0341628 0.0333768 0.0318381 0.0310450 0.0310450 0.0311977 0.0318226 0.0311400 0.0295391 0.0311074 0.0318778 0.0303193 0.0303316 0.0310493 0.0295653 0.0295849 0.0287966 0.0302764 0.0287521 0.0287521 0.0291207 0.0295305 0.0295077 0.0295077 0.0284419 0.0386795 0.0348054 0.0347132 0.0339446 0.0339446 0.0329651 0.0332814 0.0339691 0.0331863 0.0331631 0.0323904 0.0323904 0.0328047 0.0293747 0.0323487 0.0345849 0.0300280 0.0330828 0.0311703 0.0418357 0.0441922 0.0417783 0.0392976 0.0423787 0.0441247 0.0434192 0.0449024 0.0442256 0.0433147 0.0417770 0.0440321 0.0441906 0.0441155 0.0441203 0.0424220 0.0417515 0.0386354 0.0385963 0.0385972 0.0385972 0.0402004 0.0394286 0.0393382 0.0362333 0.0387289 0.0385871 0.0378239 0.0379206 0.0316320 0.0370589 0.0369959 0.0340741 0.0370373 0.0369925 0.0340409 0.0338811 0.0362632 0.0293209 0.0300805 0.0300805 0.0346361 0.0354368 0.0339412 0.0363546 0.0355057 0.0354575 0.0339052 0.0354528 0.0354543 0.0346589 0.0339438 0.0347478 0.0331676 0.0346959 0.0339288 0.0339012 0.0323510 0.0339844 0.0323381 0.0339010 0.0339306 0.0316190 0.0331275 0.0331065 0.0335652 0.0331011 0.0317524 0.0323717 0.0308127 0.0308127 0.0302401 0.0300606 0.0300606 
AJ271758.1_Symbiodinium_sp.                                        0.0773572 0.0677031 0.0403904 0.0396845 0.0381098 0.0000000 0.0136456 0.0158521 0.0121726 0.0151246 0.0158920 0.0136802 0.0107365 0.0100076 0.0085635 0.0078373 0.0078373 0.0144410 0.0151089 0.0144149 0.0129231 0.0144001 0.0136726 0.0122037 0.0122084 0.0114649 0.0114801 0.0114873 0.0107509 0.0107358 0.0107346 0.0107346 0.0108695 0.0100178 0.0100102 0.0100102 0.0101741 0.0453473 0.0413819 0.0412698 0.0404832 0.0404832 0.0395930 0.0391077 0.0397357 0.0397089 0.0389054 0.0388883 0.0388883 0.0393933 0.0311100 0.0318375 0.0363772 0.0310064 0.0348601 0.0329471 0.0453153 0.0477071 0.0452525 0.0419447 0.0466369 0.0468452 0.0453507 0.0476328 0.0469538 0.0460227 0.0460736 0.0467455 0.0469160 0.0477290 0.0468404 0.0451114 0.0444386 0.0396945 0.0396540 0.0397356 0.0397356 0.0420782 0.0428672 0.0419887 0.0396159 0.0397915 0.0412295 0.0404567 0.0405613 0.0380601 0.0396822 0.0396140 0.0366656 0.0388703 0.0388365 0.0396744 0.0379947 0.0388745 0.0356779 0.0364536 0.0364536 0.0372194 0.0380330 0.0365207 0.0389735 0.0381079 0.0372760 0.0364818 0.0380505 0.0380520 0.0380149 0.0365237 0.0373409 0.0357366 0.0372845 0.0357324 0.0364772 0.0349052 0.0365678 0.0348911 0.0364770 0.0365094 0.0349476 0.0356928 0.0356700 0.0361691 0.0356639 0.0343117 0.0349277 0.0333456 0.0333456 0.0327837 0.0325844 0.0325844 
AJ271759.1_Symbiodinium_sp.                                        0.0754983 0.0650792 0.0387659 0.0388293 0.0372608 0.0136456 0.0000000 0.0136352 0.0099847 0.0129117 0.0136693 0.0114728 0.0085552 0.0078320 0.0063972 0.0056774 0.0056774 0.0122253 0.0128984 0.0122032 0.0107252 0.0121907 0.0114666 0.0100093 0.0100130 0.0092774 0.0092897 0.0092954 0.0085666 0.0085546 0.0085537 0.0085537 0.0086599 0.0078399 0.0078340 0.0078340 0.0079617 0.0444678 0.0405177 0.0404084 0.0396248 0.0396248 0.0387237 0.0382338 0.0388794 0.0388532 0.0380532 0.0380365 0.0380365 0.0385291 0.0302882 0.0310140 0.0355389 0.0301876 0.0340267 0.0321113 0.0444365 0.0468190 0.0443751 0.0410829 0.0457579 0.0459616 0.0444711 0.0467462 0.0460677 0.0451428 0.0451925 0.0458641 0.0460307 0.0468403 0.0459569 0.0442372 0.0435649 0.0388392 0.0387996 0.0388792 0.0388792 0.0412132 0.0419991 0.0411258 0.0371920 0.0389337 0.0403689 0.0395990 0.0397010 0.0372126 0.0388272 0.0387607 0.0358196 0.0380190 0.0387571 0.0380392 0.0371488 0.0380230 0.0340690 0.0348405 0.0348405 0.0363764 0.0371861 0.0356786 0.0381196 0.0357148 0.0364315 0.0356406 0.0372031 0.0372046 0.0371684 0.0356815 0.0364947 0.0348975 0.0364397 0.0348935 0.0356362 0.0340706 0.0357244 0.0340569 0.0356360 0.0356675 0.0341119 0.0348549 0.0348327 0.0353187 0.0348269 0.0334751 0.0340926 0.0325172 0.0325172 0.0319523 0.0317586 0.0317586 
AJ271754.1_Symbiodinium_sp.                                        0.0693922 0.0633210 0.0379414 0.0357043 0.0341478 0.0158521 0.0136352 0.0000000 0.0121635 0.0092764 0.0100191 0.0078470 0.0107285 0.0100002 0.0085572 0.0078315 0.0078315 0.0085844 0.0092670 0.0085689 0.0071135 0.0085602 0.0078428 0.0064016 0.0064039 0.0071105 0.0056874 0.0056909 0.0049715 0.0063926 0.0049641 0.0049641 0.0050254 0.0056810 0.0056767 0.0056767 0.0057689 0.0397314 0.0358223 0.0357266 0.0349510 0.0349510 0.0339822 0.0334616 0.0342090 0.0341862 0.0333968 0.0333823 0.0333823 0.0338126 0.0249471 0.0256701 0.0316893 0.0248647 0.0301873 0.0282443 0.0404804 0.0428419 0.0404247 0.0371746 0.0418125 0.0419972 0.0405117 0.0427757 0.0420932 0.0411879 0.0404555 0.0411328 0.0412807 0.0428611 0.0404063 0.0403000 0.0396238 0.0349405 0.0349052 0.0365199 0.0365199 0.0372911 0.0380704 0.0372128 0.0348721 0.0350247 0.0364599 0.0356960 0.0357872 0.0333354 0.0349300 0.0348705 0.0319377 0.0341317 0.0348674 0.0333732 0.0332786 0.0341352 0.0302248 0.0309895 0.0309895 0.0325127 0.0333118 0.0325731 0.0342215 0.0318451 0.0325615 0.0317792 0.0333268 0.0333282 0.0332959 0.0318155 0.0326177 0.0310395 0.0325688 0.0279610 0.0317755 0.0302260 0.0318535 0.0302139 0.0317753 0.0318031 0.0302625 0.0310020 0.0309823 0.0314129 0.0309773 0.0296165 0.0302454 0.0286881 0.0286881 0.0281048 0.0279352 0.0279352 
AJ271756.1_Symbiodinium_sp.                                        0.0736719 0.0633316 0.0371306 0.0372226 0.0356620 0.0121726 0.0099847 0.0121635 0.0000000 0.0114428 0.0121936 0.0100097 0.0071088 0.0063895 0.0049613 0.0042458 0.0042458 0.0107548 0.0114313 0.0107353 0.0092684 0.0107244 0.0100043 0.0085547 0.0085578 0.0078275 0.0078378 0.0078426 0.0071183 0.0071083 0.0071075 0.0071075 0.0071956 0.0063960 0.0063912 0.0063912 0.0064950 0.0428293 0.0388983 0.0387938 0.0380139 0.0380139 0.0370906 0.0365907 0.0372706 0.0372456 0.0364503 0.0364344 0.0364344 0.0369048 0.0287244 0.0294486 0.0339559 0.0286292 0.0324497 0.0305251 0.0427993 0.0451703 0.0427403 0.0394694 0.0441236 0.0443191 0.0428325 0.0451003 0.0444209 0.0435052 0.0435529 0.0442257 0.0443856 0.0451907 0.0443147 0.0426080 0.0419349 0.0372322 0.0371945 0.0372704 0.0372704 0.0395938 0.0403761 0.0395103 0.0355966 0.0365510 0.0387559 0.0379893 0.0380868 0.0356163 0.0372209 0.0371573 0.0342230 0.0364177 0.0371539 0.0364370 0.0355555 0.0364215 0.0324899 0.0332578 0.0332578 0.0347867 0.0355911 0.0340889 0.0365137 0.0341234 0.0348391 0.0340527 0.0356073 0.0356087 0.0355742 0.0340916 0.0348993 0.0333118 0.0348470 0.0333081 0.0340486 0.0324914 0.0341325 0.0309556 0.0340484 0.0340783 0.0325306 0.0332713 0.0332502 0.0337129 0.0332447 0.0318908 0.0325122 0.0309461 0.0309461 0.0303743 0.0301907 0.0301907 
AJ271764.1_Symbiodinium_sp.                                        0.0649211 0.0614746 0.0354395 0.0332655 0.0317237 0.0151246 0.0129117 0.0092764 0.0114428 0.0000000 0.0092993 0.0071305 0.0100088 0.0092817 0.0078406 0.0071164 0.0071164 0.0078655 0.0085504 0.0078513 0.0063993 0.0078433 0.0071267 0.0056877 0.0056898 0.0063966 0.0049742 0.0049773 0.0042594 0.0056798 0.0042530 0.0042530 0.0043056 0.0049687 0.0049649 0.0049649 0.0050455 0.0372486 0.0333749 0.0332865 0.0325179 0.0325179 0.0315178 0.0309833 0.0309962 0.0317593 0.0301968 0.0309648 0.0309648 0.0313616 0.0241024 0.0233144 0.0308091 0.0240232 0.0293149 0.0273731 0.0364273 0.0387585 0.0363776 0.0331821 0.0377650 0.0379298 0.0364551 0.0386991 0.0380153 0.0371332 0.0371731 0.0378513 0.0379859 0.0387755 0.0379263 0.0362665 0.0355890 0.0309663 0.0309354 0.0325226 0.0325226 0.0332846 0.0340540 0.0332155 0.0309064 0.0310399 0.0324695 0.0317145 0.0317946 0.0293886 0.0309573 0.0309051 0.0279917 0.0301719 0.0309023 0.0309432 0.0301160 0.0301749 0.0270704 0.0278265 0.0278265 0.0285826 0.0293680 0.0278839 0.0302505 0.0279114 0.0286250 0.0278542 0.0293809 0.0293823 0.0293541 0.0278856 0.0286738 0.0271206 0.0286312 0.0255978 0.0278512 0.0263234 0.0279187 0.0263131 0.0278509 0.0278749 0.0263550 0.0270882 0.0270712 0.0274445 0.0270671 0.0257022 0.0263402 0.0248066 0.0248066 0.0242071 0.0240622 0.0240622 
L13718.1_Symbiodinium_meandrinae                                   0.0679518 0.0618973 0.0348201 0.0342543 0.0326989 0.0158920 0.0136693 0.0100191 0.0121936 0.0092993 0.0000000 0.0078664 0.0107551 0.0100249 0.0085783 0.0078508 0.0078508 0.0014194 0.0035452 0.0028410 0.0028344 0.0028381 0.0078622 0.0064173 0.0064197 0.0071280 0.0057014 0.0057049 0.0049838 0.0064083 0.0049763 0.0049763 0.0050379 0.0056950 0.0056907 0.0056907 0.0057833 0.0398368 0.0359167 0.0358205 0.0350428 0.0350428 0.0340728 0.0327318 0.0342988 0.0342759 0.0334843 0.0334697 0.0334697 0.0339023 0.0265228 0.0272482 0.0332995 0.0264349 0.0317899 0.0298541 0.0421550 0.0445307 0.0420968 0.0388216 0.0434856 0.0436787 0.0421878 0.0444616 0.0437792 0.0428636 0.0429106 0.0435865 0.0437443 0.0445509 0.0428731 0.0419662 0.0412901 0.0365785 0.0365413 0.0381686 0.0381686 0.0389442 0.0397280 0.0388619 0.0365065 0.0366672 0.0381056 0.0373375 0.0374335 0.0349608 0.0365674 0.0365048 0.0335620 0.0341995 0.0365014 0.0342393 0.0349010 0.0357668 0.0303033 0.0295458 0.0295458 0.0341306 0.0349360 0.0334302 0.0358576 0.0334640 0.0341821 0.0333945 0.0349518 0.0349533 0.0349193 0.0334328 0.0342414 0.0326518 0.0341899 0.0310975 0.0333906 0.0318308 0.0334730 0.0318181 0.0333903 0.0334197 0.0318695 0.0326120 0.0325913 0.0330460 0.0325859 0.0312259 0.0318514 0.0302831 0.0302831 0.0297062 0.0295262 0.0295262 
KU188508.1_Symbiodinium_sp.                                        0.0686494 0.0626396 0.0356371 0.0334472 0.0318964 0.0136802 0.0114728 0.0078470 0.0100097 0.0071305 0.0078664 0.0000000 0.0085766 0.0078515 0.0064132 0.0056915 0.0056915 0.0064336 0.0071233 0.0064220 0.0049758 0.0064154 0.0056911 0.0042582 0.0042597 0.0049737 0.0035467 0.0035488 0.0028345 0.0042586 0.0028345 0.0028345 0.0028696 0.0035480 0.0035454 0.0035454 0.0036029 0.0390112 0.0351025 0.0350087 0.0342332 0.0342332 0.0332526 0.0327265 0.0334906 0.0334683 0.0326794 0.0326651 0.0326651 0.0330865 0.0242317 0.0249555 0.0309757 0.0241517 0.0294732 0.0275221 0.0389757 0.0413329 0.0389221 0.0364586 0.0410968 0.0412783 0.0397915 0.0420569 0.0413726 0.0404695 0.0405136 0.0411917 0.0413400 0.0421409 0.0412743 0.0395834 0.0389055 0.0342229 0.0341883 0.0358016 0.0358016 0.0365728 0.0373520 0.0364960 0.0341559 0.0343054 0.0357427 0.0349787 0.0350681 0.0326192 0.0342126 0.0341543 0.0312186 0.0334149 0.0341513 0.0334327 0.0325637 0.0334183 0.0295099 0.0302745 0.0302745 0.0317977 0.0325961 0.0310968 0.0335028 0.0311280 0.0318455 0.0310636 0.0326108 0.0326122 0.0325806 0.0310990 0.0319004 0.0303233 0.0318526 0.0287796 0.0310600 0.0295110 0.0311363 0.0294993 0.0310598 0.0310869 0.0295467 0.0302867 0.0302675 0.0306884 0.0302626 0.0288980 0.0295300 0.0279736 0.0279736 0.0273860 0.0272206 0.0272206 
AB055917.1_Symbiodinium_sp.                                        0.0720585 0.0617631 0.0355728 0.0357198 0.0341628 0.0107365 0.0085552 0.0107285 0.0071088 0.0100088 0.0107551 0.0085766 0.0000000 0.0049678 0.0035425 0.0028295 0.0028295 0.0093174 0.0099987 0.0093005 0.0078396 0.0092910 0.0085720 0.0071263 0.0071289 0.0064019 0.0064104 0.0064143 0.0056925 0.0056846 0.0056839 0.0056839 0.0057543 0.0049728 0.0049691 0.0049691 0.0043257 0.0413106 0.0373877 0.0372875 0.0365092 0.0365092 0.0347844 0.0342687 0.0357660 0.0357421 0.0349491 0.0349339 0.0349339 0.0353849 0.0272410 0.0279655 0.0324674 0.0271508 0.0309629 0.0290251 0.0412817 0.0436478 0.0412249 0.0379656 0.0426119 0.0403951 0.0389129 0.0411705 0.0404870 0.0395903 0.0411907 0.0418663 0.0420168 0.0436675 0.0419501 0.0410974 0.0404219 0.0357292 0.0356930 0.0357658 0.0357658 0.0372539 0.0364858 0.0380048 0.0356591 0.0358155 0.0372510 0.0364857 0.0365791 0.0341194 0.0357184 0.0356574 0.0327223 0.0349179 0.0356542 0.0349365 0.0340612 0.0349215 0.0310014 0.0317677 0.0317677 0.0332938 0.0340952 0.0325944 0.0350099 0.0326273 0.0333439 0.0325597 0.0341106 0.0341120 0.0340790 0.0325969 0.0334015 0.0318191 0.0333514 0.0318156 0.0325559 0.0310027 0.0326359 0.0309903 0.0325556 0.0325842 0.0310402 0.0317806 0.0317604 0.0322022 0.0317552 0.0303959 0.0310226 0.0294613 0.0294613 0.0288816 0.0287071 0.0287071 
AJ271757.1_Symbiodinium_sp.                                        0.0711762 0.0609142 0.0347975 0.0349304 0.0333768 0.0100076 0.0078320 0.0100002 0.0063895 0.0092817 0.0100249 0.0078515 0.0049678 0.0000000 0.0028302 0.0021193 0.0021193 0.0085894 0.0092724 0.0085738 0.0071176 0.0085651 0.0078473 0.0064052 0.0064076 0.0056831 0.0056906 0.0056941 0.0049744 0.0049674 0.0049669 0.0049669 0.0050284 0.0042568 0.0042536 0.0042536 0.0043226 0.0405073 0.0365925 0.0364946 0.0357180 0.0357180 0.0347605 0.0342450 0.0349756 0.0349523 0.0341613 0.0341465 0.0341465 0.0345868 0.0264703 0.0271942 0.0316887 0.0263827 0.0301867 0.0282439 0.0404791 0.0428404 0.0404234 0.0371735 0.0418110 0.0419957 0.0405103 0.0427741 0.0420917 0.0411865 0.0412313 0.0419076 0.0412793 0.0428595 0.0419916 0.0402986 0.0396225 0.0349397 0.0349044 0.0349754 0.0349754 0.0372901 0.0380692 0.0372118 0.0348712 0.0350238 0.0364589 0.0356950 0.0357863 0.0333346 0.0349291 0.0348697 0.0319371 0.0341309 0.0348665 0.0341490 0.0332779 0.0341344 0.0302242 0.0309889 0.0309889 0.0325120 0.0333111 0.0318125 0.0342207 0.0318444 0.0325608 0.0317786 0.0333260 0.0333275 0.0332952 0.0318148 0.0326170 0.0310389 0.0325681 0.0310355 0.0317749 0.0302254 0.0318529 0.0302134 0.0317746 0.0318024 0.0302620 0.0310014 0.0309817 0.0314122 0.0309767 0.0296160 0.0302449 0.0286876 0.0286876 0.0281043 0.0279348 0.0279348 
AB863030.1_Symbiodinium_sp.                                        0.0694694 0.0592679 0.0332258 0.0333859 0.0318381 0.0085635 0.0063972 0.0085572 0.0049613 0.0078406 0.0085783 0.0064132 0.0035425 0.0028302 0.0000000 0.0007046 0.0007046 0.0071458 0.0078327 0.0071328 0.0056845 0.0071256 0.0064098 0.0049735 0.0049753 0.0042552 0.0042608 0.0042634 0.0035472 0.0035422 0.0035418 0.0035418 0.0035856 0.0028331 0.0028310 0.0028310 0.0028768 0.0389393 0.0350379 0.0349445 0.0341705 0.0341705 0.0331907 0.0326651 0.0334293 0.0334070 0.0326196 0.0326054 0.0326054 0.0330253 0.0249567 0.0256800 0.0301630 0.0248743 0.0286649 0.0267110 0.0389122 0.0412654 0.0388588 0.0356251 0.0402484 0.0404256 0.0389422 0.0412017 0.0405177 0.0396201 0.0396631 0.0403412 0.0404859 0.0412837 0.0404218 0.0387392 0.0380615 0.0333949 0.0333613 0.0334290 0.0334290 0.0357364 0.0365129 0.0356616 0.0333298 0.0334751 0.0349102 0.0341487 0.0342357 0.0317982 0.0333850 0.0333283 0.0303987 0.0325906 0.0333253 0.0326079 0.0317442 0.0325939 0.0287005 0.0294626 0.0294626 0.0309808 0.0317758 0.0302806 0.0326761 0.0303109 0.0310272 0.0302483 0.0317899 0.0317913 0.0317606 0.0302827 0.0310806 0.0295099 0.0310341 0.0295066 0.0302449 0.0287015 0.0303189 0.0286902 0.0302446 0.0302709 0.0287362 0.0294743 0.0294557 0.0298644 0.0294510 0.0280866 0.0287200 0.0271697 0.0271697 0.0265791 0.0264190 0.0264190 
AB016579.1_Symbiodinium_sp.                                        0.0685549 0.0583949 0.0324146 0.0325887 0.0310450 0.0078373 0.0056774 0.0078315 0.0042458 0.0071164 0.0078508 0.0056915 0.0028295 0.0021193 0.0007046 0.0000000 0.0000010 0.0064209 0.0071092 0.0064093 0.0049660 0.0064028 0.0056885 0.0042562 0.0042577 0.0035403 0.0035450 0.0035472 0.0028332 0.0028293 0.0028290 0.0028290 0.0028639 0.0021214 0.0021199 0.0021199 0.0021541 0.0381251 0.0342341 0.0341430 0.0333710 0.0333710 0.0323806 0.0318502 0.0326310 0.0326093 0.0318243 0.0318105 0.0318105 0.0322195 0.0241823 0.0249047 0.0293781 0.0241026 0.0278832 0.0259253 0.0380987 0.0404457 0.0380465 0.0348240 0.0394360 0.0396092 0.0381280 0.0403834 0.0396991 0.0388062 0.0388482 0.0395266 0.0396681 0.0404636 0.0396055 0.0379296 0.0372517 0.0325975 0.0325648 0.0326307 0.0326307 0.0349324 0.0357069 0.0348594 0.0325341 0.0326756 0.0341095 0.0333498 0.0334346 0.0310064 0.0325879 0.0325326 0.0296071 0.0317961 0.0325297 0.0318130 0.0309539 0.0317993 0.0279178 0.0286779 0.0286779 0.0301924 0.0309846 0.0294924 0.0318794 0.0295217 0.0302375 0.0294609 0.0309983 0.0309997 0.0309698 0.0294943 0.0302894 0.0287237 0.0302441 0.0287206 0.0294576 0.0279187 0.0295295 0.0279077 0.0294573 0.0294829 0.0279524 0.0286892 0.0286711 0.0290683 0.0286666 0.0273015 0.0279367 0.0263912 0.0263912 0.0257974 0.0256423 0.0256423 
AB016572.1_Symbiodinium_sp.                                        0.0685549 0.0583949 0.0324146 0.0325887 0.0310450 0.0078373 0.0056774 0.0078315 0.0042458 0.0071164 0.0078508 0.0056915 0.0028295 0.0021193 0.0007046 0.0000010 0.0000000 0.0064209 0.0071092 0.0064093 0.0049660 0.0064028 0.0056885 0.0042562 0.0042577 0.0035403 0.0035450 0.0035472 0.0028332 0.0028293 0.0028290 0.0028290 0.0028639 0.0021214 0.0021199 0.0021199 0.0021541 0.0381251 0.0342341 0.0341430 0.0333710 0.0333710 0.0323806 0.0318502 0.0326310 0.0326093 0.0318243 0.0318105 0.0318105 0.0322195 0.0241823 0.0249047 0.0293781 0.0241026 0.0278832 0.0259253 0.0380987 0.0404457 0.0380465 0.0348240 0.0394360 0.0396092 0.0381280 0.0403834 0.0396991 0.0388062 0.0388482 0.0395266 0.0396681 0.0404636 0.0396055 0.0379296 0.0372517 0.0325975 0.0325648 0.0326307 0.0326307 0.0349324 0.0357069 0.0348594 0.0325341 0.0326756 0.0341095 0.0333498 0.0334346 0.0310064 0.0325879 0.0325326 0.0296071 0.0317961 0.0325297 0.0318130 0.0309539 0.0317993 0.0279178 0.0286779 0.0286779 0.0301924 0.0309846 0.0294924 0.0318794 0.0295217 0.0302375 0.0294609 0.0309983 0.0309997 0.0309698 0.0294943 0.0302894 0.0287237 0.0302441 0.0287206 0.0294576 0.0279187 0.0295295 0.0279077 0.0294573 0.0294829 0.0279524 0.0286892 0.0286711 0.0290683 0.0286666 0.0273015 0.0279367 0.0263912 0.0263912 0.0257974 0.0256423 0.0256423 
L13717.1_Symbiodinium_corculorum                                   0.0663343 0.0603181 0.0332899 0.0327493 0.0311977 0.0144410 0.0122253 0.0085844 0.0107548 0.0078655 0.0014194 0.0064336 0.0093174 0.0085894 0.0071458 0.0064209 0.0064209 0.0000000 0.0021263 0.0014199 0.0014166 0.0014185 0.0064302 0.0049893 0.0049911 0.0057001 0.0042743 0.0042770 0.0035584 0.0049823 0.0035531 0.0035531 0.0035971 0.0042695 0.0042663 0.0042663 0.0043357 0.0375403 0.0344036 0.0343116 0.0335357 0.0335357 0.0325428 0.0311944 0.0327920 0.0327701 0.0319810 0.0319670 0.0319670 0.0323801 0.0250379 0.0257635 0.0318048 0.0249549 0.0302972 0.0283483 0.0406297 0.0430001 0.0405736 0.0373107 0.0419659 0.0421519 0.0406612 0.0429333 0.0422487 0.0413395 0.0413847 0.0420631 0.0422152 0.0430194 0.0413487 0.0404479 0.0397695 0.0350687 0.0350331 0.0366541 0.0366541 0.0374282 0.0382103 0.0373493 0.0349998 0.0351535 0.0365936 0.0358269 0.0359188 0.0334573 0.0350581 0.0349982 0.0320550 0.0326972 0.0349950 0.0327352 0.0334002 0.0342603 0.0288118 0.0280556 0.0280556 0.0326314 0.0334336 0.0319295 0.0343471 0.0319617 0.0326806 0.0318953 0.0334487 0.0334501 0.0334176 0.0319318 0.0327371 0.0311529 0.0326879 0.0296029 0.0318916 0.0303362 0.0319702 0.0303241 0.0318913 0.0319193 0.0303730 0.0311151 0.0310953 0.0315290 0.0310903 0.0297251 0.0303558 0.0287925 0.0287925 0.0282077 0.0280369 0.0280369 
AB055918.1_Symbiodinium_sp.                                        0.0668579 0.0608544 0.0339184 0.0333696 0.0318226 0.0151089 0.0128984 0.0092670 0.0114313 0.0085504 0.0035452 0.0071233 0.0099987 0.0092724 0.0078327 0.0071092 0.0071092 0.0021263 0.0000000 0.0021225 0.0021175 0.0021203 0.0071195 0.0056820 0.0056841 0.0063901 0.0049692 0.0049723 0.0042552 0.0056741 0.0042488 0.0042488 0.0043012 0.0049637 0.0049599 0.0049599 0.0050403 0.0389199 0.0350207 0.0349274 0.0341538 0.0341538 0.0331742 0.0318344 0.0334129 0.0333907 0.0326037 0.0325895 0.0325895 0.0330090 0.0256801 0.0264028 0.0324246 0.0255953 0.0309221 0.0289864 0.0412268 0.0435897 0.0411701 0.0379154 0.0425554 0.0427435 0.0412586 0.0435223 0.0428413 0.0419332 0.0419790 0.0426537 0.0428074 0.0436093 0.0427393 0.0410430 0.0403682 0.0356818 0.0356458 0.0372628 0.0372628 0.0380344 0.0388141 0.0379545 0.0356119 0.0357679 0.0372016 0.0364373 0.0365305 0.0340742 0.0356711 0.0356103 0.0326789 0.0348717 0.0356071 0.0333553 0.0340162 0.0348753 0.0294420 0.0286883 0.0286883 0.0332498 0.0340502 0.0325513 0.0349634 0.0325841 0.0332998 0.0325167 0.0340655 0.0340669 0.0340340 0.0325537 0.0333572 0.0317771 0.0333073 0.0302313 0.0325129 0.0309618 0.0325927 0.0309495 0.0325126 0.0325411 0.0309992 0.0317386 0.0317185 0.0321592 0.0317133 0.0295969 0.0309817 0.0294225 0.0294225 0.0288433 0.0286693 0.0286693 
X62650.1_S.pilosum                                                 0.0662062 0.0602038 0.0332274 0.0326887 0.0311400 0.0144149 0.0122032 0.0085689 0.0107353 0.0078513 0.0028410 0.0064220 0.0093005 0.0085738 0.0071328 0.0064093 0.0064093 0.0014199 0.0021225 0.0000000 0.0014141 0.0014159 0.0064185 0.0049803 0.0049821 0.0056898 0.0042666 0.0042692 0.0035520 0.0049733 0.0035467 0.0035467 0.0035905 0.0042618 0.0042586 0.0042586 0.0043278 0.0382436 0.0343397 0.0342481 0.0334736 0.0334736 0.0324816 0.0311354 0.0327312 0.0327094 0.0319218 0.0319080 0.0319080 0.0323195 0.0249919 0.0257162 0.0317463 0.0249093 0.0302415 0.0282956 0.0405540 0.0429199 0.0404981 0.0372417 0.0418881 0.0420735 0.0405854 0.0428534 0.0421698 0.0412626 0.0413077 0.0419850 0.0421365 0.0429391 0.0420693 0.0403729 0.0396956 0.0350037 0.0349683 0.0365861 0.0365861 0.0373587 0.0381394 0.0372801 0.0349351 0.0350883 0.0365259 0.0357606 0.0358521 0.0333955 0.0349932 0.0349335 0.0319956 0.0341934 0.0349303 0.0326747 0.0333386 0.0341969 0.0287588 0.0280040 0.0280040 0.0325712 0.0333719 0.0318705 0.0342835 0.0319026 0.0326202 0.0318365 0.0333869 0.0333883 0.0333560 0.0318729 0.0326766 0.0310955 0.0326275 0.0295484 0.0318328 0.0302804 0.0319111 0.0302683 0.0318325 0.0318604 0.0303170 0.0310578 0.0310381 0.0314702 0.0310331 0.0296701 0.0302999 0.0287396 0.0287396 0.0281556 0.0279854 0.0279854 
AB016723.1_Symbiodinium_sp.                                        0.0660301 0.0600474 0.0331438 0.0310784 0.0295391 0.0129231 0.0107252 0.0071135 0.0092684 0.0063993 0.0028344 0.0049758 0.0078396 0.0071176 0.0056845 0.0049660 0.0049660 0.0014166 0.0021175 0.0014141 0.0000000 0.0014127 0.0049731 0.0035438 0.0035451 0.0042511 0.0028336 0.0028353 0.0021231 0.0035388 0.0021199 0.0021199 0.0021460 0.0028304 0.0028283 0.0028283 0.0028740 0.0381479 0.0342543 0.0341632 0.0333907 0.0333907 0.0323999 0.0310568 0.0326502 0.0326285 0.0318430 0.0318292 0.0318292 0.0322386 0.0234291 0.0241512 0.0301502 0.0233519 0.0286527 0.0266996 0.0388953 0.0412475 0.0388419 0.0356098 0.0402310 0.0404081 0.0389253 0.0411838 0.0405001 0.0396029 0.0396459 0.0403237 0.0404683 0.0412658 0.0404042 0.0387224 0.0380450 0.0333806 0.0333470 0.0349526 0.0349526 0.0357210 0.0364972 0.0356462 0.0333155 0.0334607 0.0348952 0.0341340 0.0342210 0.0317846 0.0333707 0.0333140 0.0303857 0.0325766 0.0333110 0.0310655 0.0317307 0.0325799 0.0271762 0.0279355 0.0279355 0.0309676 0.0317622 0.0302676 0.0326620 0.0302979 0.0310139 0.0302354 0.0317763 0.0317777 0.0317470 0.0302697 0.0310673 0.0294973 0.0310208 0.0279599 0.0302319 0.0286893 0.0303059 0.0286780 0.0302317 0.0302580 0.0287240 0.0294617 0.0294431 0.0298515 0.0294384 0.0280746 0.0287078 0.0271581 0.0271581 0.0265678 0.0264078 0.0264078 
AB016724.1_Symbiodinium_sp.                                        0.0661334 0.0601388 0.0331919 0.0326543 0.0311074 0.0144001 0.0121907 0.0085602 0.0107244 0.0078433 0.0028381 0.0064154 0.0092910 0.0085651 0.0071256 0.0064028 0.0064028 0.0014185 0.0021203 0.0014159 0.0014127 0.0000000 0.0064120 0.0049752 0.0049771 0.0056841 0.0042623 0.0042649 0.0035484 0.0049683 0.0035431 0.0035431 0.0035869 0.0042575 0.0042543 0.0042543 0.0043233 0.0382031 0.0343035 0.0342121 0.0334384 0.0334384 0.0324469 0.0311020 0.0326968 0.0326750 0.0318883 0.0318745 0.0318745 0.0322851 0.0249659 0.0256894 0.0317131 0.0248834 0.0302100 0.0282658 0.0405111 0.0428744 0.0404553 0.0372026 0.0418440 0.0420289 0.0405424 0.0428080 0.0421251 0.0412190 0.0412640 0.0419407 0.0420918 0.0428936 0.0420248 0.0403304 0.0396537 0.0349669 0.0349316 0.0365475 0.0365475 0.0373193 0.0380992 0.0372409 0.0348984 0.0350513 0.0364874 0.0357229 0.0358143 0.0333605 0.0349564 0.0348968 0.0319619 0.0341575 0.0348937 0.0326404 0.0333037 0.0341610 0.0287287 0.0279748 0.0279748 0.0325372 0.0333369 0.0318371 0.0342474 0.0318691 0.0325861 0.0318032 0.0333519 0.0333533 0.0333210 0.0318395 0.0326423 0.0310629 0.0325933 0.0295175 0.0317995 0.0302487 0.0318776 0.0302367 0.0317992 0.0318271 0.0302853 0.0310253 0.0310056 0.0314368 0.0310006 0.0296389 0.0302682 0.0287096 0.0287096 0.0281260 0.0279562 0.0279562 
KU188515.1_Symbiodinium_sp.                                        0.0686049 0.0626001 0.0356158 0.0334276 0.0318778 0.0136726 0.0114666 0.0078428 0.0100043 0.0071267 0.0078622 0.0056911 0.0085720 0.0078473 0.0064098 0.0056885 0.0056885 0.0064302 0.0071195 0.0064185 0.0049731 0.0064120 0.0000000 0.0042559 0.0042575 0.0049710 0.0035448 0.0035469 0.0028330 0.0042563 0.0028330 0.0028330 0.0028680 0.0035461 0.0035435 0.0035435 0.0028782 0.0389880 0.0350818 0.0349881 0.0342132 0.0342132 0.0324481 0.0319171 0.0334710 0.0334487 0.0326603 0.0326461 0.0326461 0.0330670 0.0242179 0.0249413 0.0309578 0.0241379 0.0294562 0.0275061 0.0397371 0.0420968 0.0396824 0.0364371 0.0410724 0.0412537 0.0397678 0.0420317 0.0413479 0.0404454 0.0404895 0.0411672 0.0413153 0.0421156 0.0412497 0.0395600 0.0388825 0.0342029 0.0341683 0.0357805 0.0357805 0.0365513 0.0373300 0.0364746 0.0341359 0.0342852 0.0357217 0.0349582 0.0350475 0.0326002 0.0341926 0.0341344 0.0312004 0.0333954 0.0341313 0.0334132 0.0325447 0.0333988 0.0294929 0.0302570 0.0302570 0.0317793 0.0325772 0.0310788 0.0334832 0.0311099 0.0318270 0.0310456 0.0325918 0.0325932 0.0325616 0.0310810 0.0318819 0.0303058 0.0318341 0.0287630 0.0310420 0.0294940 0.0311182 0.0294823 0.0310417 0.0310689 0.0295297 0.0302692 0.0302500 0.0306704 0.0302451 0.0288813 0.0295130 0.0279575 0.0279575 0.0273701 0.0272050 0.0272050 
KU188511.1_Symbiodinium_sp.                                        0.0668515 0.0608978 0.0340134 0.0318621 0.0303193 0.0122037 0.0100093 0.0064016 0.0085547 0.0056877 0.0064173 0.0042582 0.0071263 0.0064052 0.0049735 0.0042562 0.0042562 0.0049893 0.0056820 0.0049803 0.0035438 0.0049752 0.0042559 0.0000000 0.0028315 0.0035423 0.0021218 0.0021231 0.0014131 0.0028308 0.0014131 0.0014131 0.0014306 0.0021226 0.0021210 0.0021210 0.0021552 0.0373943 0.0335048 0.0334157 0.0326440 0.0326440 0.0316419 0.0311061 0.0319036 0.0318824 0.0310981 0.0310846 0.0310846 0.0314845 0.0226941 0.0234163 0.0294108 0.0226193 0.0279143 0.0259545 0.0381417 0.0404913 0.0380893 0.0348630 0.0394802 0.0396538 0.0381710 0.0404288 0.0397440 0.0388499 0.0388920 0.0395711 0.0397129 0.0405092 0.0396501 0.0379722 0.0372936 0.0326341 0.0326013 0.0342039 0.0342039 0.0349716 0.0357471 0.0348985 0.0325705 0.0327124 0.0341478 0.0333872 0.0327081 0.0310411 0.0326245 0.0325691 0.0296404 0.0318317 0.0325662 0.0318487 0.0309885 0.0318350 0.0279490 0.0287099 0.0287099 0.0302261 0.0310192 0.0295254 0.0319152 0.0295548 0.0302713 0.0294939 0.0310330 0.0310344 0.0310044 0.0295274 0.0303233 0.0287559 0.0302780 0.0272204 0.0294906 0.0279499 0.0295626 0.0279389 0.0294903 0.0295159 0.0279837 0.0287213 0.0287031 0.0291012 0.0286986 0.0273321 0.0279679 0.0264207 0.0264207 0.0258263 0.0256709 0.0256709 
KU188514.1_Symbiodinium_sp.                                        0.0668821 0.0609249 0.0340276 0.0318751 0.0303316 0.0122084 0.0100130 0.0064039 0.0085578 0.0056898 0.0064197 0.0042597 0.0071289 0.0064076 0.0049753 0.0042577 0.0042577 0.0049911 0.0056841 0.0049821 0.0035451 0.0049771 0.0042575 0.0028315 0.0000000 0.0035436 0.0021226 0.0021239 0.0014137 0.0028318 0.0014137 0.0014137 0.0014311 0.0021234 0.0021218 0.0021218 0.0021552 0.0374098 0.0335185 0.0334294 0.0326574 0.0326574 0.0316550 0.0311191 0.0319166 0.0318954 0.0311107 0.0310972 0.0310972 0.0314974 0.0227031 0.0234256 0.0294227 0.0226282 0.0279255 0.0259650 0.0381575 0.0405082 0.0381051 0.0348773 0.0394966 0.0396703 0.0381868 0.0404457 0.0397606 0.0388660 0.0389082 0.0395875 0.0397294 0.0405262 0.0396666 0.0379879 0.0373090 0.0326475 0.0326146 0.0342180 0.0342180 0.0349860 0.0357618 0.0349129 0.0325838 0.0327257 0.0341618 0.0334009 0.0334859 0.0310537 0.0326378 0.0325823 0.0296524 0.0318447 0.0325794 0.0318616 0.0310010 0.0318479 0.0279602 0.0287215 0.0287215 0.0302383 0.0310318 0.0295373 0.0319282 0.0295668 0.0302835 0.0295058 0.0310456 0.0310470 0.0310170 0.0295393 0.0303356 0.0287675 0.0302903 0.0272313 0.0295024 0.0279611 0.0295746 0.0279501 0.0295022 0.0295278 0.0279949 0.0287329 0.0287147 0.0291131 0.0287102 0.0273431 0.0279791 0.0264312 0.0264312 0.0258367 0.0256811 0.0256811 
AF238256.1_Symbiodinium_sp._Type_A                                 0.0676739 0.0600194 0.0331961 0.0325932 0.0310493 0.0114649 0.0092774 0.0071105 0.0078275 0.0063966 0.0071280 0.0049737 0.0064019 0.0056831 0.0042552 0.0035403 0.0035403 0.0057001 0.0063901 0.0056898 0.0042511 0.0056841 0.0049710 0.0035423 0.0035436 0.0000000 0.0028324 0.0028341 0.0021222 0.0021192 0.0021190 0.0021190 0.0021451 0.0014125 0.0014114 0.0014114 0.0014340 0.0381306 0.0342389 0.0341478 0.0333757 0.0333757 0.0323851 0.0318547 0.0326355 0.0326138 0.0318287 0.0318149 0.0318149 0.0322240 0.0234188 0.0241405 0.0301367 0.0233416 0.0286400 0.0266876 0.0388777 0.0412288 0.0388244 0.0355938 0.0402129 0.0403898 0.0389076 0.0411652 0.0404817 0.0395850 0.0396280 0.0403055 0.0404500 0.0412470 0.0403860 0.0387050 0.0380278 0.0333656 0.0333321 0.0349369 0.0349369 0.0357049 0.0364807 0.0356302 0.0333005 0.0334456 0.0348796 0.0341187 0.0342056 0.0317704 0.0333557 0.0332991 0.0303721 0.0325620 0.0332961 0.0325793 0.0317165 0.0325653 0.0286755 0.0294369 0.0294369 0.0309538 0.0317480 0.0302541 0.0326474 0.0302843 0.0310001 0.0302219 0.0317621 0.0317635 0.0317329 0.0302562 0.0310534 0.0294841 0.0310069 0.0279474 0.0302185 0.0286765 0.0302923 0.0286652 0.0302182 0.0302445 0.0287112 0.0294486 0.0294300 0.0298380 0.0294253 0.0280620 0.0286950 0.0271461 0.0271461 0.0265559 0.0263961 0.0263961 
KU188513.1_Symbiodinium_sp.                                        0.0660350 0.0601000 0.0332411 0.0311060 0.0295653 0.0114801 0.0092897 0.0056874 0.0078378 0.0049742 0.0057014 0.0035467 0.0064104 0.0056906 0.0042608 0.0035450 0.0035450 0.0042743 0.0049692 0.0042666 0.0028336 0.0042623 0.0035448 0.0021218 0.0021226 0.0028324 0.0000000 0.0014147 0.0007056 0.0021220 0.0007056 0.0007056 0.0007149 0.0014143 0.0014133 0.0014133 0.0014361 0.0366289 0.0327443 0.0326574 0.0318867 0.0318867 0.0308732 0.0303323 0.0311465 0.0311258 0.0303429 0.0303298 0.0303298 0.0307198 0.0219512 0.0226733 0.0286617 0.0218789 0.0271665 0.0252005 0.0373759 0.0397226 0.0373246 0.0341049 0.0387171 0.0388871 0.0374046 0.0396614 0.0389754 0.0380847 0.0381259 0.0388061 0.0389450 0.0397401 0.0388835 0.0372100 0.0365303 0.0318770 0.0318450 0.0334442 0.0334442 0.0342110 0.0349855 0.0341396 0.0318149 0.0319533 0.0333893 0.0326295 0.0327125 0.0302874 0.0318676 0.0318135 0.0288852 0.0310764 0.0318107 0.0310930 0.0302360 0.0310795 0.0272002 0.0279602 0.0279602 0.0294746 0.0302660 0.0287732 0.0311578 0.0288019 0.0295186 0.0287425 0.0302794 0.0302808 0.0302516 0.0287751 0.0295693 0.0280049 0.0295251 0.0264718 0.0287393 0.0272011 0.0288095 0.0271904 0.0287390 0.0287639 0.0272340 0.0279712 0.0279535 0.0283411 0.0279492 0.0265803 0.0272186 0.0256742 0.0256742 0.0250761 0.0249252 0.0249252 
KU188510.1_Symbiodinium_sp.                                        0.0660836 0.0601430 0.0332638 0.0311267 0.0295849 0.0114873 0.0092954 0.0056909 0.0078426 0.0049773 0.0057049 0.0035488 0.0064143 0.0056941 0.0042634 0.0035472 0.0035472 0.0042770 0.0049723 0.0042692 0.0028353 0.0042649 0.0035469 0.0021231 0.0021239 0.0028341 0.0014147 0.0000000 0.0007066 0.0021233 0.0007066 0.0007066 0.0007153 0.0014152 0.0014141 0.0014141 0.0014361 0.0366536 0.0327663 0.0326792 0.0319080 0.0319080 0.0308941 0.0303530 0.0311673 0.0311466 0.0303631 0.0303499 0.0303499 0.0307405 0.0219655 0.0226881 0.0286806 0.0218931 0.0271843 0.0252172 0.0374012 0.0397497 0.0373498 0.0341277 0.0387432 0.0389135 0.0374299 0.0396883 0.0390019 0.0381105 0.0381517 0.0388324 0.0389715 0.0397672 0.0389099 0.0372350 0.0365549 0.0318983 0.0318662 0.0334666 0.0334666 0.0342340 0.0350090 0.0341625 0.0318361 0.0319747 0.0334117 0.0326513 0.0327344 0.0303075 0.0318888 0.0318347 0.0289044 0.0310971 0.0318318 0.0311137 0.0302561 0.0311002 0.0272181 0.0279786 0.0279786 0.0294941 0.0302861 0.0287923 0.0311786 0.0288210 0.0295382 0.0287615 0.0302995 0.0303009 0.0302716 0.0287942 0.0295890 0.0280233 0.0295447 0.0264892 0.0287583 0.0272190 0.0288286 0.0272083 0.0287580 0.0287830 0.0272519 0.0279897 0.0279720 0.0283600 0.0279676 0.0265979 0.0272365 0.0256910 0.0256910 0.0250926 0.0249415 0.0249415 
KU188509.1_Symbiodinium_sp.                                        0.0651784 0.0592670 0.0324516 0.0303342 0.0287966 0.0107509 0.0085666 0.0049715 0.0071183 0.0042594 0.0049838 0.0028345 0.0056925 0.0049744 0.0035472 0.0028332 0.0028332 0.0035584 0.0042552 0.0035520 0.0021231 0.0035484 0.0028330 0.0014131 0.0014137 0.0021222 0.0007056 0.0007066 0.0000000 0.0014133 0.0000010 0.0000010 0.0000010 0.0007060 0.0007056 0.0007056 0.0007177 0.0358443 0.0319672 0.0318824 0.0311132 0.0311132 0.0300889 0.0295430 0.0303737 0.0303536 0.0295725 0.0295597 0.0295597 0.0299395 0.0211980 0.0219197 0.0278984 0.0211282 0.0264054 0.0244343 0.0365906 0.0389329 0.0365404 0.0333294 0.0379337 0.0381000 0.0366186 0.0388729 0.0381863 0.0372995 0.0373398 0.0380208 0.0381566 0.0389500 0.0380965 0.0364284 0.0357480 0.0311037 0.0310725 0.0326674 0.0326674 0.0334329 0.0342059 0.0333632 0.0310432 0.0311780 0.0326138 0.0318553 0.0319362 0.0295185 0.0310946 0.0310419 0.0281156 0.0303055 0.0310391 0.0303216 0.0294685 0.0303085 0.0264382 0.0271967 0.0271967 0.0287085 0.0294977 0.0280069 0.0303847 0.0280347 0.0287513 0.0279770 0.0295108 0.0295121 0.0294836 0.0280087 0.0288006 0.0272401 0.0287576 0.0257103 0.0279739 0.0264390 0.0280420 0.0264286 0.0279736 0.0279978 0.0264710 0.0272074 0.0271902 0.0275668 0.0271860 0.0258156 0.0264560 0.0249153 0.0249153 0.0243137 0.0241675 0.0241675 
