130
GU362426_Gymnodinium_catenatum                                     0.0000000 0.0453800 0.0657560 0.0704291 0.0687247 0.0771894 0.0753307 0.0692481 0.0735161 0.0647968 0.0678081 0.0685092 0.0719110 0.0710293 0.0693286 0.0684164 0.0684164 0.0661999 0.0667241 0.0660691 0.0658984 0.0659967 0.0684632 0.0667175 0.0667475 0.0675359 0.0659016 0.0659516 0.0650477 0.0666745 0.0649954 0.0649954 0.0658771 0.0658721 0.0658190 0.0658190 0.0652559 0.0734061 0.0673291 0.0671346 0.0662945 0.0662945 0.0657850 0.0664500 0.0664418 0.0654745 0.0655228 0.0663731 0.0663731 0.0672695 0.0629216 0.0627628 0.0677177 0.0635197 0.0661011 0.0644100 0.0741435 0.0767205 0.0740447 0.0694579 0.0693899 0.0749080 0.0731317 0.0765920 0.0759395 0.0748509 0.0740993 0.0730091 0.0732866 0.0767721 0.0740479 0.0737973 0.0714180 0.0696515 0.0695760 0.0696761 0.0696761 0.0723148 0.0706353 0.0704159 0.0695720 0.0707306 0.0679831 0.0705190 0.0707042 0.0635083 0.0696827 0.0695706 0.0664907 0.0687897 0.0678954 0.0656220 0.0669491 0.0679237 0.0603325 0.0595225 0.0595225 0.0669407 0.0678477 0.0662530 0.0689868 0.0663218 0.0678928 0.0661771 0.0678766 0.0678831 0.0678161 0.0671095 0.0663343 0.0654000 0.0670606 0.0611785 0.0661646 0.0661082 0.0663423 0.0644316 0.0636823 0.0662309 0.0619114 0.0653186 0.0652722 0.0662206 0.0652603 0.0639695 0.0644956 0.0627611 0.0627611 0.0631937 0.0635928 0.0635928 
EF492511                                                           0.0453800 0.0000000 0.0450200 0.0637506 0.0620907 0.0675990 0.0649767 0.0632257 0.0632381 0.0613845 0.0618020 0.0625473 0.0616759 0.0608273 0.0591854 0.0583140 0.0583140 0.0602304 0.0607673 0.0601135 0.0599618 0.0600489 0.0625065 0.0608102 0.0608368 0.0599321 0.0600135 0.0600570 0.0591826 0.0590980 0.0590890 0.0590890 0.0598738 0.0583160 0.0582699 0.0582699 0.0575658 0.0664586 0.0605648 0.0603945 0.0579640 0.0579640 0.0572963 0.0578623 0.0613689 0.0587785 0.0604778 0.0596462 0.0596462 0.0604355 0.0531086 0.0520518 0.0536969 0.0512960 0.0521370 0.0503591 0.0680077 0.0705153 0.0679190 0.0619119 0.0627033 0.0654749 0.0653979 0.0687510 0.0680973 0.0670650 0.0654621 0.0652921 0.0655329 0.0689085 0.0662806 0.0660619 0.0653692 0.0637622 0.0636946 0.0646348 0.0646348 0.0646011 0.0646016 0.0627799 0.0635841 0.0630838 0.0620518 0.0628701 0.0622061 0.0585755 0.0620571 0.0611411 0.0589793 0.0611952 0.0619511 0.0580995 0.0577791 0.0603568 0.0529964 0.0522079 0.0522079 0.0594181 0.0602915 0.0587348 0.0613663 0.0587938 0.0603304 0.0586684 0.0603160 0.0603220 0.0594487 0.0587392 0.0588047 0.0579075 0.0587066 0.0553176 0.0586581 0.0586093 0.0588114 0.0569822 0.0578507 0.0587147 0.0545581 0.0578377 0.0561935 0.0569921 0.0577878 0.0564939 0.0570376 0.0553610 0.0553610 0.0557339 0.0561686 0.0561686 
JF791031                                                           0.0657560 0.0450200 0.0000000 0.0417397 0.0401412 0.0403553 0.0387305 0.0379081 0.0371003 0.0354109 0.0347897 0.0356085 0.0355462 0.0347710 0.0332016 0.0323912 0.0323912 0.0332637 0.0338923 0.0331997 0.0331185 0.0331643 0.0355864 0.0339872 0.0340012 0.0331701 0.0332156 0.0332385 0.0324272 0.0323804 0.0323762 0.0323762 0.0328001 0.0316196 0.0315947 0.0315947 0.0313388 0.0441860 0.0401999 0.0400901 0.0392985 0.0392985 0.0391915 0.0378793 0.0393241 0.0385190 0.0384904 0.0376941 0.0376941 0.0381878 0.0321841 0.0336611 0.0374981 0.0336111 0.0359642 0.0340449 0.0448757 0.0472847 0.0448179 0.0407223 0.0430733 0.0440153 0.0448860 0.0471857 0.0465013 0.0455691 0.0456224 0.0454920 0.0456546 0.0473072 0.0463875 0.0455119 0.0448342 0.0408614 0.0408194 0.0416964 0.0416964 0.0392016 0.0423984 0.0407879 0.0399725 0.0401685 0.0416011 0.0408206 0.0393458 0.0384009 0.0400338 0.0376197 0.0362117 0.0391789 0.0383825 0.0377394 0.0375605 0.0392238 0.0328929 0.0321256 0.0321256 0.0375551 0.0383766 0.0360774 0.0393248 0.0368867 0.0368389 0.0368094 0.0383908 0.0383951 0.0360257 0.0368527 0.0368937 0.0376169 0.0360585 0.0368291 0.0352417 0.0336638 0.0368972 0.0352079 0.0368068 0.0368374 0.0336917 0.0360162 0.0359915 0.0356587 0.0359867 0.0346223 0.0352417 0.0336477 0.0336477 0.0338705 0.0328798 0.0328798 
AY160124.1_Symbiodinium_sp._G15                                    0.0704291 0.0637506 0.0417397 0.0000000 0.0014078 0.0396510 0.0387944 0.0356720 0.0371927 0.0332378 0.0342233 0.0334194 0.0356934 0.0349041 0.0333620 0.0325655 0.0325655 0.0327223 0.0333428 0.0326603 0.0310541 0.0326261 0.0333991 0.0318367 0.0318495 0.0325663 0.0310812 0.0311022 0.0303104 0.0317916 0.0302637 0.0302637 0.0306521 0.0310448 0.0310208 0.0310208 0.0299773 0.0402152 0.0363348 0.0362381 0.0354674 0.0354674 0.0345109 0.0348420 0.0354899 0.0347075 0.0346823 0.0339079 0.0339079 0.0343422 0.0308820 0.0338627 0.0361043 0.0315338 0.0345983 0.0326999 0.0433740 0.0457387 0.0433191 0.0408310 0.0439159 0.0456718 0.0449611 0.0464487 0.0457737 0.0448587 0.0433220 0.0455799 0.0457404 0.0456652 0.0456635 0.0439609 0.0432925 0.0401744 0.0401339 0.0401317 0.0401317 0.0417382 0.0409639 0.0408707 0.0377589 0.0402617 0.0401230 0.0393573 0.0394522 0.0331447 0.0385854 0.0385274 0.0356046 0.0385653 0.0385223 0.0355692 0.0353996 0.0377916 0.0308304 0.0315922 0.0315922 0.0361581 0.0369627 0.0354652 0.0378871 0.0370323 0.0369851 0.0354251 0.0369761 0.0369802 0.0361803 0.0354661 0.0362710 0.0346868 0.0362172 0.0354491 0.0354202 0.0338670 0.0355082 0.0338555 0.0354228 0.0354516 0.0331354 0.0346475 0.0346241 0.0351030 0.0346197 0.0332738 0.0338874 0.0323250 0.0323250 0.0317614 0.0315712 0.0315712 
HE653239_Symbiodinium_voratum                                      0.0687247 0.0620907 0.0401412 0.0014078 0.0000000 0.0380789 0.0372286 0.0341182 0.0356346 0.0316983 0.0326705 0.0318710 0.0341387 0.0333529 0.0318164 0.0310240 0.0310240 0.0311731 0.0317981 0.0311141 0.0295171 0.0310816 0.0318517 0.0302962 0.0303083 0.0310248 0.0295428 0.0295627 0.0287751 0.0302533 0.0287308 0.0287308 0.0290989 0.0295083 0.0294856 0.0294856 0.0284216 0.0386498 0.0347834 0.0346911 0.0339232 0.0339232 0.0329449 0.0332604 0.0339446 0.0331657 0.0331416 0.0323703 0.0323703 0.0327842 0.0293541 0.0323274 0.0345633 0.0300087 0.0330616 0.0311523 0.0417961 0.0441520 0.0417432 0.0392695 0.0423444 0.0440876 0.0433769 0.0448621 0.0441855 0.0432784 0.0417460 0.0439992 0.0441536 0.0440812 0.0440796 0.0423876 0.0417178 0.0386105 0.0385717 0.0385696 0.0385696 0.0401685 0.0393969 0.0393074 0.0362073 0.0386940 0.0385612 0.0377980 0.0378888 0.0316098 0.0370287 0.0369732 0.0340539 0.0370094 0.0369683 0.0340203 0.0338586 0.0362385 0.0293052 0.0300641 0.0300641 0.0346147 0.0354149 0.0339211 0.0363299 0.0354815 0.0354364 0.0338828 0.0354277 0.0354317 0.0346359 0.0339219 0.0347224 0.0331459 0.0346710 0.0339058 0.0338782 0.0323314 0.0339620 0.0323205 0.0338806 0.0339081 0.0316010 0.0331085 0.0330862 0.0335429 0.0330820 0.0317328 0.0323509 0.0307956 0.0307956 0.0302248 0.0300442 0.0300442 
AJ271758.1_Symbiodinium_sp.                                        0.0771894 0.0675990 0.0403553 0.0396510 0.0380789 0.0000000 0.0136418 0.0158478 0.0121703 0.0151206 0.0158875 0.0136775 0.0107352 0.0100062 0.0085626 0.0078365 0.0078365 0.0144380 0.0151060 0.0144113 0.0129209 0.0143965 0.0136696 0.0122017 0.0122062 0.0114628 0.0114782 0.0114855 0.0107493 0.0107342 0.0107331 0.0107331 0.0108679 0.0100164 0.0100088 0.0100088 0.0101726 0.0453016 0.0413458 0.0412338 0.0404481 0.0404481 0.0395586 0.0390765 0.0396954 0.0396748 0.0388688 0.0388550 0.0388550 0.0393592 0.0310848 0.0318109 0.0363482 0.0309833 0.0348317 0.0329223 0.0452624 0.0476532 0.0452045 0.0419032 0.0465856 0.0467929 0.0452942 0.0475768 0.0468982 0.0459715 0.0460248 0.0466978 0.0468637 0.0476757 0.0467842 0.0450625 0.0443906 0.0396598 0.0396196 0.0396984 0.0396984 0.0420336 0.0428233 0.0419444 0.0395790 0.0397464 0.0411906 0.0404180 0.0405163 0.0380232 0.0396391 0.0395790 0.0366340 0.0388311 0.0387984 0.0396415 0.0379634 0.0388374 0.0356479 0.0364227 0.0364227 0.0371864 0.0379993 0.0364893 0.0389364 0.0380715 0.0372440 0.0364478 0.0380132 0.0380175 0.0379816 0.0364903 0.0373035 0.0357035 0.0372477 0.0357010 0.0364426 0.0348747 0.0365339 0.0348628 0.0364453 0.0364753 0.0349174 0.0356627 0.0356385 0.0361352 0.0356338 0.0342812 0.0348959 0.0333182 0.0333182 0.0327580 0.0325579 0.0325579 
AJ271759.1_Symbiodinium_sp.                                        0.0753307 0.0649767 0.0387305 0.0387944 0.0372286 0.0136418 0.0000000 0.0136310 0.0099825 0.0129077 0.0136649 0.0114701 0.0085538 0.0078306 0.0063963 0.0056766 0.0056766 0.0122222 0.0128944 0.0121996 0.0107230 0.0121872 0.0114636 0.0100072 0.0100109 0.0092754 0.0092878 0.0092936 0.0085650 0.0085530 0.0085521 0.0085521 0.0086583 0.0078385 0.0078326 0.0078326 0.0079602 0.0444205 0.0404802 0.0403709 0.0395883 0.0395883 0.0386880 0.0382011 0.0388378 0.0388177 0.0380153 0.0380019 0.0380019 0.0384937 0.0302620 0.0309864 0.0355086 0.0301635 0.0339971 0.0320853 0.0443822 0.0467635 0.0443257 0.0410401 0.0457052 0.0459078 0.0444133 0.0466888 0.0460107 0.0450901 0.0451422 0.0458148 0.0459770 0.0467855 0.0458993 0.0441868 0.0435154 0.0388031 0.0387638 0.0388407 0.0388407 0.0411672 0.0419539 0.0410802 0.0371568 0.0388875 0.0403287 0.0395589 0.0396548 0.0371744 0.0387829 0.0387243 0.0357868 0.0379786 0.0387191 0.0380060 0.0371162 0.0379847 0.0340387 0.0348093 0.0348093 0.0363422 0.0371511 0.0356459 0.0380813 0.0356794 0.0363983 0.0356055 0.0371647 0.0371688 0.0371338 0.0356469 0.0364562 0.0348634 0.0364018 0.0348609 0.0356005 0.0340389 0.0356894 0.0340274 0.0356031 0.0356322 0.0340806 0.0348237 0.0348000 0.0352838 0.0347955 0.0334435 0.0340596 0.0324887 0.0324887 0.0319255 0.0317311 0.0317311 
AJ271754.1_Symbiodinium_sp.                                        0.0692481 0.0632257 0.0379081 0.0356720 0.0341182 0.0158478 0.0136310 0.0000000 0.0121609 0.0092744 0.0100168 0.0078459 0.0107269 0.0099985 0.0085561 0.0078305 0.0078305 0.0085831 0.0092657 0.0085672 0.0071126 0.0085585 0.0078415 0.0064008 0.0064031 0.0071094 0.0056867 0.0056903 0.0049710 0.0063918 0.0049636 0.0049636 0.0050249 0.0056804 0.0056761 0.0056761 0.0057682 0.0396895 0.0357894 0.0356937 0.0349192 0.0349192 0.0339512 0.0334333 0.0341728 0.0341553 0.0333640 0.0333522 0.0333522 0.0337819 0.0249282 0.0256500 0.0316644 0.0248475 0.0301630 0.0282234 0.0404336 0.0427939 0.0403823 0.0371382 0.0417670 0.0419507 0.0404617 0.0427259 0.0420438 0.0411425 0.0404109 0.0410889 0.0412329 0.0428137 0.0403600 0.0402567 0.0395814 0.0349103 0.0348753 0.0364856 0.0364856 0.0372520 0.0380319 0.0371740 0.0348399 0.0349855 0.0364259 0.0356622 0.0357479 0.0333034 0.0348925 0.0348401 0.0319106 0.0340976 0.0348354 0.0333466 0.0332515 0.0341031 0.0301999 0.0309637 0.0309637 0.0324842 0.0332826 0.0325452 0.0341893 0.0318156 0.0325340 0.0317500 0.0332945 0.0332983 0.0332671 0.0317867 0.0325854 0.0310112 0.0325371 0.0279390 0.0317458 0.0301998 0.0318244 0.0301897 0.0317480 0.0317737 0.0302367 0.0309762 0.0309553 0.0313839 0.0309515 0.0295905 0.0302181 0.0286648 0.0286648 0.0280830 0.0279128 0.0279128 
AJ271756.1_Symbiodinium_sp.                                        0.0735161 0.0632381 0.0371003 0.0371927 0.0356346 0.0121703 0.0099825 0.0121609 0.0000000 0.0114404 0.0121908 0.0100082 0.0071082 0.0063890 0.0049610 0.0042455 0.0042455 0.0107532 0.0114297 0.0107332 0.0092673 0.0107223 0.0100026 0.0085537 0.0085568 0.0078265 0.0078369 0.0078418 0.0071175 0.0071076 0.0071069 0.0071069 0.0071949 0.0063954 0.0063906 0.0063906 0.0064944 0.0427879 0.0388660 0.0387615 0.0379826 0.0379826 0.0370600 0.0365630 0.0372343 0.0372152 0.0364175 0.0364047 0.0364047 0.0368745 0.0287022 0.0294252 0.0339302 0.0286090 0.0324245 0.0305033 0.0427512 0.0451211 0.0426968 0.0394320 0.0440770 0.0442715 0.0427810 0.0450493 0.0443703 0.0434587 0.0435087 0.0441824 0.0443381 0.0451422 0.0442635 0.0425636 0.0418913 0.0372012 0.0371637 0.0372371 0.0372371 0.0395535 0.0403365 0.0394703 0.0355664 0.0365091 0.0387210 0.0379546 0.0380461 0.0355832 0.0371820 0.0371260 0.0341949 0.0363824 0.0371210 0.0364086 0.0355277 0.0363883 0.0324641 0.0332311 0.0332311 0.0347573 0.0355610 0.0340610 0.0364805 0.0340928 0.0348107 0.0340224 0.0355738 0.0355779 0.0355445 0.0340618 0.0348659 0.0332824 0.0348140 0.0332801 0.0340177 0.0324642 0.0341023 0.0309321 0.0340202 0.0340478 0.0325039 0.0332447 0.0332222 0.0336828 0.0332180 0.0318638 0.0324839 0.0309219 0.0309219 0.0303517 0.0301674 0.0301674 
AJ271764.1_Symbiodinium_sp.                                        0.0647968 0.0613845 0.0354109 0.0332378 0.0316983 0.0151206 0.0129077 0.0092744 0.0114404 0.0000000 0.0092972 0.0071295 0.0100073 0.0092802 0.0078396 0.0071155 0.0071155 0.0078644 0.0085492 0.0078498 0.0063986 0.0078418 0.0071255 0.0056871 0.0056891 0.0063957 0.0049737 0.0049768 0.0042590 0.0056791 0.0042526 0.0042526 0.0043052 0.0049681 0.0049644 0.0049644 0.0050449 0.0372119 0.0333466 0.0332582 0.0324905 0.0324905 0.0314912 0.0309592 0.0309685 0.0317328 0.0301721 0.0309390 0.0309390 0.0313352 0.0240854 0.0232997 0.0307864 0.0240078 0.0292929 0.0273542 0.0363916 0.0387219 0.0363457 0.0331554 0.0377305 0.0378945 0.0364166 0.0386609 0.0379775 0.0370988 0.0371407 0.0378196 0.0379507 0.0387394 0.0378879 0.0362339 0.0355571 0.0309448 0.0309142 0.0324977 0.0324977 0.0332554 0.0340255 0.0331866 0.0308832 0.0310106 0.0324449 0.0316900 0.0317652 0.0293655 0.0309293 0.0308834 0.0279726 0.0301469 0.0308793 0.0309232 0.0300937 0.0301517 0.0270525 0.0278079 0.0278079 0.0285624 0.0293473 0.0278649 0.0302273 0.0278903 0.0286056 0.0278334 0.0293575 0.0293610 0.0293337 0.0278652 0.0286504 0.0271005 0.0286082 0.0255810 0.0278299 0.0263051 0.0278980 0.0262964 0.0278317 0.0278539 0.0263370 0.0270703 0.0270522 0.0274239 0.0270491 0.0256840 0.0263210 0.0247907 0.0247907 0.0241924 0.0240470 0.0240470 
L13718.1_Symbiodinium_meandrinae                                   0.0678081 0.0618020 0.0347897 0.0342233 0.0326705 0.0158875 0.0136649 0.0100168 0.0121908 0.0092972 0.0000000 0.0078651 0.0107533 0.0100231 0.0085770 0.0078497 0.0078497 0.0014192 0.0035448 0.0028405 0.0028341 0.0028377 0.0078607 0.0064165 0.0064188 0.0071268 0.0057006 0.0057042 0.0049832 0.0064075 0.0049757 0.0049757 0.0050374 0.0056943 0.0056900 0.0056900 0.0057826 0.0397942 0.0358832 0.0357870 0.0350103 0.0350103 0.0340412 0.0327038 0.0342620 0.0342444 0.0334508 0.0334390 0.0334390 0.0338709 0.0265018 0.0272260 0.0332723 0.0264157 0.0317633 0.0298310 0.0421049 0.0444795 0.0420513 0.0387825 0.0434369 0.0436290 0.0421344 0.0444084 0.0437265 0.0428150 0.0428643 0.0435410 0.0436948 0.0445002 0.0428221 0.0419198 0.0412446 0.0365457 0.0365089 0.0381315 0.0381315 0.0389021 0.0396866 0.0388201 0.0364717 0.0366249 0.0380689 0.0373010 0.0373911 0.0349261 0.0365269 0.0364717 0.0335323 0.0341657 0.0364669 0.0342111 0.0348715 0.0357320 0.0302778 0.0295213 0.0295213 0.0340997 0.0349042 0.0334008 0.0358228 0.0334320 0.0341522 0.0333628 0.0349168 0.0349208 0.0348880 0.0334015 0.0342064 0.0326209 0.0341555 0.0310708 0.0333582 0.0318023 0.0334413 0.0317916 0.0333606 0.0333878 0.0318413 0.0325839 0.0325618 0.0330144 0.0325577 0.0311975 0.0318217 0.0302576 0.0302576 0.0296822 0.0295016 0.0295016 
KU188508.1_Symbiodinium_sp.                                        0.0685092 0.0625473 0.0356085 0.0334194 0.0318710 0.0136775 0.0114701 0.0078459 0.0100082 0.0071295 0.0078651 0.0000000 0.0085758 0.0078508 0.0064128 0.0056912 0.0056912 0.0064331 0.0071228 0.0064211 0.0049756 0.0064146 0.0056906 0.0042580 0.0042595 0.0049733 0.0035465 0.0035487 0.0028344 0.0042584 0.0028344 0.0028344 0.0028695 0.0035479 0.0035452 0.0035452 0.0036027 0.0389724 0.0350723 0.0349785 0.0342040 0.0342040 0.0332242 0.0327007 0.0334571 0.0334400 0.0326491 0.0326376 0.0326376 0.0330584 0.0242147 0.0249374 0.0309531 0.0241363 0.0294512 0.0275033 0.0389332 0.0412893 0.0388838 0.0364250 0.0410545 0.0412350 0.0397447 0.0420104 0.0413266 0.0404273 0.0404735 0.0411524 0.0412969 0.0420967 0.0412277 0.0395432 0.0388662 0.0341953 0.0341610 0.0357700 0.0357700 0.0365366 0.0373164 0.0364601 0.0341263 0.0342689 0.0357115 0.0349476 0.0350316 0.0325898 0.0341778 0.0341265 0.0311938 0.0333835 0.0341219 0.0334076 0.0325390 0.0333888 0.0294873 0.0302511 0.0302511 0.0317717 0.0325694 0.0310722 0.0334733 0.0311009 0.0318204 0.0310368 0.0325810 0.0325848 0.0325542 0.0310727 0.0318707 0.0302974 0.0318234 0.0287575 0.0310327 0.0294872 0.0311095 0.0294773 0.0310349 0.0310600 0.0295232 0.0302632 0.0302428 0.0306619 0.0302391 0.0288743 0.0295051 0.0279525 0.0279525 0.0273663 0.0272003 0.0272003 
AB055917.1_Symbiodinium_sp.                                        0.0719110 0.0616759 0.0355462 0.0356934 0.0341387 0.0107352 0.0085538 0.0107269 0.0071082 0.0100073 0.0107533 0.0085758 0.0000000 0.0049677 0.0035425 0.0028295 0.0028295 0.0093166 0.0099979 0.0092992 0.0078392 0.0092898 0.0085711 0.0071259 0.0071285 0.0064015 0.0064100 0.0064141 0.0056923 0.0056843 0.0056837 0.0056837 0.0057541 0.0049727 0.0049690 0.0049690 0.0043256 0.0412734 0.0373591 0.0372588 0.0364814 0.0364814 0.0347582 0.0342453 0.0357335 0.0357152 0.0349200 0.0349076 0.0349076 0.0353581 0.0272217 0.0279451 0.0324449 0.0271334 0.0309409 0.0290063 0.0412380 0.0436032 0.0411856 0.0379322 0.0425697 0.0403584 0.0388726 0.0411307 0.0404476 0.0395545 0.0411551 0.0418316 0.0419782 0.0436234 0.0419080 0.0410573 0.0403825 0.0357017 0.0356658 0.0357361 0.0357361 0.0372216 0.0364560 0.0379688 0.0356296 0.0357788 0.0372198 0.0364546 0.0365424 0.0340898 0.0356834 0.0356297 0.0326976 0.0348863 0.0356249 0.0349115 0.0340367 0.0348920 0.0309788 0.0317443 0.0317443 0.0332678 0.0340686 0.0325698 0.0349803 0.0326001 0.0333188 0.0325328 0.0340808 0.0340847 0.0340527 0.0325705 0.0333716 0.0317931 0.0333220 0.0317909 0.0325284 0.0309788 0.0326091 0.0309684 0.0325307 0.0325571 0.0310166 0.0317571 0.0317357 0.0321755 0.0317317 0.0303721 0.0309976 0.0294402 0.0294402 0.0288619 0.0286867 0.0286867 
AJ271757.1_Symbiodinium_sp.                                        0.0710293 0.0608273 0.0347710 0.0349041 0.0333529 0.0100062 0.0078306 0.0099985 0.0063890 0.0092802 0.0100231 0.0078508 0.0049677 0.0000000 0.0028302 0.0021193 0.0021193 0.0085885 0.0092715 0.0085725 0.0071171 0.0085639 0.0078464 0.0064048 0.0064071 0.0056827 0.0056903 0.0056938 0.0049741 0.0049672 0.0049667 0.0049667 0.0050281 0.0042567 0.0042535 0.0042535 0.0043224 0.0404703 0.0365641 0.0364661 0.0356904 0.0356904 0.0347336 0.0342209 0.0349434 0.0349255 0.0341324 0.0341204 0.0341204 0.0345602 0.0264513 0.0271740 0.0316663 0.0263655 0.0301649 0.0282252 0.0404357 0.0427960 0.0403843 0.0371402 0.0417690 0.0419527 0.0404638 0.0427279 0.0420459 0.0411445 0.0411916 0.0418687 0.0412349 0.0428157 0.0419452 0.0402587 0.0395834 0.0349123 0.0348773 0.0349459 0.0349459 0.0372540 0.0380339 0.0371760 0.0348419 0.0349875 0.0364279 0.0356642 0.0357499 0.0333053 0.0348944 0.0348421 0.0319125 0.0340996 0.0348374 0.0341242 0.0332535 0.0341051 0.0302018 0.0309656 0.0309656 0.0324862 0.0332846 0.0317881 0.0341913 0.0318175 0.0325359 0.0317520 0.0332965 0.0333003 0.0332691 0.0317886 0.0325874 0.0310131 0.0325390 0.0310110 0.0317477 0.0302017 0.0318263 0.0301916 0.0317499 0.0317756 0.0302386 0.0309781 0.0309572 0.0313858 0.0309534 0.0295924 0.0302200 0.0286667 0.0286667 0.0280848 0.0279146 0.0279146 
AB863030.1_Symbiodinium_sp.                                        0.0693286 0.0591854 0.0332016 0.0333620 0.0318164 0.0085626 0.0063963 0.0085561 0.0049610 0.0078396 0.0085770 0.0064128 0.0035425 0.0028302 0.0000000 0.0007046 0.0007046 0.0071453 0.0078322 0.0071320 0.0056843 0.0071248 0.0064092 0.0049733 0.0049751 0.0042550 0.0042607 0.0042633 0.0035471 0.0035421 0.0035418 0.0035418 0.0035855 0.0028331 0.0028310 0.0028310 0.0028768 0.0389050 0.0350119 0.0349184 0.0341453 0.0341453 0.0331662 0.0326432 0.0333996 0.0333826 0.0325931 0.0325816 0.0325816 0.0330010 0.0249397 0.0256618 0.0301427 0.0248589 0.0286451 0.0266943 0.0388718 0.0412241 0.0388226 0.0355945 0.0402094 0.0403857 0.0388988 0.0411587 0.0404750 0.0395811 0.0396263 0.0403051 0.0404461 0.0412430 0.0403786 0.0387021 0.0380252 0.0333700 0.0333366 0.0334020 0.0334020 0.0357031 0.0364803 0.0356285 0.0333029 0.0334416 0.0348818 0.0341204 0.0342021 0.0317714 0.0333530 0.0333031 0.0303764 0.0325618 0.0332986 0.0325853 0.0317220 0.0325670 0.0286802 0.0294415 0.0294415 0.0309573 0.0317516 0.0302584 0.0326492 0.0302863 0.0310045 0.0302240 0.0317629 0.0317665 0.0317368 0.0302588 0.0310534 0.0294864 0.0310074 0.0294844 0.0302200 0.0286800 0.0302946 0.0286705 0.0302221 0.0302465 0.0287150 0.0294532 0.0294334 0.0298403 0.0294298 0.0280652 0.0286974 0.0271508 0.0271508 0.0265616 0.0264009 0.0264009 
AB016579.1_Symbiodinium_sp.                                        0.0684164 0.0583140 0.0323912 0.0325655 0.0310240 0.0078365 0.0056766 0.0078305 0.0042455 0.0071155 0.0078497 0.0056912 0.0028295 0.0021193 0.0007046 0.0000000 0.0000010 0.0064205 0.0071089 0.0064086 0.0049658 0.0064021 0.0056880 0.0042560 0.0042576 0.0035402 0.0035449 0.0035471 0.0028332 0.0028292 0.0028289 0.0028289 0.0028638 0.0021214 0.0021199 0.0021199 0.0021541 0.0380918 0.0342088 0.0341177 0.0333465 0.0333465 0.0323568 0.0318290 0.0326022 0.0325856 0.0317986 0.0317875 0.0317875 0.0321959 0.0241659 0.0248871 0.0293585 0.0240877 0.0278641 0.0259092 0.0380594 0.0404054 0.0380112 0.0347942 0.0393979 0.0395703 0.0380857 0.0403414 0.0396575 0.0387683 0.0388124 0.0394915 0.0396293 0.0404238 0.0395633 0.0378935 0.0372164 0.0325733 0.0325408 0.0326045 0.0326045 0.0349000 0.0356752 0.0348273 0.0325080 0.0326430 0.0340819 0.0333223 0.0334020 0.0309804 0.0325568 0.0325082 0.0295855 0.0317682 0.0325039 0.0317911 0.0309324 0.0317733 0.0278982 0.0286575 0.0286575 0.0301696 0.0309611 0.0294709 0.0318533 0.0294979 0.0302155 0.0294374 0.0309721 0.0309757 0.0309467 0.0294713 0.0302631 0.0287010 0.0302183 0.0286992 0.0294336 0.0278980 0.0295061 0.0278887 0.0294356 0.0294592 0.0279319 0.0286689 0.0286496 0.0290450 0.0286461 0.0272808 0.0279149 0.0263730 0.0263730 0.0257805 0.0256248 0.0256248 
AB016572.1_Symbiodinium_sp.                                        0.0684164 0.0583140 0.0323912 0.0325655 0.0310240 0.0078365 0.0056766 0.0078305 0.0042455 0.0071155 0.0078497 0.0056912 0.0028295 0.0021193 0.0007046 0.0000010 0.0000000 0.0064205 0.0071089 0.0064086 0.0049658 0.0064021 0.0056880 0.0042560 0.0042576 0.0035402 0.0035449 0.0035471 0.0028332 0.0028292 0.0028289 0.0028289 0.0028638 0.0021214 0.0021199 0.0021199 0.0021541 0.0380918 0.0342088 0.0341177 0.0333465 0.0333465 0.0323568 0.0318290 0.0326022 0.0325856 0.0317986 0.0317875 0.0317875 0.0321959 0.0241659 0.0248871 0.0293585 0.0240877 0.0278641 0.0259092 0.0380594 0.0404054 0.0380112 0.0347942 0.0393979 0.0395703 0.0380857 0.0403414 0.0396575 0.0387683 0.0388124 0.0394915 0.0396293 0.0404238 0.0395633 0.0378935 0.0372164 0.0325733 0.0325408 0.0326045 0.0326045 0.0349000 0.0356752 0.0348273 0.0325080 0.0326430 0.0340819 0.0333223 0.0334020 0.0309804 0.0325568 0.0325082 0.0295855 0.0317682 0.0325039 0.0317911 0.0309324 0.0317733 0.0278982 0.0286575 0.0286575 0.0301696 0.0309611 0.0294709 0.0318533 0.0294979 0.0302155 0.0294374 0.0309721 0.0309757 0.0309467 0.0294713 0.0302631 0.0287010 0.0302183 0.0286992 0.0294336 0.0278980 0.0295061 0.0278887 0.0294356 0.0294592 0.0279319 0.0286689 0.0286496 0.0290450 0.0286461 0.0272808 0.0279149 0.0263730 0.0263730 0.0257805 0.0256248 0.0256248 
L13717.1_Symbiodinium_corculorum                                   0.0661999 0.0602304 0.0332637 0.0327223 0.0311731 0.0144380 0.0122222 0.0085831 0.0107532 0.0078644 0.0014192 0.0064331 0.0093166 0.0085885 0.0071453 0.0064205 0.0064205 0.0000000 0.0021262 0.0014198 0.0014166 0.0014184 0.0064295 0.0049890 0.0049908 0.0056996 0.0042741 0.0042768 0.0035583 0.0049820 0.0035529 0.0035529 0.0035970 0.0042693 0.0042661 0.0042661 0.0043355 0.0375035 0.0343743 0.0342823 0.0335073 0.0335073 0.0325152 0.0311703 0.0327594 0.0327426 0.0319516 0.0319403 0.0319403 0.0323527 0.0250201 0.0257446 0.0317813 0.0249389 0.0302743 0.0283287 0.0405847 0.0429541 0.0405330 0.0372761 0.0419224 0.0421074 0.0406130 0.0428855 0.0422013 0.0412960 0.0413435 0.0420227 0.0421708 0.0429740 0.0413029 0.0404065 0.0397289 0.0350401 0.0350048 0.0366214 0.0366214 0.0373908 0.0381736 0.0373122 0.0349692 0.0351159 0.0365614 0.0357948 0.0358811 0.0334268 0.0350221 0.0349693 0.0320293 0.0326675 0.0349647 0.0327108 0.0333746 0.0342297 0.0287899 0.0280345 0.0280345 0.0326044 0.0334059 0.0319039 0.0343166 0.0319336 0.0326545 0.0318676 0.0334179 0.0334218 0.0333903 0.0319045 0.0327063 0.0311260 0.0326576 0.0295799 0.0318633 0.0303114 0.0319425 0.0303012 0.0318655 0.0318914 0.0303486 0.0310908 0.0310697 0.0315015 0.0310659 0.0297004 0.0303299 0.0287706 0.0287706 0.0281873 0.0280158 0.0280158 
AB055918.1_Symbiodinium_sp.                                        0.0667241 0.0607673 0.0338923 0.0333428 0.0317981 0.0151060 0.0128944 0.0092657 0.0114297 0.0085492 0.0035448 0.0071228 0.0099979 0.0092715 0.0078322 0.0071089 0.0071089 0.0021262 0.0000000 0.0021223 0.0021175 0.0021202 0.0071188 0.0056818 0.0056838 0.0063897 0.0049690 0.0049721 0.0042550 0.0056738 0.0042487 0.0042487 0.0043011 0.0049635 0.0049598 0.0049598 0.0050401 0.0388822 0.0349916 0.0348982 0.0341255 0.0341255 0.0331467 0.0318103 0.0333803 0.0333633 0.0325743 0.0325628 0.0325628 0.0329817 0.0256623 0.0263838 0.0324013 0.0255793 0.0308993 0.0289668 0.0411820 0.0435439 0.0411297 0.0378809 0.0425121 0.0426992 0.0412106 0.0434747 0.0427940 0.0418900 0.0419380 0.0426135 0.0427632 0.0435641 0.0426915 0.0410017 0.0403278 0.0356534 0.0356176 0.0372303 0.0372303 0.0379971 0.0387775 0.0379175 0.0355815 0.0357302 0.0371695 0.0364053 0.0364929 0.0340438 0.0356351 0.0355816 0.0326533 0.0348392 0.0355768 0.0333310 0.0339908 0.0348448 0.0294202 0.0286672 0.0286672 0.0332230 0.0340226 0.0325259 0.0349329 0.0325560 0.0332738 0.0324890 0.0340348 0.0340387 0.0340068 0.0325265 0.0333265 0.0317502 0.0332770 0.0302084 0.0324846 0.0309371 0.0325651 0.0309267 0.0324869 0.0325132 0.0309748 0.0317143 0.0316929 0.0321316 0.0316890 0.0295731 0.0309558 0.0294006 0.0294006 0.0288229 0.0286482 0.0286482 
X62650.1_S.pilosum                                                 0.0660691 0.0601135 0.0331997 0.0326603 0.0311141 0.0144113 0.0121996 0.0085672 0.0107332 0.0078498 0.0028405 0.0064211 0.0092992 0.0085725 0.0071320 0.0064086 0.0064086 0.0014198 0.0021223 0.0000000 0.0014140 0.0014158 0.0064176 0.0049798 0.0049816 0.0056891 0.0042662 0.0042689 0.0035517 0.0049728 0.0035464 0.0035464 0.0035903 0.0042615 0.0042583 0.0042583 0.0043274 0.0382041 0.0343090 0.0342173 0.0334438 0.0334438 0.0324526 0.0311099 0.0326972 0.0326805 0.0318911 0.0318799 0.0318799 0.0322908 0.0249731 0.0256962 0.0317215 0.0248921 0.0302174 0.0282748 0.0405073 0.0428721 0.0404558 0.0372055 0.0418428 0.0420271 0.0405355 0.0428038 0.0421206 0.0412174 0.0412647 0.0419428 0.0420903 0.0428919 0.0420196 0.0403298 0.0396534 0.0349737 0.0349385 0.0365519 0.0365519 0.0373197 0.0381010 0.0372414 0.0349030 0.0350491 0.0364920 0.0357269 0.0358129 0.0333636 0.0349557 0.0349032 0.0319685 0.0341594 0.0348985 0.0326489 0.0333116 0.0341649 0.0287357 0.0279818 0.0279818 0.0325429 0.0333428 0.0318436 0.0342514 0.0318732 0.0325928 0.0318074 0.0333547 0.0333586 0.0333272 0.0318442 0.0326444 0.0310673 0.0325959 0.0295241 0.0318032 0.0302543 0.0318820 0.0302442 0.0318054 0.0318312 0.0302913 0.0310322 0.0310112 0.0314413 0.0310073 0.0296442 0.0302727 0.0287165 0.0287165 0.0281339 0.0279631 0.0279631 
AB016723.1_Symbiodinium_sp.                                        0.0658984 0.0599618 0.0331185 0.0310541 0.0295171 0.0129209 0.0107230 0.0071126 0.0092673 0.0063986 0.0028341 0.0049756 0.0078392 0.0071171 0.0056843 0.0049658 0.0049658 0.0014166 0.0021175 0.0014140 0.0000000 0.0014126 0.0049728 0.0035437 0.0035450 0.0042509 0.0028335 0.0028353 0.0021231 0.0035388 0.0021199 0.0021199 0.0021460 0.0028304 0.0028283 0.0028283 0.0028740 0.0381112 0.0342260 0.0341349 0.0333633 0.0333633 0.0323733 0.0310335 0.0326186 0.0326020 0.0318145 0.0318034 0.0318034 0.0322123 0.0234134 0.0241344 0.0301291 0.0233378 0.0286322 0.0266821 0.0388539 0.0412051 0.0388047 0.0355783 0.0401910 0.0403671 0.0388808 0.0411397 0.0404563 0.0395629 0.0396080 0.0402866 0.0404274 0.0412239 0.0403600 0.0386844 0.0380077 0.0333547 0.0333214 0.0349229 0.0349229 0.0356868 0.0364636 0.0356123 0.0332877 0.0334263 0.0348659 0.0341048 0.0341865 0.0317569 0.0333378 0.0332879 0.0303626 0.0325470 0.0332835 0.0310436 0.0317076 0.0325522 0.0271567 0.0279152 0.0279152 0.0309433 0.0317372 0.0302447 0.0326343 0.0302725 0.0309905 0.0302103 0.0317484 0.0317521 0.0317224 0.0302451 0.0310393 0.0294730 0.0309934 0.0279393 0.0302064 0.0286671 0.0302809 0.0286575 0.0302084 0.0302327 0.0287020 0.0294399 0.0294201 0.0298266 0.0294165 0.0280525 0.0286845 0.0271386 0.0271386 0.0265496 0.0263890 0.0263890 
AB016724.1_Symbiodinium_sp.                                        0.0659967 0.0600489 0.0331643 0.0326261 0.0310816 0.0143965 0.0121872 0.0085585 0.0107223 0.0078418 0.0028377 0.0064146 0.0092898 0.0085639 0.0071248 0.0064021 0.0064021 0.0014184 0.0021202 0.0014158 0.0014126 0.0000000 0.0064111 0.0049747 0.0049765 0.0056834 0.0042619 0.0042645 0.0035481 0.0049678 0.0035428 0.0035428 0.0035866 0.0042572 0.0042540 0.0042540 0.0043229 0.0381638 0.0342729 0.0341814 0.0334087 0.0334087 0.0324180 0.0310766 0.0326630 0.0326463 0.0318577 0.0318465 0.0318465 0.0322565 0.0249471 0.0256695 0.0316884 0.0248663 0.0301859 0.0282451 0.0404646 0.0428267 0.0404132 0.0371666 0.0417989 0.0419828 0.0404927 0.0427586 0.0420761 0.0411740 0.0412211 0.0418986 0.0420458 0.0428465 0.0419753 0.0402874 0.0396116 0.0349370 0.0349019 0.0365135 0.0365135 0.0372805 0.0380610 0.0372024 0.0348665 0.0350123 0.0364538 0.0356894 0.0357753 0.0333288 0.0349191 0.0348666 0.0319350 0.0341236 0.0348620 0.0326147 0.0332768 0.0341291 0.0287058 0.0279526 0.0279526 0.0325090 0.0333080 0.0318104 0.0342155 0.0318398 0.0325587 0.0317742 0.0333199 0.0333237 0.0332924 0.0318109 0.0326103 0.0310348 0.0325619 0.0294933 0.0317700 0.0302228 0.0318487 0.0302127 0.0317722 0.0317979 0.0302597 0.0309998 0.0309788 0.0314081 0.0309750 0.0296131 0.0302411 0.0286866 0.0286866 0.0281045 0.0279340 0.0279340 
KU188515.1_Symbiodinium_sp.                                        0.0684632 0.0625065 0.0355864 0.0333991 0.0318517 0.0136696 0.0114636 0.0078415 0.0100026 0.0071255 0.0078607 0.0056906 0.0085711 0.0078464 0.0064092 0.0056880 0.0056880 0.0064295 0.0071188 0.0064176 0.0049728 0.0064111 0.0000000 0.0042556 0.0042571 0.0049705 0.0035445 0.0035467 0.0028329 0.0042560 0.0028329 0.0028329 0.0028679 0.0035459 0.0035433 0.0035433 0.0028780 0.0389483 0.0350509 0.0349572 0.0341832 0.0341832 0.0324199 0.0318915 0.0334368 0.0334197 0.0326293 0.0326178 0.0326178 0.0330381 0.0242004 0.0249226 0.0309345 0.0241220 0.0294335 0.0274867 0.0396926 0.0420512 0.0396422 0.0364028 0.0410292 0.0412095 0.0397202 0.0419843 0.0413009 0.0404023 0.0404485 0.0411270 0.0412713 0.0420706 0.0412022 0.0395190 0.0388423 0.0341745 0.0341402 0.0357481 0.0357481 0.0365142 0.0372935 0.0364378 0.0341056 0.0342480 0.0356897 0.0349263 0.0350103 0.0325701 0.0341570 0.0341058 0.0311749 0.0333632 0.0341012 0.0333873 0.0325194 0.0333686 0.0294696 0.0302329 0.0302329 0.0317526 0.0325497 0.0310534 0.0334529 0.0310822 0.0318012 0.0310181 0.0325613 0.0325651 0.0325346 0.0310539 0.0318514 0.0302792 0.0318042 0.0287402 0.0310140 0.0294695 0.0310908 0.0294596 0.0310162 0.0310412 0.0295055 0.0302451 0.0302246 0.0306432 0.0302209 0.0288569 0.0294874 0.0279358 0.0279358 0.0273499 0.0271841 0.0271841 
KU188511.1_Symbiodinium_sp.                                        0.0667175 0.0608102 0.0339872 0.0318367 0.0302962 0.0122017 0.0100072 0.0064008 0.0085537 0.0056871 0.0064165 0.0042580 0.0071259 0.0064048 0.0049733 0.0042560 0.0042560 0.0049890 0.0056818 0.0049798 0.0035437 0.0049747 0.0042556 0.0000000 0.0028315 0.0035421 0.0021218 0.0021231 0.0014131 0.0028307 0.0014131 0.0014131 0.0014306 0.0021226 0.0021210 0.0021210 0.0021552 0.0373584 0.0334771 0.0333880 0.0326173 0.0326173 0.0316159 0.0310827 0.0318727 0.0318565 0.0310703 0.0310594 0.0310594 0.0314587 0.0226789 0.0234001 0.0293903 0.0226057 0.0278943 0.0259376 0.0381011 0.0404497 0.0380528 0.0348321 0.0394409 0.0396136 0.0381274 0.0403855 0.0397010 0.0388107 0.0388549 0.0395347 0.0396728 0.0404682 0.0396066 0.0379349 0.0372571 0.0326089 0.0325763 0.0341749 0.0341749 0.0349382 0.0357142 0.0348653 0.0325434 0.0326787 0.0341191 0.0333587 0.0326754 0.0310141 0.0325923 0.0325436 0.0296179 0.0318028 0.0325393 0.0318258 0.0309660 0.0318079 0.0279285 0.0286886 0.0286886 0.0302024 0.0309948 0.0295030 0.0318881 0.0295301 0.0302484 0.0294694 0.0310058 0.0310094 0.0309804 0.0295033 0.0302961 0.0287322 0.0302512 0.0272004 0.0294656 0.0279283 0.0295382 0.0279190 0.0294676 0.0294913 0.0279623 0.0287000 0.0286807 0.0290770 0.0286773 0.0273106 0.0279452 0.0264016 0.0264016 0.0258087 0.0256526 0.0256526 
KU188514.1_Symbiodinium_sp.                                        0.0667475 0.0608368 0.0340012 0.0318495 0.0303083 0.0122062 0.0100109 0.0064031 0.0085568 0.0056891 0.0064188 0.0042595 0.0071285 0.0064071 0.0049751 0.0042576 0.0042576 0.0049908 0.0056838 0.0049816 0.0035450 0.0049765 0.0042571 0.0028315 0.0000000 0.0035434 0.0021225 0.0021238 0.0014136 0.0028318 0.0014136 0.0014136 0.0014311 0.0021234 0.0021218 0.0021218 0.0021552 0.0373736 0.0334906 0.0334015 0.0326304 0.0326304 0.0316288 0.0310954 0.0318855 0.0318693 0.0310827 0.0310718 0.0310718 0.0314714 0.0226877 0.0234092 0.0294019 0.0226144 0.0279053 0.0259479 0.0381166 0.0404663 0.0380683 0.0348461 0.0394570 0.0396298 0.0381430 0.0404021 0.0397173 0.0388265 0.0388708 0.0395508 0.0396890 0.0404848 0.0396228 0.0379503 0.0372722 0.0326220 0.0325894 0.0341887 0.0341887 0.0349523 0.0357287 0.0348794 0.0325565 0.0326919 0.0341328 0.0333721 0.0334520 0.0310265 0.0326054 0.0325566 0.0296297 0.0318156 0.0325523 0.0318385 0.0309783 0.0318206 0.0279395 0.0287000 0.0287000 0.0302144 0.0310072 0.0295147 0.0319009 0.0295418 0.0302604 0.0294811 0.0310181 0.0310217 0.0309927 0.0295151 0.0303082 0.0287436 0.0302633 0.0272111 0.0294773 0.0279393 0.0295500 0.0279300 0.0294793 0.0295030 0.0279734 0.0287114 0.0286920 0.0290886 0.0286886 0.0273214 0.0279562 0.0264120 0.0264120 0.0258188 0.0256626 0.0256626 
AF238256.1_Symbiodinium_sp._Type_A                                 0.0675359 0.0599321 0.0331701 0.0325663 0.0310248 0.0114628 0.0092754 0.0071094 0.0078265 0.0063957 0.0071268 0.0049733 0.0064015 0.0056827 0.0042550 0.0035402 0.0035402 0.0056996 0.0063897 0.0056891 0.0042509 0.0056834 0.0049705 0.0035421 0.0035434 0.0000000 0.0028322 0.0028340 0.0021221 0.0021192 0.0021189 0.0021189 0.0021451 0.0014125 0.0014114 0.0014114 0.0014340 0.0380929 0.0342096 0.0341185 0.0333474 0.0333474 0.0323576 0.0318298 0.0326030 0.0325864 0.0317994 0.0317882 0.0317882 0.0321967 0.0234024 0.0241231 0.0301149 0.0233269 0.0286187 0.0266694 0.0388353 0.0411852 0.0387861 0.0355613 0.0401717 0.0403477 0.0388621 0.0411199 0.0404368 0.0395439 0.0395890 0.0402672 0.0404080 0.0412040 0.0403405 0.0386659 0.0379895 0.0333388 0.0333055 0.0349062 0.0349062 0.0356697 0.0364461 0.0355953 0.0332719 0.0334103 0.0348492 0.0340885 0.0341701 0.0317418 0.0333219 0.0332720 0.0303481 0.0325315 0.0332676 0.0325550 0.0316926 0.0325367 0.0286537 0.0294142 0.0294142 0.0309286 0.0317221 0.0302303 0.0326187 0.0302581 0.0309757 0.0301960 0.0317333 0.0317370 0.0317073 0.0302307 0.0310246 0.0294590 0.0309786 0.0279260 0.0301920 0.0286535 0.0302665 0.0286440 0.0301941 0.0302184 0.0286884 0.0294260 0.0294061 0.0298123 0.0294026 0.0280391 0.0286709 0.0271258 0.0271258 0.0265370 0.0263765 0.0263765 
KU188513.1_Symbiodinium_sp.                                        0.0659016 0.0600135 0.0332156 0.0310812 0.0295428 0.0114782 0.0092878 0.0056867 0.0078369 0.0049737 0.0057006 0.0035465 0.0064100 0.0056903 0.0042607 0.0035449 0.0035449 0.0042741 0.0049690 0.0042662 0.0028335 0.0042619 0.0035445 0.0021218 0.0021225 0.0028322 0.0000000 0.0014147 0.0007056 0.0021220 0.0007056 0.0007056 0.0007149 0.0014143 0.0014133 0.0014133 0.0014361 0.0365937 0.0327173 0.0326304 0.0318606 0.0318606 0.0308479 0.0303095 0.0311164 0.0311006 0.0303158 0.0303052 0.0303052 0.0306947 0.0219365 0.0226577 0.0286417 0.0218657 0.0271471 0.0251841 0.0373362 0.0396818 0.0372889 0.0340747 0.0386785 0.0388477 0.0373620 0.0396189 0.0389334 0.0380463 0.0380895 0.0387705 0.0389057 0.0396999 0.0388409 0.0371734 0.0364946 0.0318523 0.0318206 0.0334158 0.0334158 0.0341783 0.0349534 0.0341071 0.0317885 0.0319205 0.0333613 0.0326017 0.0326796 0.0302611 0.0318362 0.0317887 0.0288633 0.0310482 0.0317844 0.0310706 0.0302142 0.0310531 0.0271803 0.0279395 0.0279395 0.0294515 0.0302423 0.0287514 0.0311314 0.0287778 0.0294963 0.0287187 0.0302529 0.0302564 0.0302281 0.0287518 0.0295428 0.0279819 0.0294991 0.0264523 0.0287150 0.0271801 0.0287857 0.0271710 0.0287170 0.0287400 0.0272132 0.0279505 0.0279317 0.0283175 0.0279284 0.0265594 0.0271966 0.0256557 0.0256557 0.0250589 0.0249075 0.0249075 
KU188510.1_Symbiodinium_sp.                                        0.0659516 0.0600570 0.0332385 0.0311022 0.0295627 0.0114855 0.0092936 0.0056903 0.0078418 0.0049768 0.0057042 0.0035487 0.0064141 0.0056938 0.0042633 0.0035471 0.0035471 0.0042768 0.0049721 0.0042689 0.0028353 0.0042645 0.0035467 0.0021231 0.0021238 0.0028340 0.0014147 0.0000000 0.0007066 0.0021233 0.0007066 0.0007066 0.0007154 0.0014152 0.0014142 0.0014142 0.0014361 0.0366188 0.0327396 0.0326525 0.0318821 0.0318821 0.0308691 0.0303305 0.0311374 0.0311216 0.0303363 0.0303256 0.0303256 0.0307156 0.0219510 0.0226726 0.0286609 0.0218801 0.0271652 0.0252010 0.0373618 0.0397092 0.0373144 0.0340978 0.0387050 0.0388744 0.0373876 0.0396462 0.0389602 0.0380724 0.0381157 0.0387971 0.0389325 0.0397273 0.0388676 0.0371988 0.0365195 0.0318739 0.0318421 0.0334385 0.0334385 0.0342016 0.0349772 0.0341303 0.0318099 0.0319421 0.0333839 0.0326237 0.0327018 0.0302814 0.0318578 0.0318101 0.0288827 0.0310692 0.0318059 0.0310916 0.0302345 0.0310741 0.0271985 0.0279582 0.0279582 0.0294713 0.0302626 0.0287707 0.0311525 0.0287972 0.0295162 0.0287380 0.0302733 0.0302768 0.0302485 0.0287711 0.0295627 0.0280006 0.0295189 0.0264700 0.0287343 0.0271982 0.0288051 0.0271892 0.0287362 0.0287593 0.0272314 0.0279692 0.0279504 0.0283367 0.0279471 0.0265772 0.0272147 0.0256728 0.0256728 0.0250757 0.0249240 0.0249240 
KU188509.1_Symbiodinium_sp.                                        0.0650477 0.0591826 0.0324272 0.0303104 0.0287751 0.0107493 0.0085650 0.0049710 0.0071175 0.0042590 0.0049832 0.0028344 0.0056923 0.0049741 0.0035471 0.0028332 0.0028332 0.0035583 0.0042550 0.0035517 0.0021231 0.0035481 0.0028329 0.0014131 0.0014136 0.0021221 0.0007056 0.0007066 0.0000000 0.0014133 0.0000010 0.0000010 0.0000010 0.0007060 0.0007056 0.0007056 0.0007177 0.0358104 0.0319413 0.0318565 0.0310882 0.0310882 0.0300646 0.0295212 0.0303448 0.0303294 0.0295466 0.0295362 0.0295362 0.0299155 0.0211841 0.0219049 0.0278794 0.0211158 0.0263869 0.0244187 0.0365522 0.0388934 0.0365060 0.0333004 0.0378964 0.0380619 0.0365774 0.0388318 0.0381457 0.0372624 0.0373047 0.0379864 0.0381187 0.0389111 0.0380553 0.0363931 0.0357136 0.0310801 0.0310492 0.0326401 0.0326401 0.0334014 0.0341750 0.0333320 0.0310179 0.0311464 0.0325869 0.0318285 0.0319045 0.0294933 0.0310645 0.0310181 0.0280947 0.0302784 0.0310140 0.0303003 0.0294476 0.0302832 0.0264192 0.0271770 0.0271770 0.0286864 0.0294750 0.0279860 0.0303594 0.0280117 0.0287300 0.0279542 0.0294853 0.0294887 0.0294612 0.0279863 0.0287752 0.0272181 0.0287326 0.0256917 0.0279506 0.0264189 0.0280193 0.0264102 0.0279525 0.0279749 0.0264511 0.0271877 0.0271694 0.0275443 0.0271662 0.0257956 0.0264350 0.0248977 0.0248977 0.0242974 0.0241507 0.0241507 
