130
GU362426_Gymnodinium_catenatum                                     0.0000000 0.0454084 0.0658166 0.0704960 0.0687889 0.0772743 0.0754106 0.0693157 0.0735914 0.0648553 0.0678761 0.0685761 0.0719836 0.0711012 0.0693976 0.0684831 0.0684831 0.0662634 0.0667883 0.0661335 0.0659614 0.0660612 0.0685293 0.0667806 0.0668108 0.0676008 0.0659647 0.0660145 0.0651094 0.0667379 0.0650570 0.0650570 0.0659386 0.0659350 0.0658819 0.0658819 0.0653176 0.0734813 0.0673927 0.0671961 0.0663549 0.0663549 0.0658449 0.0665106 0.0665046 0.0655337 0.0655828 0.0664345 0.0664345 0.0673317 0.0629745 0.0628147 0.0677769 0.0635725 0.0661583 0.0644638 0.0742191 0.0768000 0.0741180 0.0695206 0.0694521 0.0749843 0.0732035 0.0766702 0.0760198 0.0749255 0.0741735 0.0730799 0.0733605 0.0768533 0.0741210 0.0738679 0.0714862 0.0697156 0.0696391 0.0697411 0.0697411 0.0723852 0.0707042 0.0704809 0.0696352 0.0708016 0.0680462 0.0705845 0.0707734 0.0635605 0.0697478 0.0696342 0.0665513 0.0688524 0.0679560 0.0656800 0.0670071 0.0679855 0.0603814 0.0595703 0.0595703 0.0669990 0.0679079 0.0663108 0.0690524 0.0663813 0.0679538 0.0662358 0.0679379 0.0679435 0.0678766 0.0671699 0.0663952 0.0654581 0.0671207 0.0612289 0.0662229 0.0661655 0.0664023 0.0644869 0.0637369 0.0662904 0.0619614 0.0653752 0.0653283 0.0662784 0.0653158 0.0640246 0.0645514 0.0628135 0.0628135 0.0632473 0.0636462 0.0636462 
EF492511                                                           0.0454084 0.0000000 0.0450483 0.0638025 0.0621403 0.0676611 0.0650334 0.0632782 0.0632911 0.0614329 0.0618549 0.0625991 0.0617268 0.0608776 0.0592334 0.0583601 0.0583601 0.0602794 0.0608169 0.0601633 0.0600104 0.0600987 0.0625576 0.0608588 0.0608855 0.0599802 0.0600612 0.0601054 0.0592291 0.0591448 0.0591356 0.0591356 0.0599209 0.0583617 0.0583156 0.0583156 0.0576105 0.0665160 0.0606126 0.0604406 0.0580072 0.0580072 0.0573382 0.0579046 0.0614185 0.0588226 0.0605250 0.0596921 0.0596921 0.0604819 0.0531441 0.0520846 0.0537324 0.0513287 0.0521709 0.0503904 0.0680670 0.0705779 0.0679763 0.0619589 0.0627516 0.0655303 0.0654518 0.0688103 0.0681583 0.0671212 0.0655162 0.0653451 0.0655885 0.0689702 0.0663356 0.0661148 0.0654221 0.0638132 0.0637449 0.0646882 0.0646882 0.0646538 0.0646544 0.0628282 0.0636328 0.0631378 0.0621004 0.0629187 0.0622567 0.0586168 0.0621053 0.0611872 0.0590240 0.0612415 0.0619976 0.0581419 0.0578193 0.0604024 0.0530312 0.0522419 0.0522419 0.0594607 0.0603357 0.0587771 0.0614142 0.0588374 0.0603752 0.0587114 0.0603612 0.0603664 0.0594922 0.0587825 0.0588496 0.0579501 0.0587498 0.0553546 0.0587008 0.0586511 0.0588555 0.0570223 0.0578921 0.0587584 0.0545944 0.0578789 0.0562325 0.0570323 0.0578281 0.0565338 0.0570782 0.0553987 0.0553987 0.0557725 0.0562072 0.0562072 
JF791031                                                           0.0658166 0.0450483 0.0000000 0.0417629 0.0401629 0.0403788 0.0387521 0.0379281 0.0371198 0.0354279 0.0348075 0.0356266 0.0355643 0.0347888 0.0332180 0.0324066 0.0324066 0.0332793 0.0339084 0.0332158 0.0331340 0.0331805 0.0356041 0.0340035 0.0340176 0.0331861 0.0332314 0.0332547 0.0324423 0.0323957 0.0323914 0.0323914 0.0328153 0.0316342 0.0316094 0.0316094 0.0313536 0.0442120 0.0402220 0.0401111 0.0393189 0.0393189 0.0392120 0.0378972 0.0393451 0.0385387 0.0385098 0.0377128 0.0377128 0.0382065 0.0321971 0.0336750 0.0375146 0.0336247 0.0359797 0.0340584 0.0449017 0.0473127 0.0448426 0.0407424 0.0430954 0.0440400 0.0449122 0.0472130 0.0465296 0.0455944 0.0456479 0.0455165 0.0456807 0.0473359 0.0464133 0.0455365 0.0448591 0.0408827 0.0408403 0.0417191 0.0417191 0.0392204 0.0424205 0.0408084 0.0399918 0.0401915 0.0416229 0.0408411 0.0393667 0.0384189 0.0400541 0.0376374 0.0362290 0.0391973 0.0384004 0.0377571 0.0375771 0.0392434 0.0329061 0.0321382 0.0321382 0.0375719 0.0383943 0.0360933 0.0393447 0.0369040 0.0368559 0.0368264 0.0384091 0.0384130 0.0360419 0.0368699 0.0369117 0.0376348 0.0360751 0.0368456 0.0352572 0.0336777 0.0369148 0.0352232 0.0368234 0.0368548 0.0337055 0.0360321 0.0360072 0.0356737 0.0360021 0.0346373 0.0352572 0.0336616 0.0336616 0.0338848 0.0328931 0.0328931 
AY160124.1_Symbiodinium_sp._G15                                    0.0704960 0.0638025 0.0417629 0.0000000 0.0014078 0.0396729 0.0388146 0.0356891 0.0372109 0.0332521 0.0342403 0.0334347 0.0357103 0.0349208 0.0333774 0.0325799 0.0325799 0.0327372 0.0333581 0.0326757 0.0310678 0.0326415 0.0334141 0.0318505 0.0318633 0.0325808 0.0310945 0.0311158 0.0303232 0.0318055 0.0302764 0.0302764 0.0306649 0.0310581 0.0310342 0.0310342 0.0299901 0.0402355 0.0363518 0.0362542 0.0354830 0.0354830 0.0345257 0.0348569 0.0355059 0.0347225 0.0346971 0.0339220 0.0339220 0.0343563 0.0308936 0.0338761 0.0361190 0.0315455 0.0346121 0.0327118 0.0433983 0.0457650 0.0433422 0.0408506 0.0439380 0.0456975 0.0449871 0.0464749 0.0458009 0.0448831 0.0433449 0.0456043 0.0457664 0.0456907 0.0456884 0.0439831 0.0433150 0.0401942 0.0401533 0.0401513 0.0401513 0.0417595 0.0409847 0.0408904 0.0377759 0.0402838 0.0401427 0.0393757 0.0394723 0.0331581 0.0386036 0.0385449 0.0356206 0.0385830 0.0385395 0.0355845 0.0354141 0.0378092 0.0308416 0.0316038 0.0316038 0.0361731 0.0369785 0.0354799 0.0379050 0.0370489 0.0370013 0.0354403 0.0369925 0.0369962 0.0361960 0.0354815 0.0362876 0.0347017 0.0362330 0.0354641 0.0354353 0.0338804 0.0355239 0.0338691 0.0354376 0.0354672 0.0331482 0.0346617 0.0346381 0.0351174 0.0346334 0.0332872 0.0339012 0.0323372 0.0323372 0.0317735 0.0315830 0.0315830 
HE653239_Symbiodinium_voratum                                      0.0687889 0.0621403 0.0401629 0.0014078 0.0000000 0.0380994 0.0372475 0.0341341 0.0356515 0.0317115 0.0326862 0.0318852 0.0341544 0.0333683 0.0318306 0.0310373 0.0310373 0.0311868 0.0318123 0.0311283 0.0295297 0.0310958 0.0318656 0.0303088 0.0303210 0.0310382 0.0295550 0.0295752 0.0287868 0.0302661 0.0287425 0.0287425 0.0291106 0.0295205 0.0294978 0.0294978 0.0284332 0.0386687 0.0347991 0.0347060 0.0339376 0.0339376 0.0329586 0.0332741 0.0339594 0.0331795 0.0331553 0.0323834 0.0323834 0.0327972 0.0293647 0.0323397 0.0345769 0.0300194 0.0330743 0.0311632 0.0418188 0.0441767 0.0417648 0.0392877 0.0423651 0.0441117 0.0434012 0.0448867 0.0442111 0.0433012 0.0417675 0.0440222 0.0441781 0.0441051 0.0441030 0.0424085 0.0417389 0.0386289 0.0385897 0.0385879 0.0385879 0.0401883 0.0394163 0.0393258 0.0362230 0.0387147 0.0385795 0.0378151 0.0379076 0.0316222 0.0370456 0.0369894 0.0340688 0.0370259 0.0369843 0.0340344 0.0338720 0.0362548 0.0293153 0.0300747 0.0300747 0.0346286 0.0354296 0.0339347 0.0363465 0.0354969 0.0354514 0.0338969 0.0354429 0.0354464 0.0346504 0.0339361 0.0347378 0.0331596 0.0346857 0.0339196 0.0338921 0.0323437 0.0339766 0.0323330 0.0338943 0.0339225 0.0316128 0.0331215 0.0330991 0.0335562 0.0330946 0.0317451 0.0323636 0.0308069 0.0308069 0.0302359 0.0300550 0.0300550 
AJ271758.1_Symbiodinium_sp.                                        0.0772743 0.0676611 0.0403788 0.0396729 0.0380994 0.0000000 0.0136442 0.0158509 0.0121721 0.0151237 0.0158910 0.0136798 0.0107366 0.0100076 0.0085636 0.0078373 0.0078373 0.0144407 0.0151089 0.0144141 0.0129231 0.0143994 0.0136719 0.0122035 0.0122081 0.0114646 0.0114798 0.0114873 0.0107507 0.0107357 0.0107345 0.0107345 0.0108693 0.0100177 0.0100101 0.0100101 0.0101741 0.0453306 0.0413707 0.0412575 0.0404712 0.0404712 0.0395810 0.0390976 0.0397185 0.0396971 0.0388904 0.0388763 0.0388763 0.0393806 0.0310984 0.0318252 0.0363655 0.0309965 0.0348479 0.0329365 0.0452917 0.0476848 0.0452326 0.0419268 0.0466137 0.0468233 0.0453240 0.0476078 0.0469302 0.0460004 0.0460540 0.0467269 0.0468945 0.0477080 0.0468137 0.0450892 0.0444175 0.0396820 0.0396414 0.0397213 0.0397213 0.0420583 0.0428488 0.0419682 0.0396001 0.0397710 0.0412143 0.0404403 0.0405404 0.0380430 0.0396611 0.0396003 0.0366536 0.0388519 0.0388190 0.0396622 0.0379822 0.0388588 0.0356648 0.0364402 0.0364402 0.0372050 0.0380188 0.0365075 0.0389581 0.0380918 0.0372633 0.0364665 0.0380333 0.0380371 0.0380012 0.0365091 0.0373237 0.0357219 0.0372672 0.0357187 0.0364611 0.0348914 0.0365532 0.0348797 0.0364636 0.0364944 0.0349341 0.0356803 0.0356558 0.0361531 0.0356509 0.0342978 0.0349130 0.0333336 0.0333336 0.0327732 0.0325727 0.0325727 
AJ271759.1_Symbiodinium_sp.                                        0.0754106 0.0650334 0.0387521 0.0388146 0.0372475 0.0136442 0.0000000 0.0136331 0.0099835 0.0129099 0.0136674 0.0114716 0.0085546 0.0078314 0.0063968 0.0056769 0.0056769 0.0122240 0.0128973 0.0122016 0.0107244 0.0121892 0.0114651 0.0100083 0.0100120 0.0092764 0.0092887 0.0092946 0.0085658 0.0085539 0.0085530 0.0085530 0.0086591 0.0078393 0.0078334 0.0078334 0.0079611 0.0444476 0.0405033 0.0403930 0.0396097 0.0396097 0.0387087 0.0382206 0.0388593 0.0388384 0.0380354 0.0380216 0.0380216 0.0385134 0.0302744 0.0309994 0.0355244 0.0301754 0.0340119 0.0320982 0.0444096 0.0467931 0.0443519 0.0410620 0.0457313 0.0459362 0.0444412 0.0467178 0.0460407 0.0451171 0.0451695 0.0458420 0.0460058 0.0468158 0.0459269 0.0442117 0.0435405 0.0388237 0.0387840 0.0388620 0.0388620 0.0411903 0.0419776 0.0411023 0.0371749 0.0389103 0.0403507 0.0395796 0.0396772 0.0371927 0.0388034 0.0387440 0.0358048 0.0379978 0.0387386 0.0380245 0.0371335 0.0380045 0.0340537 0.0348248 0.0348248 0.0363592 0.0371691 0.0356627 0.0381013 0.0356969 0.0364160 0.0356227 0.0371832 0.0371869 0.0371520 0.0356642 0.0364749 0.0348802 0.0364198 0.0348771 0.0356176 0.0340543 0.0357071 0.0340429 0.0356199 0.0356498 0.0340959 0.0348398 0.0348160 0.0353002 0.0348112 0.0334588 0.0340753 0.0325028 0.0325028 0.0319394 0.0317446 0.0317446 
AJ271754.1_Symbiodinium_sp.                                        0.0693157 0.0632782 0.0379281 0.0356891 0.0341341 0.0158509 0.0136331 0.0000000 0.0121624 0.0092754 0.0100181 0.0078465 0.0107280 0.0099996 0.0085569 0.0078312 0.0078312 0.0085839 0.0092666 0.0085681 0.0071132 0.0085594 0.0078421 0.0064011 0.0064035 0.0071099 0.0056870 0.0056906 0.0049713 0.0063922 0.0049638 0.0049638 0.0050251 0.0056807 0.0056764 0.0056764 0.0057686 0.0397115 0.0358079 0.0357113 0.0349362 0.0349362 0.0339675 0.0334485 0.0341899 0.0341717 0.0333797 0.0333677 0.0333677 0.0337974 0.0249366 0.0256590 0.0316768 0.0248556 0.0301745 0.0282332 0.0404564 0.0428187 0.0404040 0.0371561 0.0417887 0.0419744 0.0404849 0.0427501 0.0420690 0.0411649 0.0404330 0.0411110 0.0412564 0.0428391 0.0403814 0.0402772 0.0396020 0.0349270 0.0348916 0.0365041 0.0365041 0.0372709 0.0380513 0.0371920 0.0348557 0.0350042 0.0364438 0.0356789 0.0357662 0.0333180 0.0349090 0.0348560 0.0319250 0.0341131 0.0348511 0.0333608 0.0332653 0.0341190 0.0302116 0.0309759 0.0309759 0.0324978 0.0332970 0.0325590 0.0342055 0.0318295 0.0325481 0.0317637 0.0333093 0.0333128 0.0332816 0.0318005 0.0326004 0.0310245 0.0325514 0.0279495 0.0317593 0.0302119 0.0318385 0.0302019 0.0317613 0.0317877 0.0302487 0.0309889 0.0309679 0.0313968 0.0309638 0.0296025 0.0302305 0.0286757 0.0286757 0.0280937 0.0279232 0.0279232 
AJ271756.1_Symbiodinium_sp.                                        0.0735914 0.0632911 0.0371198 0.0372109 0.0356515 0.0121721 0.0099835 0.0121624 0.0000000 0.0114419 0.0121926 0.0100093 0.0071087 0.0063894 0.0049613 0.0042457 0.0042457 0.0107544 0.0114310 0.0107345 0.0092682 0.0107237 0.0100036 0.0085543 0.0085575 0.0078271 0.0078375 0.0078425 0.0071180 0.0071081 0.0071074 0.0071074 0.0071953 0.0063958 0.0063910 0.0063910 0.0064949 0.0428126 0.0388869 0.0387814 0.0380019 0.0380019 0.0370786 0.0365804 0.0372537 0.0372338 0.0364355 0.0364224 0.0364224 0.0368922 0.0287130 0.0294366 0.0339442 0.0286195 0.0324376 0.0305146 0.0427762 0.0451482 0.0427207 0.0394518 0.0441008 0.0442975 0.0428064 0.0450758 0.0443977 0.0434833 0.0435335 0.0442071 0.0443644 0.0451699 0.0442886 0.0425862 0.0419141 0.0372197 0.0371819 0.0372563 0.0372563 0.0395743 0.0403580 0.0394902 0.0355826 0.0365293 0.0387408 0.0379732 0.0380664 0.0355996 0.0372004 0.0371437 0.0342111 0.0363997 0.0371385 0.0364252 0.0355431 0.0364061 0.0324774 0.0332449 0.0332449 0.0347725 0.0355771 0.0340759 0.0364985 0.0341084 0.0348265 0.0340377 0.0355904 0.0355940 0.0355607 0.0340773 0.0348826 0.0332974 0.0348301 0.0332945 0.0340329 0.0324779 0.0341181 0.0309449 0.0340351 0.0340636 0.0325174 0.0332590 0.0332364 0.0336973 0.0332319 0.0318773 0.0324979 0.0309344 0.0309344 0.0303639 0.0301793 0.0301793 
AJ271764.1_Symbiodinium_sp.                                        0.0648553 0.0614329 0.0354279 0.0332521 0.0317115 0.0151237 0.0129099 0.0092754 0.0114419 0.0000000 0.0092984 0.0071301 0.0100085 0.0092813 0.0078404 0.0071162 0.0071162 0.0078651 0.0085501 0.0078506 0.0063991 0.0078427 0.0071261 0.0056874 0.0056895 0.0063962 0.0049740 0.0049771 0.0042592 0.0056795 0.0042529 0.0042529 0.0043054 0.0049684 0.0049647 0.0049647 0.0050453 0.0372307 0.0333621 0.0332729 0.0325047 0.0325047 0.0315047 0.0309718 0.0309819 0.0317465 0.0301844 0.0309519 0.0309519 0.0313481 0.0240927 0.0233065 0.0307974 0.0240148 0.0293031 0.0273628 0.0364095 0.0387415 0.0363627 0.0331689 0.0377474 0.0379131 0.0364348 0.0386800 0.0379974 0.0371163 0.0371584 0.0378373 0.0379697 0.0387595 0.0379059 0.0362498 0.0355731 0.0309574 0.0309264 0.0325118 0.0325118 0.0332699 0.0340405 0.0332003 0.0308950 0.0310249 0.0324585 0.0317026 0.0317792 0.0293763 0.0309418 0.0308953 0.0279833 0.0301585 0.0308910 0.0309346 0.0301046 0.0301636 0.0270612 0.0278171 0.0278171 0.0285723 0.0293579 0.0278746 0.0302394 0.0279006 0.0286160 0.0278434 0.0293686 0.0293716 0.0293444 0.0278754 0.0286615 0.0271103 0.0286188 0.0255893 0.0278398 0.0263138 0.0279084 0.0263052 0.0278415 0.0278642 0.0263456 0.0270796 0.0270613 0.0274332 0.0270580 0.0256926 0.0263299 0.0247985 0.0247985 0.0242000 0.0240543 0.0240543 
L13718.1_Symbiodinium_meandrinae                                   0.0678761 0.0618549 0.0348075 0.0342403 0.0326862 0.0158910 0.0136674 0.0100181 0.0121926 0.0092984 0.0000000 0.0078659 0.0107547 0.0100245 0.0085781 0.0078505 0.0078505 0.0014193 0.0035450 0.0028407 0.0028343 0.0028378 0.0078615 0.0064170 0.0064193 0.0071275 0.0057011 0.0057047 0.0049835 0.0064080 0.0049761 0.0049761 0.0050377 0.0056947 0.0056904 0.0056904 0.0057831 0.0398174 0.0359027 0.0358056 0.0350283 0.0350283 0.0340584 0.0327189 0.0342800 0.0342618 0.0334675 0.0334555 0.0334555 0.0338874 0.0265119 0.0272366 0.0332866 0.0264254 0.0317768 0.0298426 0.0421304 0.0445071 0.0420756 0.0388027 0.0434612 0.0436555 0.0421603 0.0444355 0.0437545 0.0428401 0.0428896 0.0435663 0.0437216 0.0445284 0.0428469 0.0419429 0.0412679 0.0365646 0.0365274 0.0381524 0.0381524 0.0389234 0.0397085 0.0388405 0.0364896 0.0366460 0.0380892 0.0373200 0.0374118 0.0349428 0.0365457 0.0364899 0.0335488 0.0341820 0.0364847 0.0342269 0.0348873 0.0357502 0.0302904 0.0295333 0.0295333 0.0341152 0.0349207 0.0334161 0.0358412 0.0334479 0.0341684 0.0333785 0.0349338 0.0349374 0.0349045 0.0334174 0.0342235 0.0326363 0.0341719 0.0310843 0.0333738 0.0318163 0.0334575 0.0318057 0.0333760 0.0334039 0.0318552 0.0325986 0.0325763 0.0330293 0.0325720 0.0312113 0.0318360 0.0302703 0.0302703 0.0296947 0.0295138 0.0295138 
KU188508.1_Symbiodinium_sp.                                        0.0685761 0.0625991 0.0356266 0.0334347 0.0318852 0.0136798 0.0114716 0.0078465 0.0100093 0.0071301 0.0078659 0.0000000 0.0085766 0.0078515 0.0064133 0.0056915 0.0056915 0.0064335 0.0071233 0.0064216 0.0049758 0.0064152 0.0056909 0.0042581 0.0042597 0.0049735 0.0035466 0.0035489 0.0028345 0.0042586 0.0028345 0.0028345 0.0028695 0.0035480 0.0035453 0.0035453 0.0036028 0.0389936 0.0350901 0.0349954 0.0342204 0.0342204 0.0332398 0.0327153 0.0334735 0.0334557 0.0326642 0.0326525 0.0326525 0.0330733 0.0242227 0.0249459 0.0309650 0.0241440 0.0294622 0.0275126 0.0389546 0.0413127 0.0389041 0.0364422 0.0410754 0.0412580 0.0397672 0.0420339 0.0413509 0.0404490 0.0404954 0.0411743 0.0413202 0.0421213 0.0412499 0.0395631 0.0388861 0.0342113 0.0341767 0.0357878 0.0357878 0.0365547 0.0373352 0.0364774 0.0341415 0.0342869 0.0357287 0.0349637 0.0350493 0.0326038 0.0341937 0.0341418 0.0312076 0.0333983 0.0341370 0.0334218 0.0325522 0.0334041 0.0294985 0.0302627 0.0302627 0.0317847 0.0325832 0.0310849 0.0334888 0.0311143 0.0318339 0.0310499 0.0325953 0.0325987 0.0325681 0.0310859 0.0318851 0.0303102 0.0318371 0.0287686 0.0310457 0.0294987 0.0311231 0.0294889 0.0310476 0.0310734 0.0295347 0.0302754 0.0302548 0.0306742 0.0302509 0.0288857 0.0295169 0.0279629 0.0279629 0.0273765 0.0272102 0.0272102 
AB055917.1_Symbiodinium_sp.                                        0.0719836 0.0617268 0.0355643 0.0357103 0.0341544 0.0107366 0.0085546 0.0107280 0.0071087 0.0100085 0.0107547 0.0085766 0.0000000 0.0049679 0.0035426 0.0028295 0.0028295 0.0093174 0.0099989 0.0093003 0.0078398 0.0092909 0.0085717 0.0071263 0.0071289 0.0064019 0.0064104 0.0064145 0.0056926 0.0056847 0.0056841 0.0056841 0.0057544 0.0049729 0.0049692 0.0049692 0.0043258 0.0412966 0.0373786 0.0372774 0.0364994 0.0364994 0.0347749 0.0342609 0.0357516 0.0357325 0.0349367 0.0349241 0.0349241 0.0353746 0.0272316 0.0279555 0.0324578 0.0271429 0.0309530 0.0290166 0.0412615 0.0436288 0.0412080 0.0379506 0.0425920 0.0403800 0.0388937 0.0411529 0.0404706 0.0395749 0.0411770 0.0418534 0.0420015 0.0436496 0.0419302 0.0410784 0.0404039 0.0357189 0.0356827 0.0357540 0.0357540 0.0372398 0.0364736 0.0379874 0.0356459 0.0357981 0.0372383 0.0364720 0.0365614 0.0341050 0.0357005 0.0356462 0.0327126 0.0349024 0.0356412 0.0349269 0.0340510 0.0349085 0.0309910 0.0317569 0.0317569 0.0332818 0.0340835 0.0325836 0.0349971 0.0326145 0.0333335 0.0325470 0.0340962 0.0340997 0.0340677 0.0325848 0.0333871 0.0318070 0.0333369 0.0318042 0.0325425 0.0309913 0.0326238 0.0309810 0.0325446 0.0325717 0.0310291 0.0317704 0.0317487 0.0321890 0.0317445 0.0303845 0.0310105 0.0294516 0.0294516 0.0288731 0.0286976 0.0286976 
AJ271757.1_Symbiodinium_sp.                                        0.0711012 0.0608776 0.0347888 0.0349208 0.0333683 0.0100076 0.0078314 0.0099996 0.0063894 0.0092813 0.0100245 0.0078515 0.0049679 0.0000000 0.0028303 0.0021193 0.0021193 0.0085893 0.0092725 0.0085735 0.0071177 0.0085649 0.0078471 0.0064052 0.0064076 0.0056831 0.0056906 0.0056942 0.0049744 0.0049675 0.0049670 0.0049670 0.0050284 0.0042569 0.0042537 0.0042537 0.0043227 0.0404931 0.0365833 0.0364844 0.0357080 0.0357080 0.0347506 0.0342368 0.0349611 0.0349425 0.0341488 0.0341365 0.0341365 0.0345764 0.0264609 0.0271842 0.0316790 0.0263748 0.0301767 0.0282353 0.0404588 0.0428211 0.0404064 0.0371584 0.0417911 0.0419768 0.0404873 0.0427525 0.0420714 0.0411673 0.0412146 0.0418916 0.0412588 0.0428415 0.0419686 0.0402796 0.0396044 0.0349292 0.0348939 0.0349635 0.0349635 0.0372732 0.0380537 0.0371943 0.0348580 0.0350065 0.0364461 0.0356812 0.0357685 0.0333202 0.0349113 0.0348582 0.0319272 0.0341153 0.0348533 0.0341393 0.0332675 0.0341213 0.0302137 0.0309781 0.0309781 0.0325000 0.0332992 0.0318016 0.0342077 0.0318317 0.0325503 0.0317659 0.0333116 0.0333150 0.0332838 0.0318027 0.0326026 0.0310267 0.0325536 0.0310241 0.0317615 0.0302140 0.0318407 0.0302040 0.0317635 0.0317899 0.0302508 0.0309911 0.0309700 0.0313990 0.0309660 0.0296046 0.0302327 0.0286778 0.0286778 0.0280958 0.0279253 0.0279253 
AB863030.1_Symbiodinium_sp.                                        0.0693976 0.0592334 0.0332180 0.0333774 0.0318306 0.0085636 0.0063968 0.0085569 0.0049613 0.0078404 0.0085781 0.0064133 0.0035426 0.0028303 0.0000000 0.0007046 0.0007046 0.0071459 0.0078329 0.0071327 0.0056847 0.0071255 0.0064096 0.0049736 0.0049754 0.0042552 0.0042609 0.0042636 0.0035472 0.0035423 0.0035419 0.0035419 0.0035857 0.0028332 0.0028311 0.0028311 0.0028769 0.0389263 0.0350297 0.0349354 0.0341616 0.0341616 0.0331819 0.0326578 0.0334160 0.0333983 0.0326082 0.0325965 0.0325965 0.0330159 0.0249484 0.0256711 0.0301543 0.0248673 0.0286559 0.0267034 0.0388934 0.0412477 0.0388431 0.0356113 0.0402300 0.0404082 0.0389208 0.0411817 0.0404989 0.0396024 0.0396477 0.0403265 0.0404689 0.0412671 0.0404004 0.0387216 0.0380448 0.0333856 0.0333519 0.0334182 0.0334182 0.0357209 0.0364987 0.0356455 0.0333177 0.0334592 0.0348987 0.0341361 0.0342194 0.0317851 0.0333686 0.0333180 0.0303899 0.0325763 0.0333133 0.0325992 0.0317349 0.0325820 0.0286911 0.0294528 0.0294528 0.0309700 0.0317650 0.0302708 0.0326644 0.0302993 0.0310178 0.0302368 0.0317768 0.0317801 0.0317504 0.0302717 0.0310675 0.0294988 0.0310208 0.0294964 0.0302327 0.0286913 0.0303078 0.0286818 0.0302346 0.0302596 0.0287262 0.0294651 0.0294451 0.0298523 0.0294413 0.0280763 0.0287090 0.0271609 0.0271609 0.0265715 0.0264106 0.0264106 
AB016579.1_Symbiodinium_sp.                                        0.0684831 0.0583601 0.0324066 0.0325799 0.0310373 0.0078373 0.0056769 0.0078312 0.0042457 0.0071162 0.0078505 0.0056915 0.0028295 0.0021193 0.0007046 0.0000000 0.0000010 0.0064209 0.0071094 0.0064091 0.0049661 0.0064026 0.0056883 0.0042562 0.0042577 0.0035403 0.0035450 0.0035472 0.0028332 0.0028293 0.0028290 0.0028290 0.0028639 0.0021215 0.0021199 0.0021199 0.0021542 0.0381119 0.0342255 0.0341336 0.0333619 0.0333619 0.0323715 0.0318427 0.0326176 0.0326004 0.0318128 0.0318014 0.0318014 0.0322099 0.0241738 0.0248956 0.0293692 0.0240954 0.0278740 0.0259175 0.0380798 0.0404277 0.0380306 0.0348100 0.0394174 0.0395916 0.0381065 0.0403632 0.0396802 0.0387884 0.0388326 0.0395118 0.0396509 0.0404467 0.0395839 0.0379119 0.0372348 0.0325880 0.0325552 0.0326198 0.0326198 0.0349167 0.0356925 0.0348433 0.0325219 0.0326596 0.0340978 0.0333371 0.0334182 0.0309932 0.0325714 0.0325222 0.0295981 0.0317818 0.0325176 0.0318041 0.0309444 0.0317873 0.0279083 0.0286680 0.0286680 0.0301814 0.0309737 0.0294824 0.0318675 0.0295101 0.0302279 0.0294493 0.0309851 0.0309883 0.0309594 0.0294833 0.0302762 0.0287126 0.0302308 0.0287102 0.0294453 0.0279084 0.0295184 0.0278992 0.0294472 0.0294714 0.0279423 0.0286799 0.0286604 0.0290562 0.0286568 0.0272911 0.0279256 0.0263824 0.0263824 0.0257897 0.0256337 0.0256337 
AB016572.1_Symbiodinium_sp.                                        0.0684831 0.0583601 0.0324066 0.0325799 0.0310373 0.0078373 0.0056769 0.0078312 0.0042457 0.0071162 0.0078505 0.0056915 0.0028295 0.0021193 0.0007046 0.0000010 0.0000000 0.0064209 0.0071094 0.0064091 0.0049661 0.0064026 0.0056883 0.0042562 0.0042577 0.0035403 0.0035450 0.0035472 0.0028332 0.0028293 0.0028290 0.0028290 0.0028639 0.0021215 0.0021199 0.0021199 0.0021542 0.0381119 0.0342255 0.0341336 0.0333619 0.0333619 0.0323715 0.0318427 0.0326176 0.0326004 0.0318128 0.0318014 0.0318014 0.0322099 0.0241738 0.0248956 0.0293692 0.0240954 0.0278740 0.0259175 0.0380798 0.0404277 0.0380306 0.0348100 0.0394174 0.0395916 0.0381065 0.0403632 0.0396802 0.0387884 0.0388326 0.0395118 0.0396509 0.0404467 0.0395839 0.0379119 0.0372348 0.0325880 0.0325552 0.0326198 0.0326198 0.0349167 0.0356925 0.0348433 0.0325219 0.0326596 0.0340978 0.0333371 0.0334182 0.0309932 0.0325714 0.0325222 0.0295981 0.0317818 0.0325176 0.0318041 0.0309444 0.0317873 0.0279083 0.0286680 0.0286680 0.0301814 0.0309737 0.0294824 0.0318675 0.0295101 0.0302279 0.0294493 0.0309851 0.0309883 0.0309594 0.0294833 0.0302762 0.0287126 0.0302308 0.0287102 0.0294453 0.0279084 0.0295184 0.0278992 0.0294472 0.0294714 0.0279423 0.0286799 0.0286604 0.0290562 0.0286568 0.0272911 0.0279256 0.0263824 0.0263824 0.0257897 0.0256337 0.0256337 
L13717.1_Symbiodinium_corculorum                                   0.0662634 0.0602794 0.0332793 0.0327372 0.0311868 0.0144407 0.0122240 0.0085839 0.0107544 0.0078651 0.0014193 0.0064335 0.0093174 0.0085893 0.0071459 0.0064209 0.0064209 0.0000000 0.0021262 0.0014198 0.0014166 0.0014184 0.0064298 0.0049892 0.0049910 0.0057000 0.0042743 0.0042770 0.0035584 0.0049822 0.0035531 0.0035531 0.0035970 0.0042695 0.0042663 0.0042663 0.0043357 0.0375235 0.0343916 0.0342988 0.0335232 0.0335232 0.0325304 0.0311835 0.0327753 0.0327579 0.0319663 0.0319547 0.0319547 0.0323672 0.0250286 0.0257536 0.0317938 0.0249470 0.0302859 0.0283385 0.0406076 0.0429790 0.0405548 0.0372941 0.0419441 0.0421312 0.0406363 0.0429099 0.0422265 0.0413186 0.0413662 0.0420454 0.0421949 0.0429995 0.0413251 0.0404271 0.0397497 0.0350568 0.0350212 0.0366400 0.0366400 0.0374097 0.0381932 0.0373302 0.0349850 0.0351346 0.0365793 0.0358116 0.0358995 0.0334415 0.0350387 0.0349853 0.0320438 0.0326817 0.0349804 0.0327246 0.0333884 0.0342457 0.0288007 0.0280449 0.0280449 0.0326180 0.0334203 0.0319172 0.0343328 0.0319476 0.0326687 0.0318813 0.0334328 0.0334363 0.0334049 0.0319184 0.0327214 0.0311395 0.0326720 0.0295915 0.0318769 0.0303235 0.0319567 0.0303135 0.0318789 0.0319055 0.0303606 0.0311036 0.0310823 0.0315144 0.0310783 0.0297124 0.0303423 0.0287816 0.0287816 0.0281980 0.0280263 0.0280263 
AB055918.1_Symbiodinium_sp.                                        0.0667883 0.0608169 0.0339084 0.0333581 0.0318123 0.0151089 0.0128973 0.0092666 0.0114310 0.0085501 0.0035450 0.0071233 0.0099989 0.0092725 0.0078329 0.0071094 0.0071094 0.0021262 0.0000000 0.0021224 0.0021176 0.0021202 0.0071193 0.0056820 0.0056841 0.0063901 0.0049692 0.0049724 0.0042552 0.0056741 0.0042488 0.0042488 0.0043013 0.0049637 0.0049600 0.0049600 0.0050404 0.0389035 0.0350093 0.0349151 0.0341419 0.0341419 0.0331624 0.0318239 0.0333967 0.0333790 0.0325895 0.0325777 0.0325777 0.0329966 0.0256711 0.0263932 0.0324141 0.0255878 0.0309113 0.0289771 0.0412054 0.0435694 0.0411520 0.0378993 0.0425344 0.0427235 0.0412344 0.0434996 0.0428198 0.0419130 0.0419612 0.0426367 0.0427879 0.0435901 0.0427151 0.0410228 0.0403491 0.0356706 0.0356344 0.0372494 0.0372494 0.0380165 0.0387976 0.0379360 0.0355978 0.0357495 0.0371879 0.0364226 0.0365118 0.0340589 0.0356522 0.0355980 0.0326682 0.0348552 0.0355930 0.0333453 0.0340051 0.0348613 0.0294314 0.0286780 0.0286780 0.0332370 0.0340375 0.0325396 0.0349496 0.0325705 0.0332885 0.0325031 0.0340502 0.0340536 0.0340218 0.0325408 0.0333420 0.0317640 0.0332918 0.0302204 0.0324986 0.0309496 0.0325797 0.0309393 0.0325007 0.0325277 0.0309873 0.0317275 0.0317060 0.0321450 0.0317018 0.0295850 0.0309687 0.0294120 0.0294120 0.0288340 0.0286590 0.0286590 
X62650.1_S.pilosum                                                 0.0661335 0.0601633 0.0332158 0.0326757 0.0311283 0.0144141 0.0122016 0.0085681 0.0107345 0.0078506 0.0028407 0.0064216 0.0093003 0.0085735 0.0071327 0.0064091 0.0064091 0.0014198 0.0021224 0.0000000 0.0014140 0.0014158 0.0064180 0.0049801 0.0049819 0.0056895 0.0042664 0.0042691 0.0035519 0.0049731 0.0035466 0.0035466 0.0035904 0.0042617 0.0042585 0.0042585 0.0043277 0.0382254 0.0343267 0.0342343 0.0334602 0.0334602 0.0324682 0.0311235 0.0327136 0.0326963 0.0319062 0.0318948 0.0318948 0.0323057 0.0249819 0.0257056 0.0317344 0.0249006 0.0302294 0.0282851 0.0405308 0.0428976 0.0404782 0.0372240 0.0418652 0.0420516 0.0405594 0.0428287 0.0421465 0.0412405 0.0412880 0.0419661 0.0421150 0.0429180 0.0420433 0.0403510 0.0396747 0.0349909 0.0349554 0.0365710 0.0365710 0.0373392 0.0381211 0.0372600 0.0349194 0.0350684 0.0365105 0.0357442 0.0358318 0.0333788 0.0349729 0.0349196 0.0319835 0.0341754 0.0349147 0.0326632 0.0333259 0.0341814 0.0287469 0.0279925 0.0279925 0.0325570 0.0333577 0.0318574 0.0342682 0.0318876 0.0326075 0.0318216 0.0333701 0.0333736 0.0333423 0.0318585 0.0326599 0.0310811 0.0326108 0.0295362 0.0318172 0.0302669 0.0318967 0.0302568 0.0318192 0.0318457 0.0303038 0.0310454 0.0310242 0.0314547 0.0310202 0.0296566 0.0302856 0.0287279 0.0287279 0.0281451 0.0279740 0.0279740 
AB016723.1_Symbiodinium_sp.                                        0.0659614 0.0600104 0.0331340 0.0310678 0.0295297 0.0129231 0.0107244 0.0071132 0.0092682 0.0063991 0.0028343 0.0049758 0.0078398 0.0071177 0.0056847 0.0049661 0.0049661 0.0014166 0.0021176 0.0014140 0.0000000 0.0014126 0.0049730 0.0035438 0.0035451 0.0042511 0.0028336 0.0028354 0.0021231 0.0035389 0.0021199 0.0021199 0.0021461 0.0028305 0.0028283 0.0028283 0.0028741 0.0381318 0.0342432 0.0341512 0.0333790 0.0333790 0.0323883 0.0310466 0.0326344 0.0326171 0.0318291 0.0318177 0.0318177 0.0322266 0.0234210 0.0241425 0.0301405 0.0233451 0.0286428 0.0266911 0.0388753 0.0412284 0.0388250 0.0355949 0.0402113 0.0403893 0.0389026 0.0411624 0.0404799 0.0395839 0.0396292 0.0403077 0.0404500 0.0412478 0.0403815 0.0387036 0.0380271 0.0333702 0.0333365 0.0349401 0.0349401 0.0357043 0.0364817 0.0356290 0.0333023 0.0334436 0.0348825 0.0341203 0.0342035 0.0317704 0.0333531 0.0333026 0.0303759 0.0325613 0.0332980 0.0310563 0.0317204 0.0325670 0.0271665 0.0279254 0.0279254 0.0309558 0.0317504 0.0302569 0.0326493 0.0302853 0.0310035 0.0302229 0.0317621 0.0317654 0.0317358 0.0302578 0.0310531 0.0294853 0.0310066 0.0279499 0.0302188 0.0286781 0.0302939 0.0286687 0.0302207 0.0302456 0.0287130 0.0294516 0.0294316 0.0298385 0.0294278 0.0280634 0.0286958 0.0271485 0.0271485 0.0265593 0.0263985 0.0263985 
AB016724.1_Symbiodinium_sp.                                        0.0660612 0.0600987 0.0331805 0.0326415 0.0310958 0.0143994 0.0121892 0.0085594 0.0107237 0.0078427 0.0028378 0.0064152 0.0092909 0.0085649 0.0071255 0.0064026 0.0064026 0.0014184 0.0021202 0.0014158 0.0014126 0.0000000 0.0064115 0.0049750 0.0049768 0.0056838 0.0042621 0.0042648 0.0035483 0.0049681 0.0035430 0.0035430 0.0035867 0.0042574 0.0042542 0.0042542 0.0043232 0.0381852 0.0342907 0.0341984 0.0334252 0.0334252 0.0324337 0.0310903 0.0326794 0.0326621 0.0318729 0.0318615 0.0318615 0.0322715 0.0249560 0.0256789 0.0317014 0.0248749 0.0301980 0.0282554 0.0404881 0.0428524 0.0404357 0.0371851 0.0418213 0.0420073 0.0405167 0.0427836 0.0421020 0.0411972 0.0412445 0.0419220 0.0420706 0.0428727 0.0419991 0.0403087 0.0396331 0.0349543 0.0349189 0.0365326 0.0365326 0.0373000 0.0380811 0.0372210 0.0348829 0.0350316 0.0364723 0.0357068 0.0357943 0.0333440 0.0349363 0.0348832 0.0319500 0.0341397 0.0348783 0.0326291 0.0332912 0.0341457 0.0287170 0.0279634 0.0279634 0.0325231 0.0333229 0.0318242 0.0342323 0.0318543 0.0325735 0.0317885 0.0333353 0.0333387 0.0333075 0.0318253 0.0326258 0.0310487 0.0325768 0.0295055 0.0317840 0.0302354 0.0318634 0.0302254 0.0317861 0.0318125 0.0302723 0.0310131 0.0309920 0.0314216 0.0309879 0.0296256 0.0302541 0.0286980 0.0286980 0.0281157 0.0279449 0.0279449 
KU188515.1_Symbiodinium_sp.                                        0.0685293 0.0625576 0.0356041 0.0334141 0.0318656 0.0136719 0.0114651 0.0078421 0.0100036 0.0071261 0.0078615 0.0056909 0.0085717 0.0078471 0.0064096 0.0056883 0.0056883 0.0064298 0.0071193 0.0064180 0.0049730 0.0064115 0.0000000 0.0042557 0.0042573 0.0049707 0.0035446 0.0035469 0.0028329 0.0042562 0.0028329 0.0028329 0.0028679 0.0035460 0.0035433 0.0035433 0.0028781 0.0389692 0.0350683 0.0349738 0.0341992 0.0341992 0.0324346 0.0319052 0.0334528 0.0334351 0.0326441 0.0326324 0.0326324 0.0330526 0.0242081 0.0249309 0.0309461 0.0241295 0.0294443 0.0274958 0.0397143 0.0420748 0.0396628 0.0364197 0.0410497 0.0412320 0.0397422 0.0420074 0.0413249 0.0404236 0.0404700 0.0411485 0.0412942 0.0420948 0.0412240 0.0395384 0.0388618 0.0341902 0.0341556 0.0357656 0.0357656 0.0365320 0.0373119 0.0364548 0.0341204 0.0342657 0.0357066 0.0349421 0.0350276 0.0325838 0.0341726 0.0341207 0.0311884 0.0333778 0.0341159 0.0334012 0.0325323 0.0333836 0.0294805 0.0302443 0.0302443 0.0317653 0.0325632 0.0310658 0.0334681 0.0310952 0.0318144 0.0310309 0.0325753 0.0325786 0.0325482 0.0310669 0.0318655 0.0302917 0.0318176 0.0287510 0.0310267 0.0294807 0.0311040 0.0294710 0.0310286 0.0310544 0.0295167 0.0302569 0.0302364 0.0306553 0.0302324 0.0288681 0.0294989 0.0279460 0.0279460 0.0273598 0.0271938 0.0271938 
KU188511.1_Symbiodinium_sp.                                        0.0667806 0.0608588 0.0340035 0.0318505 0.0303088 0.0122035 0.0100083 0.0064011 0.0085543 0.0056874 0.0064170 0.0042581 0.0071263 0.0064052 0.0049736 0.0042562 0.0042562 0.0049892 0.0056820 0.0049801 0.0035438 0.0049750 0.0042557 0.0000000 0.0028315 0.0035422 0.0021218 0.0021231 0.0014131 0.0028308 0.0014131 0.0014131 0.0014305 0.0021226 0.0021210 0.0021210 0.0021552 0.0373777 0.0334932 0.0334033 0.0326320 0.0326320 0.0316299 0.0310957 0.0318875 0.0318706 0.0310839 0.0310727 0.0310727 0.0314720 0.0226858 0.0234074 0.0294008 0.0226123 0.0279040 0.0259457 0.0381212 0.0404717 0.0380719 0.0348476 0.0394600 0.0396345 0.0381479 0.0404070 0.0397233 0.0388304 0.0388748 0.0395546 0.0396940 0.0404907 0.0396269 0.0379529 0.0372752 0.0326233 0.0325904 0.0341910 0.0341910 0.0349546 0.0357312 0.0348809 0.0325570 0.0326950 0.0341346 0.0333731 0.0326907 0.0310266 0.0326066 0.0325573 0.0296302 0.0318161 0.0325527 0.0318385 0.0309778 0.0318216 0.0279383 0.0286989 0.0286989 0.0302139 0.0310071 0.0295142 0.0319020 0.0295420 0.0302605 0.0294811 0.0310185 0.0310217 0.0309928 0.0295151 0.0303089 0.0287436 0.0302635 0.0272101 0.0294771 0.0279384 0.0295503 0.0279292 0.0294789 0.0295032 0.0279724 0.0287108 0.0286913 0.0290879 0.0286877 0.0273206 0.0279557 0.0264108 0.0264108 0.0258176 0.0256613 0.0256613 
KU188514.1_Symbiodinium_sp.                                        0.0668108 0.0608855 0.0340176 0.0318633 0.0303210 0.0122081 0.0100120 0.0064035 0.0085575 0.0056895 0.0064193 0.0042597 0.0071289 0.0064076 0.0049754 0.0042577 0.0042577 0.0049910 0.0056841 0.0049819 0.0035451 0.0049768 0.0042573 0.0028315 0.0000000 0.0035435 0.0021225 0.0021239 0.0014136 0.0028318 0.0014136 0.0014136 0.0014311 0.0021234 0.0021218 0.0021218 0.0021552 0.0373930 0.0335068 0.0334168 0.0326451 0.0326451 0.0316428 0.0311085 0.0319003 0.0318835 0.0310964 0.0310852 0.0310852 0.0314848 0.0226947 0.0234166 0.0294125 0.0226211 0.0279151 0.0259561 0.0381368 0.0404884 0.0380875 0.0348617 0.0394761 0.0396508 0.0381636 0.0404237 0.0397397 0.0388464 0.0388908 0.0395708 0.0397104 0.0405075 0.0396432 0.0379684 0.0372904 0.0326364 0.0326035 0.0342048 0.0342048 0.0349688 0.0357457 0.0348951 0.0325701 0.0327082 0.0341485 0.0333866 0.0334680 0.0310391 0.0326198 0.0325704 0.0296421 0.0318289 0.0325658 0.0318513 0.0309901 0.0318344 0.0279494 0.0287103 0.0287103 0.0302260 0.0310195 0.0295260 0.0319149 0.0295538 0.0302726 0.0294928 0.0310309 0.0310342 0.0310052 0.0295269 0.0303211 0.0287550 0.0302756 0.0272209 0.0294888 0.0279495 0.0295621 0.0279403 0.0294907 0.0295150 0.0279835 0.0287222 0.0287027 0.0290996 0.0286991 0.0273315 0.0279668 0.0264212 0.0264212 0.0258278 0.0256714 0.0256714 
AF238256.1_Symbiodinium_sp._Type_A                                 0.0676008 0.0599802 0.0331861 0.0325808 0.0310382 0.0114646 0.0092764 0.0071099 0.0078271 0.0063962 0.0071275 0.0049735 0.0064019 0.0056831 0.0042552 0.0035403 0.0035403 0.0057000 0.0063901 0.0056895 0.0042511 0.0056838 0.0049707 0.0035422 0.0035435 0.0000000 0.0028323 0.0028341 0.0021221 0.0021192 0.0021190 0.0021190 0.0021451 0.0014125 0.0014114 0.0014114 0.0014340 0.0381132 0.0342266 0.0341346 0.0333629 0.0333629 0.0323724 0.0318436 0.0326186 0.0326013 0.0318137 0.0318023 0.0318023 0.0322108 0.0234099 0.0241310 0.0301261 0.0233340 0.0286291 0.0266782 0.0388563 0.0412082 0.0388061 0.0355776 0.0401917 0.0403696 0.0388836 0.0411423 0.0404601 0.0395646 0.0396099 0.0402881 0.0404302 0.0412276 0.0403618 0.0386848 0.0380086 0.0333540 0.0333204 0.0349231 0.0349231 0.0356870 0.0364640 0.0356118 0.0332863 0.0334274 0.0348656 0.0341038 0.0341869 0.0317551 0.0333370 0.0332865 0.0303612 0.0325456 0.0332819 0.0325684 0.0317051 0.0325512 0.0286642 0.0294252 0.0294252 0.0309409 0.0317351 0.0302423 0.0326335 0.0302708 0.0309886 0.0302084 0.0317468 0.0317501 0.0317205 0.0302432 0.0310382 0.0294711 0.0309916 0.0279365 0.0302043 0.0286644 0.0302793 0.0286549 0.0302062 0.0302311 0.0286992 0.0294374 0.0294175 0.0298239 0.0294137 0.0280499 0.0286820 0.0271356 0.0271356 0.0265466 0.0263859 0.0263859 
KU188513.1_Symbiodinium_sp.                                        0.0659647 0.0600612 0.0332314 0.0310945 0.0295550 0.0114798 0.0092887 0.0056870 0.0078375 0.0049740 0.0057011 0.0035466 0.0064104 0.0056906 0.0042609 0.0035450 0.0035450 0.0042743 0.0049692 0.0042664 0.0028336 0.0042621 0.0035446 0.0021218 0.0021225 0.0028323 0.0000000 0.0014147 0.0007056 0.0021220 0.0007056 0.0007056 0.0007149 0.0014143 0.0014133 0.0014133 0.0014361 0.0366125 0.0327329 0.0326451 0.0318748 0.0318748 0.0308615 0.0303221 0.0311307 0.0311143 0.0303290 0.0303181 0.0303181 0.0307075 0.0219431 0.0226647 0.0286519 0.0218720 0.0271564 0.0251919 0.0373557 0.0397032 0.0373074 0.0340898 0.0386971 0.0388681 0.0373819 0.0396398 0.0389551 0.0380655 0.0381089 0.0387898 0.0389264 0.0397218 0.0388607 0.0371909 0.0365122 0.0318663 0.0318342 0.0334314 0.0334314 0.0341942 0.0349699 0.0341223 0.0318016 0.0319362 0.0333764 0.0326157 0.0326950 0.0302732 0.0318501 0.0318019 0.0288752 0.0310611 0.0317975 0.0310829 0.0302255 0.0310665 0.0271898 0.0279494 0.0279494 0.0294627 0.0302541 0.0287623 0.0311449 0.0287893 0.0295080 0.0287300 0.0302652 0.0302684 0.0302401 0.0287631 0.0295552 0.0279928 0.0295109 0.0264617 0.0287261 0.0271899 0.0287974 0.0271809 0.0287279 0.0287516 0.0272230 0.0279609 0.0279420 0.0283281 0.0279385 0.0265691 0.0272067 0.0256645 0.0256645 0.0250675 0.0249158 0.0249158 
KU188510.1_Symbiodinium_sp.                                        0.0660145 0.0601054 0.0332547 0.0311158 0.0295752 0.0114873 0.0092946 0.0056906 0.0078425 0.0049771 0.0057047 0.0035489 0.0064145 0.0056942 0.0042636 0.0035472 0.0035472 0.0042770 0.0049724 0.0042691 0.0028354 0.0042648 0.0035469 0.0021231 0.0021239 0.0028341 0.0014147 0.0000000 0.0007066 0.0021233 0.0007066 0.0007066 0.0007154 0.0014152 0.0014142 0.0014142 0.0014361 0.0366380 0.0327555 0.0326676 0.0318967 0.0318967 0.0308830 0.0303433 0.0311520 0.0311356 0.0303497 0.0303388 0.0303388 0.0307288 0.0219578 0.0226799 0.0286713 0.0218866 0.0271748 0.0252091 0.0373817 0.0397310 0.0373334 0.0341132 0.0387240 0.0388952 0.0374079 0.0396675 0.0389823 0.0380920 0.0381355 0.0388168 0.0389536 0.0397497 0.0388878 0.0372167 0.0365375 0.0318881 0.0318560 0.0334545 0.0334545 0.0342178 0.0349941 0.0341458 0.0318234 0.0319582 0.0333993 0.0326381 0.0327176 0.0302938 0.0318719 0.0318237 0.0288949 0.0310823 0.0318192 0.0311042 0.0302461 0.0310877 0.0272082 0.0279683 0.0279683 0.0294827 0.0302748 0.0287819 0.0311663 0.0288089 0.0295281 0.0287495 0.0302859 0.0302890 0.0302607 0.0287827 0.0295754 0.0280118 0.0295310 0.0264796 0.0287457 0.0272083 0.0288170 0.0271993 0.0287474 0.0287711 0.0272414 0.0279799 0.0279609 0.0283475 0.0279574 0.0265872 0.0272251 0.0256818 0.0256818 0.0250845 0.0249326 0.0249326 
KU188509.1_Symbiodinium_sp.                                        0.0651094 0.0592291 0.0324423 0.0303232 0.0287868 0.0107507 0.0085658 0.0049713 0.0071180 0.0042592 0.0049835 0.0028345 0.0056926 0.0049744 0.0035472 0.0028332 0.0028332 0.0035584 0.0042552 0.0035519 0.0021231 0.0035483 0.0028329 0.0014131 0.0014136 0.0021221 0.0007056 0.0007066 0.0000000 0.0014133 0.0000010 0.0000010 0.0000010 0.0007060 0.0007056 0.0007056 0.0007177 0.0358285 0.0319562 0.0318706 0.0311018 0.0311018 0.0300776 0.0295332 0.0303584 0.0303425 0.0295591 0.0295485 0.0295485 0.0299277 0.0211903 0.0219115 0.0278890 0.0211217 0.0263958 0.0244261 0.0365711 0.0389141 0.0365238 0.0333148 0.0379143 0.0380816 0.0365966 0.0388520 0.0381666 0.0372809 0.0373234 0.0380050 0.0381386 0.0389323 0.0380743 0.0364099 0.0357305 0.0310934 0.0310622 0.0326551 0.0326551 0.0334166 0.0341908 0.0333465 0.0310304 0.0311616 0.0326013 0.0318420 0.0319193 0.0295048 0.0310777 0.0310308 0.0281060 0.0302907 0.0310264 0.0303120 0.0294584 0.0302959 0.0264282 0.0271864 0.0271864 0.0286970 0.0294863 0.0279964 0.0303723 0.0280226 0.0287411 0.0279649 0.0294970 0.0295001 0.0294726 0.0279971 0.0287870 0.0272285 0.0287439 0.0257006 0.0279612 0.0264282 0.0280304 0.0264196 0.0279629 0.0279859 0.0264604 0.0271975 0.0271791 0.0275543 0.0271757 0.0258048 0.0264445 0.0249060 0.0249060 0.0243055 0.0241586 0.0241586 
