130
GU362426_Gymnodinium_catenatum                                     0.0000000 0.0453977 0.0657902 0.0704737 0.0687675 0.0772420 0.0753819 0.0692923 0.0735641 0.0648347 0.0678524 0.0685522 0.0719564 0.0710748 0.0693722 0.0684590 0.0684590 0.0662414 0.0667652 0.0661111 0.0659389 0.0660386 0.0685064 0.0667583 0.0667887 0.0675783 0.0659432 0.0659922 0.0650874 0.0667156 0.0650349 0.0650349 0.0659175 0.0659133 0.0658602 0.0658602 0.0652953 0.0734517 0.0673682 0.0671729 0.0663323 0.0663323 0.0658225 0.0664882 0.0664810 0.0655118 0.0655600 0.0664112 0.0664112 0.0673085 0.0629560 0.0627952 0.0677555 0.0635533 0.0661387 0.0644451 0.0741893 0.0767673 0.0740890 0.0694944 0.0694270 0.0749543 0.0731753 0.0766403 0.0759877 0.0748960 0.0741444 0.0730504 0.0733308 0.0768204 0.0740947 0.0738418 0.0714588 0.0696887 0.0696126 0.0697132 0.0697132 0.0723598 0.0706784 0.0704569 0.0696109 0.0707733 0.0680218 0.0705584 0.0707472 0.0635407 0.0697242 0.0696082 0.0665269 0.0688296 0.0679329 0.0656581 0.0669847 0.0679602 0.0603636 0.0595532 0.0595532 0.0669768 0.0678845 0.0662884 0.0690269 0.0663588 0.0679293 0.0662138 0.0679153 0.0679206 0.0678528 0.0671470 0.0663728 0.0654363 0.0670989 0.0612097 0.0662014 0.0661441 0.0663795 0.0644649 0.0637163 0.0662678 0.0619420 0.0653530 0.0653075 0.0662574 0.0652943 0.0640041 0.0645308 0.0627938 0.0627938 0.0632265 0.0636259 0.0636259 
EF492511                                                           0.0453977 0.0000000 0.0450335 0.0637789 0.0621176 0.0676318 0.0650077 0.0632547 0.0632668 0.0614112 0.0618312 0.0625754 0.0617026 0.0608541 0.0592108 0.0583388 0.0583388 0.0602573 0.0607938 0.0601409 0.0599879 0.0600762 0.0625348 0.0608366 0.0608635 0.0599589 0.0600398 0.0600832 0.0592082 0.0591237 0.0591144 0.0591144 0.0598997 0.0583412 0.0582950 0.0582950 0.0575904 0.0664872 0.0605886 0.0604177 0.0579862 0.0579862 0.0573183 0.0578847 0.0613946 0.0588010 0.0605019 0.0596693 0.0596693 0.0604591 0.0531280 0.0520691 0.0537155 0.0513132 0.0521555 0.0503759 0.0680375 0.0705456 0.0679475 0.0619350 0.0627289 0.0655035 0.0654251 0.0687819 0.0681281 0.0670933 0.0654885 0.0653173 0.0655606 0.0689393 0.0663105 0.0660898 0.0653949 0.0637868 0.0637187 0.0646607 0.0646607 0.0646296 0.0646286 0.0628053 0.0636085 0.0631121 0.0620761 0.0628940 0.0622326 0.0585975 0.0620830 0.0611632 0.0590010 0.0612198 0.0619744 0.0581212 0.0577987 0.0603786 0.0530144 0.0522256 0.0522256 0.0594396 0.0603136 0.0587559 0.0613901 0.0588161 0.0603522 0.0586905 0.0603396 0.0603446 0.0594703 0.0587612 0.0588284 0.0579295 0.0587297 0.0553366 0.0586803 0.0586307 0.0588338 0.0570016 0.0578714 0.0587370 0.0545766 0.0578580 0.0562139 0.0570134 0.0578078 0.0565144 0.0570586 0.0553801 0.0553801 0.0557529 0.0561879 0.0561879 
JF791031                                                           0.0657902 0.0450335 0.0000000 0.0417513 0.0401520 0.0403675 0.0387421 0.0379193 0.0371106 0.0354201 0.0347996 0.0356181 0.0355552 0.0347801 0.0332099 0.0323991 0.0323991 0.0332723 0.0339008 0.0332085 0.0331268 0.0331732 0.0355961 0.0339959 0.0340100 0.0331789 0.0332242 0.0332471 0.0324353 0.0323887 0.0323843 0.0323843 0.0328083 0.0316275 0.0316026 0.0316026 0.0313466 0.0441980 0.0402096 0.0400994 0.0393076 0.0393076 0.0392007 0.0378873 0.0393342 0.0385279 0.0384995 0.0377026 0.0377026 0.0381964 0.0321907 0.0336677 0.0375059 0.0336176 0.0359719 0.0340514 0.0448881 0.0472973 0.0448294 0.0407311 0.0430837 0.0440266 0.0448985 0.0471984 0.0465139 0.0455802 0.0456333 0.0455014 0.0456656 0.0473202 0.0464001 0.0455239 0.0448455 0.0408706 0.0408284 0.0417064 0.0417064 0.0392108 0.0424081 0.0407984 0.0399814 0.0401799 0.0416108 0.0408297 0.0393562 0.0384095 0.0400441 0.0376273 0.0362191 0.0391879 0.0383905 0.0377475 0.0375679 0.0392326 0.0328989 0.0321314 0.0321314 0.0375627 0.0383845 0.0360845 0.0393337 0.0368948 0.0368463 0.0368174 0.0383997 0.0384034 0.0360330 0.0368606 0.0369025 0.0376252 0.0360669 0.0368367 0.0352490 0.0336702 0.0369053 0.0352143 0.0368142 0.0368455 0.0336978 0.0360231 0.0359988 0.0356655 0.0359934 0.0346293 0.0352490 0.0336539 0.0336539 0.0338766 0.0328858 0.0328858 
AY160124.1_Symbiodinium_sp._G15                                    0.0704737 0.0637789 0.0417513 0.0000000 0.0014078 0.0396632 0.0388061 0.0356829 0.0372031 0.0332467 0.0342336 0.0334287 0.0357026 0.0349134 0.0333705 0.0325736 0.0325736 0.0327313 0.0333517 0.0326696 0.0310623 0.0326354 0.0334085 0.0318451 0.0318580 0.0325753 0.0310895 0.0311105 0.0303183 0.0318001 0.0302715 0.0302715 0.0306601 0.0310529 0.0310289 0.0310289 0.0299848 0.0402257 0.0363432 0.0362462 0.0354753 0.0354753 0.0345183 0.0348495 0.0354986 0.0347152 0.0346901 0.0339152 0.0339152 0.0343496 0.0308890 0.0338701 0.0361123 0.0315405 0.0346063 0.0327066 0.0433871 0.0457521 0.0433313 0.0408411 0.0439279 0.0456849 0.0449753 0.0464629 0.0457877 0.0448713 0.0433333 0.0455914 0.0457535 0.0456778 0.0456775 0.0439732 0.0433040 0.0401840 0.0401433 0.0401416 0.0401416 0.0417501 0.0409751 0.0408819 0.0377682 0.0402738 0.0401330 0.0393666 0.0394632 0.0331522 0.0385958 0.0385358 0.0356124 0.0385754 0.0385312 0.0355773 0.0354073 0.0378006 0.0308364 0.0315983 0.0315983 0.0361660 0.0369708 0.0354728 0.0378963 0.0370410 0.0369931 0.0354333 0.0369851 0.0369887 0.0361886 0.0354742 0.0362799 0.0346948 0.0362261 0.0354573 0.0354285 0.0338743 0.0355165 0.0338622 0.0354304 0.0354599 0.0331421 0.0346546 0.0346317 0.0351110 0.0346266 0.0332810 0.0338949 0.0323314 0.0323314 0.0317673 0.0315774 0.0315774 
HE653239_Symbiodinium_voratum                                      0.0687675 0.0621176 0.0401520 0.0014078 0.0000000 0.0380902 0.0372395 0.0341282 0.0356442 0.0317065 0.0326800 0.0318795 0.0341472 0.0333614 0.0318241 0.0310314 0.0310314 0.0311814 0.0318063 0.0311227 0.0295246 0.0310901 0.0318604 0.0303039 0.0303161 0.0310330 0.0295504 0.0295702 0.0287823 0.0302611 0.0287379 0.0287379 0.0291062 0.0295157 0.0294929 0.0294929 0.0284283 0.0386594 0.0347910 0.0346985 0.0339304 0.0339304 0.0329516 0.0332672 0.0339525 0.0331726 0.0331488 0.0323770 0.0323770 0.0327910 0.0293605 0.0323342 0.0345706 0.0300148 0.0330688 0.0311583 0.0418082 0.0441645 0.0417545 0.0392788 0.0423556 0.0440997 0.0433901 0.0448753 0.0441986 0.0432901 0.0417565 0.0440099 0.0441658 0.0440929 0.0440927 0.0423990 0.0417285 0.0386194 0.0385803 0.0385787 0.0385787 0.0401795 0.0394071 0.0393178 0.0362158 0.0387052 0.0385704 0.0378066 0.0378990 0.0316167 0.0370383 0.0369809 0.0340611 0.0370187 0.0369764 0.0340277 0.0338657 0.0362468 0.0293105 0.0300697 0.0300697 0.0346219 0.0354224 0.0339280 0.0363383 0.0354894 0.0354437 0.0338903 0.0354360 0.0354394 0.0346434 0.0339293 0.0347306 0.0331532 0.0346792 0.0339133 0.0338857 0.0323380 0.0339696 0.0323265 0.0338875 0.0339156 0.0316070 0.0331149 0.0330931 0.0335503 0.0330883 0.0317393 0.0323577 0.0308014 0.0308014 0.0302301 0.0300498 0.0300498 
AJ271758.1_Symbiodinium_sp.                                        0.0772420 0.0676318 0.0403675 0.0396632 0.0380902 0.0000000 0.0136432 0.0158496 0.0121713 0.0151221 0.0158893 0.0136786 0.0107358 0.0100069 0.0085631 0.0078369 0.0078369 0.0144393 0.0151073 0.0144126 0.0129219 0.0143979 0.0136709 0.0122026 0.0122072 0.0114638 0.0114790 0.0114864 0.0107500 0.0107350 0.0107338 0.0107338 0.0108686 0.0100170 0.0100095 0.0100095 0.0101733 0.0453166 0.0413582 0.0412458 0.0404599 0.0404599 0.0395700 0.0390870 0.0397082 0.0396863 0.0388806 0.0388661 0.0388661 0.0393706 0.0310929 0.0318196 0.0363578 0.0309909 0.0348411 0.0329304 0.0452788 0.0476701 0.0452200 0.0419164 0.0466016 0.0468094 0.0453115 0.0475946 0.0469159 0.0459875 0.0460407 0.0467128 0.0468804 0.0476930 0.0468018 0.0450781 0.0444054 0.0396714 0.0396309 0.0397105 0.0397105 0.0420484 0.0428375 0.0419588 0.0395910 0.0397604 0.0412036 0.0404302 0.0405304 0.0380348 0.0396525 0.0395902 0.0366445 0.0388436 0.0388103 0.0396525 0.0379736 0.0388493 0.0356573 0.0364324 0.0364324 0.0371970 0.0380102 0.0364995 0.0389484 0.0380830 0.0372545 0.0364586 0.0380251 0.0380287 0.0379924 0.0365010 0.0373152 0.0357142 0.0372594 0.0357112 0.0364535 0.0348845 0.0365449 0.0348719 0.0364555 0.0364862 0.0349271 0.0356724 0.0356486 0.0361459 0.0356433 0.0342909 0.0349059 0.0333270 0.0333270 0.0327663 0.0325664 0.0325664 
AJ271759.1_Symbiodinium_sp.                                        0.0753819 0.0650077 0.0387421 0.0388061 0.0372395 0.0136432 0.0000000 0.0136324 0.0099832 0.0129090 0.0136663 0.0114710 0.0085543 0.0078311 0.0063966 0.0056768 0.0056768 0.0122232 0.0128954 0.0122007 0.0107238 0.0121883 0.0114646 0.0100079 0.0100116 0.0092761 0.0092884 0.0092942 0.0085655 0.0085536 0.0085526 0.0085526 0.0086588 0.0078390 0.0078331 0.0078331 0.0079608 0.0444350 0.0404922 0.0403825 0.0395997 0.0395997 0.0386990 0.0382112 0.0388502 0.0388288 0.0380267 0.0380126 0.0380126 0.0385046 0.0302698 0.0309947 0.0355178 0.0301708 0.0340062 0.0320931 0.0443981 0.0467799 0.0443407 0.0410528 0.0457207 0.0459238 0.0444301 0.0467061 0.0460278 0.0451056 0.0451576 0.0458294 0.0459932 0.0468022 0.0459164 0.0442020 0.0435298 0.0388142 0.0387747 0.0388524 0.0388524 0.0411816 0.0419676 0.0410941 0.0371674 0.0389010 0.0403412 0.0395708 0.0396684 0.0371856 0.0387959 0.0387352 0.0357969 0.0379907 0.0387305 0.0380163 0.0371260 0.0379962 0.0340476 0.0348184 0.0348184 0.0363523 0.0371617 0.0356558 0.0380929 0.0356899 0.0364084 0.0356159 0.0371761 0.0371797 0.0371443 0.0356572 0.0364674 0.0348736 0.0364131 0.0348708 0.0356110 0.0340484 0.0357000 0.0340362 0.0356129 0.0356428 0.0340899 0.0348330 0.0348098 0.0352941 0.0348047 0.0334529 0.0340693 0.0324972 0.0324972 0.0319335 0.0317393 0.0317393 
AJ271754.1_Symbiodinium_sp.                                        0.0692923 0.0632547 0.0379193 0.0356829 0.0341282 0.0158496 0.0136324 0.0000000 0.0121619 0.0092751 0.0100176 0.0078463 0.0107275 0.0099992 0.0085565 0.0078309 0.0078309 0.0085836 0.0092662 0.0085677 0.0071130 0.0085591 0.0078420 0.0064011 0.0064034 0.0071098 0.0056870 0.0056905 0.0049712 0.0063921 0.0049638 0.0049638 0.0050251 0.0056806 0.0056763 0.0056763 0.0057685 0.0397024 0.0358000 0.0357040 0.0349292 0.0349292 0.0339608 0.0334421 0.0341837 0.0341651 0.0333739 0.0333616 0.0333616 0.0337914 0.0249339 0.0256562 0.0316723 0.0248529 0.0301707 0.0282299 0.0404477 0.0428085 0.0403956 0.0371494 0.0417808 0.0419650 0.0404766 0.0427413 0.0420591 0.0411563 0.0404246 0.0411019 0.0412473 0.0428286 0.0403740 0.0402701 0.0395941 0.0349200 0.0348848 0.0364963 0.0364963 0.0372646 0.0380439 0.0371862 0.0348501 0.0349973 0.0364369 0.0356725 0.0357598 0.0333131 0.0349038 0.0348495 0.0319193 0.0341081 0.0348453 0.0333552 0.0332600 0.0341131 0.0302075 0.0309715 0.0309715 0.0324930 0.0332917 0.0325539 0.0341994 0.0318246 0.0325427 0.0317590 0.0333044 0.0333077 0.0332761 0.0317956 0.0325951 0.0310200 0.0325468 0.0279457 0.0317548 0.0302079 0.0318335 0.0301972 0.0317565 0.0317828 0.0302446 0.0309842 0.0309637 0.0313927 0.0309593 0.0295985 0.0302264 0.0286720 0.0286720 0.0280897 0.0279197 0.0279197 
AJ271756.1_Symbiodinium_sp.                                        0.0735641 0.0632668 0.0371106 0.0372031 0.0356442 0.0121713 0.0099832 0.0121619 0.0000000 0.0114412 0.0121918 0.0100088 0.0071085 0.0063892 0.0049612 0.0042456 0.0042456 0.0107538 0.0114303 0.0107339 0.0092678 0.0107230 0.0100032 0.0085540 0.0085572 0.0078269 0.0078373 0.0078422 0.0071178 0.0071079 0.0071071 0.0071071 0.0071952 0.0063957 0.0063909 0.0063909 0.0064947 0.0428009 0.0388766 0.0387718 0.0379926 0.0379926 0.0370696 0.0365718 0.0372454 0.0372249 0.0364276 0.0364141 0.0364141 0.0368841 0.0287089 0.0294324 0.0339382 0.0286153 0.0324324 0.0305100 0.0427654 0.0451359 0.0427103 0.0394433 0.0440909 0.0442859 0.0427961 0.0450649 0.0443857 0.0434726 0.0435225 0.0441953 0.0443526 0.0451572 0.0442789 0.0425772 0.0419042 0.0372110 0.0371733 0.0372474 0.0372474 0.0395663 0.0403487 0.0394827 0.0355756 0.0365212 0.0387321 0.0379650 0.0380583 0.0355931 0.0371935 0.0371356 0.0342038 0.0363931 0.0371311 0.0364177 0.0355363 0.0363984 0.0324719 0.0332390 0.0332390 0.0347662 0.0355703 0.0340696 0.0364907 0.0341020 0.0348195 0.0340316 0.0355839 0.0355874 0.0355536 0.0340709 0.0348758 0.0332914 0.0348240 0.0332888 0.0340270 0.0324725 0.0341116 0.0309393 0.0340288 0.0340571 0.0325120 0.0332528 0.0332308 0.0336918 0.0332260 0.0318719 0.0324924 0.0309293 0.0309293 0.0303585 0.0301745 0.0301745 
AJ271764.1_Symbiodinium_sp.                                        0.0648347 0.0614112 0.0354201 0.0332467 0.0317065 0.0151221 0.0129090 0.0092751 0.0114412 0.0000000 0.0092978 0.0071298 0.0100078 0.0092807 0.0078399 0.0071158 0.0071158 0.0078647 0.0085495 0.0078502 0.0063988 0.0078423 0.0071258 0.0056873 0.0056894 0.0063959 0.0049739 0.0049769 0.0042591 0.0056793 0.0042527 0.0042527 0.0043053 0.0049683 0.0049646 0.0049646 0.0050451 0.0372227 0.0333552 0.0332665 0.0324987 0.0324987 0.0314990 0.0309663 0.0309765 0.0317407 0.0301793 0.0309466 0.0309466 0.0313430 0.0240902 0.0233040 0.0307931 0.0240122 0.0292994 0.0273597 0.0364020 0.0387327 0.0363554 0.0331633 0.0377406 0.0379050 0.0364277 0.0386724 0.0379888 0.0371089 0.0371507 0.0378289 0.0379613 0.0387505 0.0378993 0.0362437 0.0355663 0.0309515 0.0309207 0.0325052 0.0325052 0.0332646 0.0340342 0.0331955 0.0308902 0.0310191 0.0324526 0.0316972 0.0317739 0.0293722 0.0309374 0.0308899 0.0279786 0.0301544 0.0308862 0.0309294 0.0301003 0.0301586 0.0270577 0.0278133 0.0278133 0.0285684 0.0293535 0.0278706 0.0302343 0.0278966 0.0286115 0.0278396 0.0293645 0.0293674 0.0293398 0.0278713 0.0286572 0.0271065 0.0286150 0.0255860 0.0278361 0.0263106 0.0279042 0.0263014 0.0278374 0.0278601 0.0263423 0.0270756 0.0270579 0.0274299 0.0270543 0.0256894 0.0263266 0.0247954 0.0247954 0.0241967 0.0240515 0.0240515 
L13718.1_Symbiodinium_meandrinae                                   0.0678524 0.0618312 0.0347996 0.0342336 0.0326800 0.0158893 0.0136663 0.0100176 0.0121918 0.0092978 0.0000000 0.0078656 0.0107539 0.0100238 0.0085775 0.0078501 0.0078501 0.0014193 0.0035449 0.0028407 0.0028342 0.0028378 0.0078612 0.0064167 0.0064191 0.0071272 0.0057009 0.0057044 0.0049834 0.0064078 0.0049759 0.0049759 0.0050375 0.0056945 0.0056902 0.0056902 0.0057828 0.0398071 0.0358938 0.0357973 0.0350203 0.0350203 0.0340508 0.0327122 0.0342728 0.0342541 0.0334607 0.0334483 0.0334483 0.0338804 0.0265080 0.0272326 0.0332806 0.0264215 0.0317715 0.0298380 0.0421197 0.0444947 0.0420652 0.0387942 0.0434513 0.0436439 0.0421499 0.0444245 0.0437424 0.0428294 0.0428786 0.0435545 0.0437098 0.0445157 0.0428372 0.0419339 0.0412579 0.0365559 0.0365188 0.0381427 0.0381427 0.0389153 0.0396992 0.0388329 0.0364823 0.0366373 0.0380804 0.0373118 0.0374036 0.0349363 0.0365388 0.0364817 0.0335416 0.0341758 0.0364773 0.0342200 0.0348804 0.0357425 0.0302854 0.0295286 0.0295286 0.0341089 0.0349139 0.0334097 0.0358334 0.0334415 0.0341614 0.0333723 0.0349273 0.0349307 0.0348975 0.0334109 0.0342167 0.0326302 0.0341657 0.0310788 0.0333678 0.0318109 0.0334509 0.0317995 0.0333695 0.0333974 0.0318497 0.0325923 0.0325707 0.0330238 0.0325660 0.0312059 0.0318304 0.0302652 0.0302652 0.0296894 0.0295089 0.0295089 
KU188508.1_Symbiodinium_sp.                                        0.0685522 0.0625754 0.0356181 0.0334287 0.0318795 0.0136786 0.0114710 0.0078463 0.0100088 0.0071298 0.0078656 0.0000000 0.0085762 0.0078511 0.0064130 0.0056913 0.0056913 0.0064333 0.0071230 0.0064214 0.0049757 0.0064149 0.0056908 0.0042580 0.0042596 0.0049734 0.0035466 0.0035488 0.0028345 0.0042585 0.0028345 0.0028345 0.0028695 0.0035479 0.0035453 0.0035453 0.0036028 0.0389841 0.0350818 0.0349878 0.0342130 0.0342130 0.0332328 0.0327085 0.0334669 0.0334487 0.0326580 0.0326459 0.0326459 0.0330669 0.0242197 0.0249429 0.0309601 0.0241409 0.0294581 0.0275090 0.0389458 0.0413024 0.0388956 0.0364351 0.0410670 0.0412481 0.0397584 0.0420245 0.0413405 0.0404398 0.0404860 0.0411641 0.0413100 0.0421103 0.0412417 0.0395555 0.0388777 0.0342040 0.0341694 0.0357796 0.0357796 0.0365481 0.0373274 0.0364711 0.0341354 0.0342796 0.0357214 0.0349569 0.0350425 0.0325985 0.0341881 0.0341349 0.0312016 0.0333930 0.0341308 0.0334156 0.0325466 0.0333978 0.0294940 0.0302580 0.0302580 0.0317796 0.0325776 0.0310797 0.0334824 0.0311091 0.0318281 0.0310449 0.0325900 0.0325932 0.0325623 0.0310807 0.0318795 0.0303053 0.0318322 0.0287642 0.0310408 0.0294944 0.0311177 0.0294839 0.0310424 0.0310681 0.0295303 0.0302703 0.0302503 0.0306698 0.0302461 0.0288814 0.0295125 0.0279588 0.0279588 0.0273722 0.0272064 0.0272064 
AB055917.1_Symbiodinium_sp.                                        0.0719564 0.0617026 0.0355552 0.0357026 0.0341472 0.0107358 0.0085543 0.0107275 0.0071085 0.0100078 0.0107539 0.0085762 0.0000000 0.0049678 0.0035425 0.0028295 0.0028295 0.0093169 0.0099982 0.0092996 0.0078394 0.0092902 0.0085714 0.0071260 0.0071287 0.0064017 0.0064102 0.0064142 0.0056924 0.0056845 0.0056838 0.0056838 0.0057542 0.0049728 0.0049690 0.0049690 0.0043256 0.0412850 0.0373685 0.0372679 0.0364903 0.0364903 0.0347664 0.0342527 0.0357433 0.0357238 0.0349289 0.0349159 0.0349159 0.0353665 0.0272275 0.0279513 0.0324518 0.0271387 0.0309478 0.0290120 0.0412509 0.0436165 0.0411977 0.0379422 0.0425822 0.0403697 0.0388845 0.0411431 0.0404598 0.0395653 0.0411664 0.0418420 0.0419901 0.0436370 0.0419207 0.0410695 0.0403940 0.0357103 0.0356742 0.0357452 0.0357452 0.0372320 0.0364654 0.0379799 0.0356387 0.0357896 0.0372297 0.0364639 0.0365533 0.0340986 0.0356937 0.0356381 0.0327054 0.0348959 0.0356338 0.0349195 0.0340442 0.0349009 0.0309855 0.0317512 0.0317512 0.0332756 0.0340767 0.0325773 0.0349894 0.0326082 0.0333266 0.0325409 0.0340897 0.0340931 0.0340608 0.0325785 0.0333804 0.0318010 0.0333308 0.0317985 0.0325366 0.0309861 0.0326173 0.0309750 0.0325383 0.0325653 0.0310237 0.0317642 0.0317432 0.0321835 0.0317387 0.0303792 0.0310050 0.0294465 0.0294465 0.0288678 0.0286929 0.0286929 
AJ271757.1_Symbiodinium_sp.                                        0.0710748 0.0608541 0.0347801 0.0349134 0.0333614 0.0100069 0.0078311 0.0099992 0.0063892 0.0092807 0.0100238 0.0078511 0.0049678 0.0000000 0.0028303 0.0021193 0.0021193 0.0085889 0.0092719 0.0085730 0.0071173 0.0085643 0.0078468 0.0064050 0.0064073 0.0056829 0.0056905 0.0056940 0.0049743 0.0049673 0.0049668 0.0049668 0.0050282 0.0042568 0.0042536 0.0042536 0.0043225 0.0404820 0.0365735 0.0364753 0.0356993 0.0356993 0.0347421 0.0342286 0.0349532 0.0349341 0.0341413 0.0341287 0.0341287 0.0345687 0.0264571 0.0271803 0.0316733 0.0263709 0.0301718 0.0282310 0.0404486 0.0428093 0.0403964 0.0371503 0.0417816 0.0419658 0.0404775 0.0427421 0.0420599 0.0411571 0.0412041 0.0418804 0.0412482 0.0428294 0.0419592 0.0402710 0.0395949 0.0349210 0.0348858 0.0349551 0.0349551 0.0372656 0.0380449 0.0371871 0.0348511 0.0349983 0.0364379 0.0356735 0.0357608 0.0333141 0.0349048 0.0348505 0.0319203 0.0341091 0.0348463 0.0341322 0.0332610 0.0341141 0.0302085 0.0309726 0.0309726 0.0324940 0.0332927 0.0317956 0.0342004 0.0318257 0.0325437 0.0317601 0.0333054 0.0333087 0.0332772 0.0317966 0.0325962 0.0310210 0.0325478 0.0310186 0.0317559 0.0302090 0.0318346 0.0301982 0.0317575 0.0317838 0.0302457 0.0309852 0.0309647 0.0313938 0.0309604 0.0295995 0.0302275 0.0286730 0.0286730 0.0280908 0.0279208 0.0279208 
AB863030.1_Symbiodinium_sp.                                        0.0693722 0.0592108 0.0332099 0.0333705 0.0318241 0.0085631 0.0063966 0.0085565 0.0049612 0.0078399 0.0085775 0.0064130 0.0035425 0.0028303 0.0000000 0.0007046 0.0007046 0.0071455 0.0078324 0.0071323 0.0056844 0.0071251 0.0064094 0.0049734 0.0049752 0.0042551 0.0042608 0.0042634 0.0035472 0.0035422 0.0035418 0.0035418 0.0035856 0.0028331 0.0028310 0.0028310 0.0028768 0.0389158 0.0350205 0.0349268 0.0341534 0.0341534 0.0331740 0.0326502 0.0334086 0.0333905 0.0326012 0.0325892 0.0325892 0.0330087 0.0249448 0.0256674 0.0301491 0.0248637 0.0286514 0.0266995 0.0388838 0.0412365 0.0388338 0.0356038 0.0402211 0.0403978 0.0389115 0.0411718 0.0404881 0.0395928 0.0396378 0.0403159 0.0404583 0.0412557 0.0403916 0.0387135 0.0380359 0.0333779 0.0333443 0.0334104 0.0334104 0.0357137 0.0364904 0.0356388 0.0333112 0.0334515 0.0348909 0.0341289 0.0342122 0.0317794 0.0333625 0.0333108 0.0303835 0.0325706 0.0333068 0.0325926 0.0317289 0.0325752 0.0286863 0.0294477 0.0294477 0.0309644 0.0317590 0.0302652 0.0326575 0.0302937 0.0310116 0.0302314 0.0317711 0.0317742 0.0317442 0.0302661 0.0310615 0.0294936 0.0310155 0.0294913 0.0302275 0.0286866 0.0303021 0.0286765 0.0302290 0.0302539 0.0287214 0.0294596 0.0294402 0.0298475 0.0294361 0.0280716 0.0287042 0.0271565 0.0271565 0.0265669 0.0264064 0.0264064 
AB016579.1_Symbiodinium_sp.                                        0.0684590 0.0583388 0.0323991 0.0325736 0.0310314 0.0078369 0.0056768 0.0078309 0.0042456 0.0071158 0.0078501 0.0056913 0.0028295 0.0021193 0.0007046 0.0000000 0.0000010 0.0064206 0.0071090 0.0064088 0.0049659 0.0064023 0.0056882 0.0042561 0.0042577 0.0035403 0.0035450 0.0035472 0.0028332 0.0028293 0.0028290 0.0028290 0.0028639 0.0021215 0.0021199 0.0021199 0.0021541 0.0381022 0.0342171 0.0341257 0.0333543 0.0333543 0.0323642 0.0318357 0.0326109 0.0325932 0.0318064 0.0317947 0.0317947 0.0322033 0.0241708 0.0248925 0.0293645 0.0240923 0.0278700 0.0259141 0.0380709 0.0404174 0.0380220 0.0348031 0.0394092 0.0395819 0.0380980 0.0403541 0.0396701 0.0387795 0.0388235 0.0395019 0.0396411 0.0404361 0.0395759 0.0379045 0.0372266 0.0325809 0.0325482 0.0326125 0.0326125 0.0349102 0.0356849 0.0348372 0.0325160 0.0326526 0.0340907 0.0333305 0.0334116 0.0309881 0.0325659 0.0325156 0.0295923 0.0317766 0.0325117 0.0317981 0.0309389 0.0317811 0.0279040 0.0286635 0.0286635 0.0301764 0.0309683 0.0294774 0.0318613 0.0295051 0.0302223 0.0294445 0.0309799 0.0309830 0.0309538 0.0294782 0.0302708 0.0287079 0.0302261 0.0287057 0.0294407 0.0279042 0.0295132 0.0278944 0.0294421 0.0294663 0.0279381 0.0286750 0.0286561 0.0290519 0.0286522 0.0272869 0.0279213 0.0263784 0.0263784 0.0257856 0.0256300 0.0256300 
AB016572.1_Symbiodinium_sp.                                        0.0684590 0.0583388 0.0323991 0.0325736 0.0310314 0.0078369 0.0056768 0.0078309 0.0042456 0.0071158 0.0078501 0.0056913 0.0028295 0.0021193 0.0007046 0.0000010 0.0000000 0.0064206 0.0071090 0.0064088 0.0049659 0.0064023 0.0056882 0.0042561 0.0042577 0.0035403 0.0035450 0.0035472 0.0028332 0.0028293 0.0028290 0.0028290 0.0028639 0.0021215 0.0021199 0.0021199 0.0021541 0.0381022 0.0342171 0.0341257 0.0333543 0.0333543 0.0323642 0.0318357 0.0326109 0.0325932 0.0318064 0.0317947 0.0317947 0.0322033 0.0241708 0.0248925 0.0293645 0.0240923 0.0278700 0.0259141 0.0380709 0.0404174 0.0380220 0.0348031 0.0394092 0.0395819 0.0380980 0.0403541 0.0396701 0.0387795 0.0388235 0.0395019 0.0396411 0.0404361 0.0395759 0.0379045 0.0372266 0.0325809 0.0325482 0.0326125 0.0326125 0.0349102 0.0356849 0.0348372 0.0325160 0.0326526 0.0340907 0.0333305 0.0334116 0.0309881 0.0325659 0.0325156 0.0295923 0.0317766 0.0325117 0.0317981 0.0309389 0.0317811 0.0279040 0.0286635 0.0286635 0.0301764 0.0309683 0.0294774 0.0318613 0.0295051 0.0302223 0.0294445 0.0309799 0.0309830 0.0309538 0.0294782 0.0302708 0.0287079 0.0302261 0.0287057 0.0294407 0.0279042 0.0295132 0.0278944 0.0294421 0.0294663 0.0279381 0.0286750 0.0286561 0.0290519 0.0286522 0.0272869 0.0279213 0.0263784 0.0263784 0.0257856 0.0256300 0.0256300 
L13717.1_Symbiodinium_corculorum                                   0.0662414 0.0602573 0.0332723 0.0327313 0.0311814 0.0144393 0.0122232 0.0085836 0.0107538 0.0078647 0.0014193 0.0064333 0.0093169 0.0085889 0.0071455 0.0064206 0.0064206 0.0000000 0.0021262 0.0014198 0.0014166 0.0014184 0.0064297 0.0049891 0.0049909 0.0056998 0.0042742 0.0042769 0.0035583 0.0049821 0.0035530 0.0035530 0.0035970 0.0042694 0.0042662 0.0042662 0.0043356 0.0375147 0.0343836 0.0342913 0.0335161 0.0335161 0.0325236 0.0311775 0.0327690 0.0327511 0.0319603 0.0319484 0.0319484 0.0323611 0.0250254 0.0257502 0.0317885 0.0249437 0.0302814 0.0283346 0.0405979 0.0429678 0.0405454 0.0372865 0.0419352 0.0421208 0.0406271 0.0429000 0.0422156 0.0413089 0.0413562 0.0420347 0.0421842 0.0429880 0.0413165 0.0404191 0.0397408 0.0350491 0.0350136 0.0366314 0.0366314 0.0374026 0.0381848 0.0373236 0.0349786 0.0351269 0.0365716 0.0358043 0.0358923 0.0334358 0.0350327 0.0349781 0.0320373 0.0326763 0.0349738 0.0327186 0.0333824 0.0342389 0.0287964 0.0280408 0.0280408 0.0326125 0.0334143 0.0319117 0.0343259 0.0319420 0.0326625 0.0318759 0.0334271 0.0334304 0.0333986 0.0319127 0.0327154 0.0311342 0.0326667 0.0295868 0.0318717 0.0303189 0.0319509 0.0303081 0.0318733 0.0318998 0.0303559 0.0310981 0.0310775 0.0315096 0.0310731 0.0297077 0.0303375 0.0287772 0.0287772 0.0281934 0.0280221 0.0280221 
AB055918.1_Symbiodinium_sp.                                        0.0667652 0.0607938 0.0339008 0.0333517 0.0318063 0.0151073 0.0128954 0.0092662 0.0114303 0.0085495 0.0035449 0.0071230 0.0099982 0.0092719 0.0078324 0.0071090 0.0071090 0.0021262 0.0000000 0.0021224 0.0021175 0.0021202 0.0071190 0.0056818 0.0056839 0.0063898 0.0049691 0.0049722 0.0042551 0.0056739 0.0042487 0.0042487 0.0043012 0.0049636 0.0049598 0.0049598 0.0050402 0.0388936 0.0350007 0.0349071 0.0341342 0.0341342 0.0331550 0.0318175 0.0333898 0.0333717 0.0325829 0.0325709 0.0325709 0.0329899 0.0256675 0.0263894 0.0324083 0.0255840 0.0309063 0.0289727 0.0411950 0.0435574 0.0411419 0.0378911 0.0425248 0.0427123 0.0412245 0.0434890 0.0428082 0.0419027 0.0419505 0.0426253 0.0427765 0.0435779 0.0427056 0.0410141 0.0403395 0.0356622 0.0356262 0.0372401 0.0372401 0.0380088 0.0387886 0.0379287 0.0355907 0.0357412 0.0371795 0.0364147 0.0365039 0.0340527 0.0356456 0.0355902 0.0326612 0.0348489 0.0355859 0.0333387 0.0339985 0.0348539 0.0294266 0.0286735 0.0286735 0.0332309 0.0340309 0.0325335 0.0349422 0.0325643 0.0332818 0.0324972 0.0340439 0.0340473 0.0340150 0.0325346 0.0333354 0.0317582 0.0332860 0.0302152 0.0324929 0.0309445 0.0325734 0.0309334 0.0324946 0.0325215 0.0309820 0.0317215 0.0317006 0.0321397 0.0316961 0.0295801 0.0309634 0.0294071 0.0294071 0.0288289 0.0286544 0.0286544 
X62650.1_S.pilosum                                                 0.0661111 0.0601409 0.0332085 0.0326696 0.0311227 0.0144126 0.0122007 0.0085677 0.0107339 0.0078502 0.0028407 0.0064214 0.0092996 0.0085730 0.0071323 0.0064088 0.0064088 0.0014198 0.0021224 0.0000000 0.0014140 0.0014158 0.0064179 0.0049799 0.0049817 0.0056893 0.0042663 0.0042690 0.0035518 0.0049730 0.0035465 0.0035465 0.0035903 0.0042616 0.0042584 0.0042584 0.0043275 0.0382159 0.0343185 0.0342266 0.0334528 0.0334528 0.0324612 0.0311174 0.0327071 0.0326893 0.0319001 0.0318883 0.0318883 0.0322993 0.0249785 0.0257021 0.0317289 0.0248972 0.0302247 0.0282810 0.0405209 0.0428861 0.0404686 0.0372162 0.0418560 0.0420408 0.0405499 0.0428186 0.0421353 0.0412306 0.0412778 0.0419551 0.0421041 0.0429062 0.0420343 0.0403427 0.0396655 0.0349829 0.0349475 0.0365621 0.0365621 0.0373318 0.0381126 0.0372531 0.0349127 0.0350605 0.0365025 0.0357368 0.0358244 0.0333729 0.0349666 0.0349122 0.0319768 0.0341695 0.0349080 0.0326569 0.0333197 0.0341744 0.0287424 0.0279883 0.0279883 0.0325512 0.0333515 0.0318517 0.0342610 0.0318818 0.0326011 0.0318160 0.0333642 0.0333675 0.0333358 0.0318527 0.0326537 0.0310756 0.0326052 0.0295313 0.0318118 0.0302621 0.0318907 0.0302513 0.0318134 0.0318398 0.0302989 0.0310397 0.0310191 0.0314497 0.0310148 0.0296517 0.0302806 0.0287233 0.0287233 0.0281403 0.0279696 0.0279696 
AB016723.1_Symbiodinium_sp.                                        0.0659389 0.0599879 0.0331268 0.0310623 0.0295246 0.0129219 0.0107238 0.0071130 0.0092678 0.0063988 0.0028342 0.0049757 0.0078394 0.0071173 0.0056844 0.0049659 0.0049659 0.0014166 0.0021175 0.0014140 0.0000000 0.0014126 0.0049729 0.0035437 0.0035450 0.0042510 0.0028336 0.0028353 0.0021231 0.0035388 0.0021199 0.0021199 0.0021460 0.0028304 0.0028283 0.0028283 0.0028740 0.0381223 0.0342349 0.0341435 0.0333717 0.0333717 0.0323813 0.0310405 0.0326278 0.0326101 0.0318229 0.0318112 0.0318112 0.0322202 0.0234180 0.0241394 0.0301356 0.0233421 0.0286386 0.0266874 0.0388661 0.0412177 0.0388161 0.0355877 0.0402028 0.0403794 0.0388938 0.0411531 0.0404696 0.0395748 0.0396198 0.0402976 0.0404399 0.0412368 0.0403732 0.0386960 0.0380186 0.0333629 0.0333293 0.0349319 0.0349319 0.0356976 0.0364739 0.0356227 0.0332962 0.0334364 0.0348752 0.0341135 0.0341967 0.0317651 0.0333474 0.0332958 0.0303698 0.0325559 0.0332918 0.0310506 0.0317147 0.0325606 0.0271625 0.0279212 0.0279212 0.0309506 0.0317448 0.0302516 0.0326428 0.0302801 0.0309977 0.0302178 0.0317568 0.0317600 0.0317299 0.0302525 0.0310475 0.0294803 0.0310016 0.0279455 0.0302139 0.0286738 0.0302885 0.0286636 0.0302154 0.0302403 0.0287086 0.0294465 0.0294270 0.0298340 0.0294230 0.0280590 0.0286913 0.0271444 0.0271444 0.0265550 0.0263946 0.0263946 
AB016724.1_Symbiodinium_sp.                                        0.0660386 0.0600762 0.0331732 0.0326354 0.0310901 0.0143979 0.0121883 0.0085591 0.0107230 0.0078423 0.0028378 0.0064149 0.0092902 0.0085643 0.0071251 0.0064023 0.0064023 0.0014184 0.0021202 0.0014158 0.0014126 0.0000000 0.0064114 0.0049749 0.0049767 0.0056836 0.0042620 0.0042647 0.0035482 0.0049679 0.0035429 0.0035429 0.0035867 0.0042573 0.0042541 0.0042541 0.0043231 0.0381756 0.0342824 0.0341907 0.0334177 0.0334177 0.0324267 0.0310841 0.0326728 0.0326550 0.0318667 0.0318549 0.0318549 0.0322651 0.0249526 0.0256754 0.0316959 0.0248714 0.0301932 0.0282512 0.0404781 0.0428407 0.0404259 0.0371772 0.0418120 0.0419965 0.0405071 0.0427734 0.0420907 0.0411871 0.0412342 0.0419109 0.0420596 0.0428608 0.0419899 0.0403003 0.0396238 0.0349462 0.0349109 0.0365237 0.0365237 0.0372926 0.0380725 0.0372140 0.0348761 0.0350236 0.0364642 0.0356993 0.0357867 0.0333380 0.0349299 0.0348756 0.0319433 0.0341337 0.0348714 0.0326228 0.0332849 0.0341386 0.0287125 0.0279591 0.0279591 0.0325173 0.0333166 0.0318184 0.0342251 0.0318485 0.0325670 0.0317828 0.0333293 0.0333326 0.0333010 0.0318194 0.0326195 0.0310432 0.0325711 0.0295005 0.0317786 0.0302305 0.0318574 0.0302197 0.0317802 0.0318065 0.0302672 0.0310073 0.0309868 0.0314165 0.0309824 0.0296207 0.0302490 0.0286934 0.0286934 0.0281108 0.0279405 0.0279405 
KU188515.1_Symbiodinium_sp.                                        0.0685064 0.0625348 0.0355961 0.0334085 0.0318604 0.0136709 0.0114646 0.0078420 0.0100032 0.0071258 0.0078612 0.0056908 0.0085714 0.0078468 0.0064094 0.0056882 0.0056882 0.0064297 0.0071190 0.0064179 0.0049729 0.0064114 0.0000000 0.0042557 0.0042572 0.0049707 0.0035446 0.0035468 0.0028329 0.0042561 0.0028329 0.0028329 0.0028679 0.0035460 0.0035433 0.0035433 0.0028780 0.0389602 0.0350606 0.0349666 0.0341924 0.0341924 0.0324284 0.0318993 0.0334468 0.0334286 0.0326384 0.0326263 0.0326263 0.0330468 0.0242055 0.0249282 0.0309416 0.0241268 0.0294406 0.0274926 0.0397057 0.0420647 0.0396545 0.0364131 0.0410419 0.0412227 0.0397340 0.0419987 0.0413151 0.0404151 0.0404612 0.0411389 0.0412846 0.0420844 0.0412163 0.0395314 0.0388540 0.0341833 0.0341488 0.0357580 0.0357580 0.0365259 0.0373047 0.0364491 0.0341149 0.0342589 0.0356997 0.0349358 0.0350213 0.0325789 0.0341675 0.0341144 0.0311828 0.0333729 0.0341103 0.0333954 0.0325271 0.0333777 0.0294765 0.0302400 0.0302400 0.0317606 0.0325581 0.0310611 0.0334622 0.0310904 0.0318091 0.0310264 0.0325704 0.0325737 0.0325428 0.0310621 0.0318603 0.0302872 0.0318131 0.0287471 0.0310223 0.0294769 0.0310991 0.0294664 0.0310239 0.0310495 0.0295127 0.0302523 0.0302323 0.0306513 0.0302280 0.0288641 0.0294949 0.0279423 0.0279423 0.0273559 0.0271903 0.0271903 
KU188511.1_Symbiodinium_sp.                                        0.0667583 0.0608366 0.0339959 0.0318451 0.0303039 0.0122026 0.0100079 0.0064011 0.0085540 0.0056873 0.0064167 0.0042580 0.0071260 0.0064050 0.0049734 0.0042561 0.0042561 0.0049891 0.0056818 0.0049799 0.0035437 0.0049749 0.0042557 0.0000000 0.0028315 0.0035422 0.0021218 0.0021231 0.0014131 0.0028308 0.0014131 0.0014131 0.0014306 0.0021226 0.0021210 0.0021210 0.0021552 0.0373691 0.0334858 0.0333964 0.0326254 0.0326254 0.0316237 0.0310897 0.0318817 0.0318644 0.0310784 0.0310669 0.0310669 0.0314664 0.0226833 0.0234049 0.0293965 0.0226097 0.0279005 0.0259427 0.0381129 0.0404620 0.0380639 0.0348412 0.0394524 0.0396255 0.0381400 0.0403986 0.0397139 0.0388222 0.0388663 0.0395453 0.0396848 0.0404807 0.0396195 0.0379461 0.0372676 0.0326167 0.0325839 0.0341836 0.0341836 0.0349486 0.0357242 0.0348754 0.0325516 0.0326885 0.0341281 0.0333671 0.0326850 0.0310220 0.0326017 0.0325512 0.0296249 0.0318115 0.0325473 0.0318330 0.0309728 0.0318160 0.0279345 0.0286948 0.0286948 0.0302094 0.0310022 0.0295097 0.0318963 0.0295374 0.0302554 0.0294767 0.0310139 0.0310170 0.0309876 0.0295105 0.0303040 0.0287393 0.0302592 0.0272063 0.0294729 0.0279347 0.0295456 0.0279249 0.0294744 0.0294986 0.0279686 0.0287063 0.0286874 0.0290841 0.0286835 0.0273169 0.0279518 0.0264072 0.0264072 0.0258139 0.0256580 0.0256580 
KU188514.1_Symbiodinium_sp.                                        0.0667887 0.0608635 0.0340100 0.0318580 0.0303161 0.0122072 0.0100116 0.0064034 0.0085572 0.0056894 0.0064191 0.0042596 0.0071287 0.0064073 0.0049752 0.0042577 0.0042577 0.0049909 0.0056839 0.0049817 0.0035450 0.0049767 0.0042572 0.0028315 0.0000000 0.0035435 0.0021225 0.0021239 0.0014137 0.0028318 0.0014137 0.0014137 0.0014311 0.0021234 0.0021218 0.0021218 0.0021552 0.0373845 0.0334994 0.0334100 0.0326386 0.0326386 0.0316367 0.0311026 0.0318946 0.0318773 0.0310910 0.0310795 0.0310795 0.0314793 0.0226922 0.0234141 0.0294083 0.0226186 0.0279116 0.0259531 0.0381286 0.0404788 0.0380796 0.0348554 0.0394687 0.0396420 0.0381558 0.0404153 0.0397304 0.0388382 0.0388824 0.0395617 0.0397013 0.0404976 0.0396359 0.0379617 0.0372829 0.0326300 0.0325971 0.0341976 0.0341976 0.0349629 0.0357388 0.0348897 0.0325648 0.0327018 0.0341420 0.0333806 0.0334620 0.0310345 0.0326149 0.0325644 0.0296368 0.0318243 0.0325605 0.0318458 0.0309852 0.0318289 0.0279456 0.0287063 0.0287063 0.0302216 0.0310147 0.0295215 0.0319093 0.0295493 0.0302676 0.0294885 0.0310264 0.0310295 0.0310001 0.0295224 0.0303162 0.0287508 0.0302713 0.0272172 0.0294847 0.0279459 0.0295575 0.0279360 0.0294862 0.0295105 0.0279798 0.0287178 0.0286989 0.0290959 0.0286949 0.0273278 0.0279630 0.0264177 0.0264177 0.0258242 0.0256682 0.0256682 
AF238256.1_Symbiodinium_sp._Type_A                                 0.0675783 0.0599589 0.0331789 0.0325753 0.0310330 0.0114638 0.0092761 0.0071098 0.0078269 0.0063959 0.0071272 0.0049734 0.0064017 0.0056829 0.0042551 0.0035403 0.0035403 0.0056998 0.0063898 0.0056893 0.0042510 0.0056836 0.0049707 0.0035422 0.0035435 0.0000000 0.0028323 0.0028340 0.0021221 0.0021192 0.0021190 0.0021190 0.0021451 0.0014125 0.0014114 0.0014114 0.0014340 0.0381043 0.0342189 0.0341275 0.0333561 0.0333561 0.0323660 0.0318374 0.0326126 0.0325949 0.0318081 0.0317963 0.0317963 0.0322050 0.0234073 0.0241283 0.0301216 0.0233313 0.0286253 0.0266750 0.0388478 0.0411982 0.0387979 0.0355711 0.0401840 0.0403604 0.0388755 0.0411337 0.0404505 0.0395562 0.0396011 0.0402786 0.0404208 0.0412174 0.0403542 0.0386778 0.0380008 0.0333473 0.0333138 0.0349156 0.0349156 0.0356808 0.0364568 0.0356061 0.0332807 0.0334207 0.0348589 0.0340976 0.0341807 0.0317503 0.0333319 0.0332803 0.0303557 0.0325407 0.0332763 0.0325627 0.0316999 0.0325454 0.0286602 0.0294209 0.0294209 0.0309362 0.0317300 0.0302376 0.0326275 0.0302660 0.0309833 0.0302038 0.0317420 0.0317452 0.0317152 0.0302385 0.0310331 0.0294667 0.0309872 0.0279325 0.0301999 0.0286605 0.0302744 0.0286504 0.0302014 0.0302263 0.0286953 0.0294328 0.0294134 0.0298200 0.0294093 0.0280460 0.0286780 0.0271319 0.0271319 0.0265427 0.0263825 0.0263825 
KU188513.1_Symbiodinium_sp.                                        0.0659432 0.0600398 0.0332242 0.0310895 0.0295504 0.0114790 0.0092884 0.0056870 0.0078373 0.0049739 0.0057009 0.0035466 0.0064102 0.0056905 0.0042608 0.0035450 0.0035450 0.0042742 0.0049691 0.0042663 0.0028336 0.0042620 0.0035446 0.0021218 0.0021225 0.0028323 0.0000000 0.0014147 0.0007056 0.0021220 0.0007056 0.0007056 0.0007149 0.0014143 0.0014133 0.0014133 0.0014361 0.0366043 0.0327259 0.0326386 0.0318686 0.0318686 0.0308556 0.0303165 0.0311252 0.0311084 0.0303239 0.0303127 0.0303127 0.0307023 0.0219408 0.0226624 0.0286479 0.0218697 0.0271531 0.0251891 0.0373479 0.0396940 0.0372999 0.0340838 0.0386900 0.0388596 0.0373744 0.0396318 0.0389461 0.0380577 0.0381009 0.0387811 0.0389177 0.0397124 0.0388537 0.0371846 0.0365050 0.0318601 0.0318281 0.0334245 0.0334245 0.0341887 0.0349633 0.0341172 0.0317966 0.0319301 0.0333702 0.0326100 0.0326894 0.0302689 0.0318455 0.0317962 0.0288702 0.0310568 0.0317924 0.0310778 0.0302209 0.0310612 0.0271862 0.0279456 0.0279456 0.0294585 0.0302495 0.0287581 0.0311395 0.0287851 0.0295033 0.0287259 0.0302609 0.0302639 0.0302353 0.0287588 0.0295506 0.0279889 0.0295069 0.0264582 0.0287223 0.0271865 0.0287930 0.0271769 0.0287237 0.0287473 0.0272195 0.0279568 0.0279383 0.0283245 0.0279346 0.0265657 0.0272031 0.0256613 0.0256613 0.0250641 0.0249128 0.0249128 
KU188510.1_Symbiodinium_sp.                                        0.0659922 0.0600832 0.0332471 0.0311105 0.0295702 0.0114864 0.0092942 0.0056905 0.0078422 0.0049769 0.0057044 0.0035488 0.0064142 0.0056940 0.0042634 0.0035472 0.0035472 0.0042769 0.0049722 0.0042690 0.0028353 0.0042647 0.0035468 0.0021231 0.0021239 0.0028340 0.0014147 0.0000000 0.0007066 0.0021233 0.0007066 0.0007066 0.0007154 0.0014152 0.0014142 0.0014142 0.0014361 0.0366294 0.0327481 0.0326607 0.0318901 0.0318901 0.0308767 0.0303374 0.0311462 0.0311293 0.0303442 0.0303330 0.0303330 0.0307232 0.0219553 0.0226773 0.0286670 0.0218840 0.0271712 0.0252060 0.0373735 0.0397213 0.0373254 0.0341069 0.0387164 0.0388863 0.0374000 0.0396591 0.0389729 0.0380838 0.0381270 0.0388076 0.0389444 0.0397397 0.0388804 0.0372099 0.0365299 0.0318816 0.0318496 0.0334472 0.0334472 0.0342119 0.0349870 0.0341403 0.0318180 0.0319517 0.0333928 0.0326320 0.0327115 0.0302892 0.0318670 0.0318176 0.0288896 0.0310776 0.0318138 0.0310987 0.0302411 0.0310821 0.0272043 0.0279642 0.0279642 0.0294782 0.0302698 0.0287773 0.0311605 0.0288043 0.0295230 0.0287451 0.0302812 0.0302843 0.0302556 0.0287781 0.0295704 0.0280076 0.0295267 0.0264758 0.0287414 0.0272046 0.0288123 0.0271950 0.0287429 0.0287665 0.0272376 0.0279754 0.0279570 0.0283437 0.0279532 0.0265834 0.0272212 0.0256783 0.0256783 0.0250808 0.0249293 0.0249293 
KU188509.1_Symbiodinium_sp.                                        0.0650874 0.0592082 0.0324353 0.0303183 0.0287823 0.0107500 0.0085655 0.0049712 0.0071178 0.0042591 0.0049834 0.0028345 0.0056924 0.0049743 0.0035472 0.0028332 0.0028332 0.0035583 0.0042551 0.0035518 0.0021231 0.0035482 0.0028329 0.0014131 0.0014137 0.0021221 0.0007056 0.0007066 0.0000000 0.0014133 0.0000010 0.0000010 0.0000010 0.0007060 0.0007056 0.0007056 0.0007177 0.0358206 0.0319494 0.0318644 0.0310958 0.0310958 0.0300719 0.0295278 0.0303532 0.0303368 0.0295542 0.0295433 0.0295433 0.0299227 0.0211882 0.0219093 0.0278852 0.0211195 0.0263926 0.0244234 0.0365635 0.0389051 0.0365165 0.0333090 0.0379074 0.0380733 0.0365894 0.0388442 0.0381579 0.0372734 0.0373155 0.0379965 0.0381302 0.0389230 0.0380676 0.0364038 0.0357236 0.0310875 0.0310563 0.0326484 0.0326484 0.0334113 0.0341844 0.0333415 0.0310256 0.0311557 0.0325954 0.0318365 0.0319138 0.0295007 0.0310733 0.0310253 0.0281012 0.0302865 0.0310216 0.0303070 0.0294540 0.0302908 0.0264248 0.0271828 0.0271828 0.0286930 0.0294819 0.0279923 0.0303672 0.0280185 0.0287365 0.0279610 0.0294929 0.0294959 0.0294680 0.0279930 0.0287826 0.0272247 0.0287401 0.0256973 0.0279575 0.0264250 0.0280262 0.0264157 0.0279588 0.0279817 0.0264570 0.0271936 0.0271757 0.0275510 0.0271720 0.0258015 0.0264412 0.0249030 0.0249030 0.0243022 0.0241557 0.0241557 
