121
GU362426_Gymnodinium_catenatum                                     0.0000000 0.0454569 0.0659159 0.0706254 0.0689111 0.0774261 0.0755596 0.0694462 0.0737328 0.0649661 0.0680023 0.0687020 0.0721172 0.0712334 0.0695241 0.0686077 0.0663848 0.0669069 0.0662547 0.0660784 0.0661810 0.0686575 0.0669003 0.0669324 0.0677251 0.0660842 0.0661324 0.0652256 0.0668581 0.0651724 0.0660608 0.0660526 0.0659988 0.0654290 0.0736130 0.0675055 0.0673071 0.0664640 0.0659486 0.0666195 0.0666158 0.0656414 0.0656889 0.0665437 0.0674488 0.0630760 0.0629112 0.0678906 0.0636722 0.0662717 0.0645729 0.0743507 0.0769358 0.0742479 0.0696276 0.0695604 0.0751174 0.0733307 0.0768127 0.0761566 0.0750582 0.0743064 0.0731979 0.0734878 0.0769912 0.0742603 0.0740019 0.0716060 0.0698275 0.0697485 0.0698498 0.0725192 0.0708254 0.0706052 0.0697522 0.0709204 0.0681585 0.0707029 0.0708978 0.0636570 0.0698717 0.0697448 0.0666547 0.0689710 0.0680683 0.0657888 0.0671140 0.0680915 0.0604748 0.0596625 0.0671068 0.0680183 0.0664162 0.0691680 0.0664895 0.0680619 0.0663434 0.0680518 0.0680565 0.0679848 0.0672790 0.0665052 0.0655639 0.0672338 0.0613209 0.0663309 0.0662720 0.0665117 0.0645835 0.0638368 0.0663969 0.0620511 0.0654763 0.0654330 0.0663911 0.0654172 0.0641265 0.0646544 0.0629097 0.0633411 0.0637441 
EF492511                                                           0.0454569 0.0000000 0.0450851 0.0638838 0.0622170 0.0677541 0.0651221 0.0633633 0.0633743 0.0615104 0.0619366 0.0626813 0.0618041 0.0609539 0.0593056 0.0584313 0.0603576 0.0608925 0.0602414 0.0600850 0.0601757 0.0626418 0.0609362 0.0609646 0.0600581 0.0601388 0.0601815 0.0593041 0.0592195 0.0592092 0.0599998 0.0584345 0.0583878 0.0576787 0.0665985 0.0606802 0.0605077 0.0580710 0.0573989 0.0579691 0.0614907 0.0588876 0.0605940 0.0597581 0.0605530 0.0532015 0.0521361 0.0537871 0.0513787 0.0522258 0.0504422 0.0681512 0.0706645 0.0680589 0.0620260 0.0628252 0.0656108 0.0655302 0.0689006 0.0682438 0.0672038 0.0655934 0.0654158 0.0656670 0.0690564 0.0664241 0.0661989 0.0654971 0.0638853 0.0638157 0.0647619 0.0647384 0.0647308 0.0629044 0.0637062 0.0632138 0.0621705 0.0629897 0.0623323 0.0586828 0.0621815 0.0612516 0.0590841 0.0613143 0.0620675 0.0582074 0.0578777 0.0604647 0.0530857 0.0522956 0.0595251 0.0604019 0.0588396 0.0614842 0.0589022 0.0604395 0.0587758 0.0604303 0.0604347 0.0595553 0.0588453 0.0589160 0.0580132 0.0588172 0.0554113 0.0587656 0.0587146 0.0589213 0.0570780 0.0579529 0.0588218 0.0546476 0.0579381 0.0562928 0.0570984 0.0578877 0.0565941 0.0571393 0.0554547 0.0558260 0.0562643 
JF791031                                                           0.0659159 0.0450851 0.0000000 0.0417976 0.0401947 0.0404148 0.0387864 0.0379630 0.0371507 0.0354556 0.0348361 0.0356562 0.0355916 0.0348156 0.0332425 0.0324305 0.0333060 0.0339339 0.0332424 0.0331589 0.0332065 0.0356349 0.0340305 0.0340453 0.0332130 0.0332582 0.0332807 0.0324677 0.0324209 0.0324160 0.0328425 0.0316583 0.0316332 0.0313752 0.0442476 0.0402498 0.0401389 0.0393458 0.0392368 0.0379219 0.0393740 0.0385651 0.0385368 0.0377380 0.0382346 0.0322178 0.0336960 0.0375392 0.0336450 0.0360044 0.0340810 0.0449379 0.0473505 0.0448777 0.0407691 0.0431272 0.0440726 0.0449484 0.0472519 0.0465651 0.0456283 0.0456822 0.0455448 0.0457139 0.0473741 0.0464528 0.0455749 0.0448940 0.0409107 0.0408676 0.0417484 0.0392504 0.0424492 0.0408421 0.0400203 0.0402220 0.0416519 0.0408695 0.0393972 0.0384463 0.0400856 0.0376604 0.0362496 0.0392263 0.0384255 0.0377833 0.0376010 0.0392696 0.0329258 0.0321574 0.0375962 0.0384198 0.0361160 0.0393724 0.0369285 0.0368788 0.0368506 0.0384363 0.0384397 0.0360643 0.0368931 0.0369372 0.0376596 0.0361005 0.0368703 0.0352796 0.0336981 0.0369399 0.0352423 0.0368463 0.0368784 0.0337245 0.0360533 0.0360303 0.0356975 0.0360236 0.0346591 0.0352796 0.0336809 0.0339023 0.0329120 
AY160124.1_Symbiodinium_sp._G15                                    0.0706254 0.0638838 0.0417976 0.0000000 0.0014078 0.0397083 0.0388494 0.0357223 0.0372423 0.0332785 0.0342693 0.0334628 0.0357385 0.0349481 0.0334024 0.0326043 0.0327643 0.0333842 0.0327028 0.0310917 0.0326680 0.0334433 0.0318760 0.0318896 0.0326079 0.0311199 0.0311405 0.0303472 0.0318309 0.0302998 0.0306906 0.0310824 0.0310581 0.0300104 0.0402667 0.0363760 0.0362783 0.0355063 0.0345455 0.0348787 0.0355310 0.0347453 0.0347204 0.0339437 0.0343805 0.0309149 0.0338994 0.0361440 0.0315660 0.0346371 0.0327347 0.0434354 0.0458038 0.0433782 0.0408812 0.0439747 0.0457357 0.0450278 0.0465178 0.0458404 0.0449209 0.0433793 0.0456387 0.0458057 0.0457281 0.0457317 0.0440219 0.0433504 0.0402236 0.0401819 0.0401807 0.0417968 0.0410168 0.0409260 0.0378045 0.0403162 0.0401722 0.0394046 0.0395047 0.0331811 0.0386354 0.0385706 0.0356425 0.0386144 0.0385676 0.0356104 0.0354383 0.0378358 0.0308611 0.0316240 0.0361979 0.0370045 0.0355036 0.0379331 0.0370752 0.0370261 0.0354650 0.0370200 0.0370233 0.0362206 0.0355051 0.0363136 0.0347256 0.0362602 0.0354897 0.0354603 0.0339033 0.0355494 0.0338888 0.0354609 0.0354913 0.0331689 0.0346834 0.0346616 0.0351442 0.0346554 0.0333094 0.0339240 0.0323570 0.0317902 0.0316023 
HE653239_Symbiodinium_voratum                                      0.0689111 0.0622170 0.0401947 0.0014078 0.0000000 0.0381318 0.0372793 0.0341644 0.0356802 0.0317354 0.0327126 0.0319107 0.0341800 0.0333931 0.0318531 0.0310593 0.0312114 0.0318358 0.0311528 0.0295512 0.0311198 0.0318921 0.0303319 0.0303448 0.0310627 0.0295780 0.0295974 0.0288084 0.0302890 0.0287634 0.0291338 0.0295424 0.0295194 0.0284513 0.0386972 0.0348209 0.0347277 0.0339586 0.0329762 0.0332936 0.0339820 0.0331999 0.0331762 0.0324028 0.0328190 0.0293838 0.0323607 0.0345995 0.0300377 0.0330968 0.0311837 0.0418529 0.0442124 0.0417978 0.0393156 0.0423988 0.0441468 0.0434388 0.0449262 0.0442475 0.0433360 0.0417989 0.0440536 0.0442143 0.0441395 0.0441430 0.0424441 0.0417713 0.0386556 0.0386157 0.0386146 0.0402226 0.0394456 0.0393584 0.0362490 0.0387443 0.0386063 0.0378414 0.0379372 0.0316429 0.0370747 0.0370126 0.0340884 0.0370545 0.0370098 0.0340578 0.0338938 0.0362789 0.0293328 0.0300928 0.0346510 0.0354531 0.0339560 0.0363720 0.0355207 0.0354737 0.0339191 0.0354678 0.0354710 0.0346726 0.0339574 0.0347614 0.0331811 0.0347104 0.0339428 0.0339147 0.0323643 0.0339996 0.0323505 0.0339153 0.0339441 0.0316312 0.0331410 0.0331202 0.0335805 0.0331143 0.0317649 0.0323841 0.0308245 0.0302506 0.0300721 
AJ271758.1_Symbiodinium_sp.                                        0.0774261 0.0677541 0.0404148 0.0397083 0.0381318 0.0000000 0.0136486 0.0158569 0.0121753 0.0151281 0.0158959 0.0136839 0.0107389 0.0100097 0.0085651 0.0078387 0.0144449 0.0151126 0.0144183 0.0129261 0.0144033 0.0136763 0.0122067 0.0122115 0.0114677 0.0114829 0.0114901 0.0107533 0.0107383 0.0107369 0.0108724 0.0100199 0.0100123 0.0101759 0.0453726 0.0414044 0.0412911 0.0405039 0.0396100 0.0391257 0.0397529 0.0397291 0.0389227 0.0389070 0.0394144 0.0311216 0.0318504 0.0363933 0.0310183 0.0348756 0.0329620 0.0453362 0.0477314 0.0452760 0.0419640 0.0466593 0.0468689 0.0453713 0.0476583 0.0469772 0.0460455 0.0460995 0.0467684 0.0469413 0.0477550 0.0468646 0.0451351 0.0444599 0.0397141 0.0396727 0.0397538 0.0421014 0.0428878 0.0420105 0.0396351 0.0398061 0.0412502 0.0404755 0.0405792 0.0380766 0.0396992 0.0396320 0.0366811 0.0388877 0.0388529 0.0396949 0.0380126 0.0388914 0.0356930 0.0364693 0.0372355 0.0380506 0.0365367 0.0389923 0.0381240 0.0372930 0.0364968 0.0380667 0.0380701 0.0380318 0.0365384 0.0373556 0.0357513 0.0373002 0.0357487 0.0364918 0.0349197 0.0365843 0.0349046 0.0364925 0.0365240 0.0349617 0.0357074 0.0356848 0.0361857 0.0356783 0.0343252 0.0349412 0.0333585 0.0327950 0.0325969 
AJ271759.1_Symbiodinium_sp.                                        0.0755596 0.0651221 0.0387864 0.0388494 0.0372793 0.0136486 0.0000000 0.0136382 0.0099862 0.0129136 0.0136715 0.0114759 0.0085564 0.0078330 0.0063979 0.0056779 0.0122275 0.0129005 0.0122051 0.0107269 0.0121925 0.0114687 0.0100109 0.0100147 0.0092789 0.0092912 0.0092969 0.0085679 0.0085559 0.0085549 0.0086615 0.0078410 0.0078350 0.0079625 0.0444888 0.0405364 0.0404259 0.0396417 0.0387371 0.0382482 0.0388930 0.0388698 0.0380670 0.0380517 0.0385465 0.0302970 0.0310241 0.0355517 0.0301968 0.0340391 0.0321231 0.0444533 0.0468388 0.0443944 0.0410985 0.0457761 0.0459809 0.0444875 0.0467673 0.0460868 0.0451614 0.0452141 0.0458828 0.0460517 0.0468618 0.0459768 0.0442567 0.0435820 0.0388551 0.0388148 0.0388938 0.0412325 0.0420159 0.0411437 0.0372057 0.0389447 0.0403858 0.0396141 0.0397152 0.0372257 0.0388407 0.0387751 0.0358318 0.0380329 0.0387721 0.0380555 0.0371632 0.0380365 0.0340805 0.0348525 0.0363891 0.0372003 0.0356913 0.0381349 0.0357268 0.0364451 0.0356523 0.0372160 0.0372193 0.0371820 0.0356929 0.0365060 0.0349090 0.0364521 0.0349065 0.0356475 0.0340820 0.0357376 0.0340673 0.0356482 0.0356789 0.0341229 0.0348664 0.0348443 0.0353321 0.0348381 0.0334856 0.0341029 0.0325271 0.0319607 0.0317683 
AJ271754.1_Symbiodinium_sp.                                        0.0694462 0.0633633 0.0379630 0.0357223 0.0341644 0.0158569 0.0136382 0.0000000 0.0121663 0.0092778 0.0100207 0.0078485 0.0107309 0.0100023 0.0085588 0.0078330 0.0085860 0.0092685 0.0085702 0.0071146 0.0085614 0.0078443 0.0064026 0.0064050 0.0071116 0.0056883 0.0056918 0.0049723 0.0063936 0.0049647 0.0050264 0.0056818 0.0056775 0.0057695 0.0397495 0.0358381 0.0357414 0.0349654 0.0339934 0.0334736 0.0342204 0.0342002 0.0334084 0.0333950 0.0338273 0.0249542 0.0256783 0.0317017 0.0248721 0.0301991 0.0282556 0.0404970 0.0428614 0.0404435 0.0371898 0.0418305 0.0420161 0.0405279 0.0427963 0.0421119 0.0412061 0.0404742 0.0411488 0.0412988 0.0428821 0.0404237 0.0403190 0.0396406 0.0349559 0.0349199 0.0365349 0.0373097 0.0380867 0.0372301 0.0348871 0.0350357 0.0364762 0.0357107 0.0358011 0.0333481 0.0349432 0.0348846 0.0319495 0.0341452 0.0348819 0.0333878 0.0332925 0.0341483 0.0302359 0.0310010 0.0325250 0.0333255 0.0325857 0.0342362 0.0318567 0.0325746 0.0317907 0.0333392 0.0333423 0.0333090 0.0318266 0.0326288 0.0310506 0.0325808 0.0279703 0.0317866 0.0302369 0.0318662 0.0302240 0.0317871 0.0318141 0.0302731 0.0310131 0.0309936 0.0314256 0.0309882 0.0296267 0.0302554 0.0286976 0.0281129 0.0279445 
AJ271756.1_Symbiodinium_sp.                                        0.0737328 0.0633743 0.0371507 0.0372423 0.0356802 0.0121753 0.0099862 0.0121663 0.0000000 0.0114447 0.0121968 0.0100117 0.0071099 0.0063904 0.0049619 0.0042462 0.0107569 0.0114333 0.0107371 0.0092700 0.0107261 0.0100063 0.0085561 0.0085594 0.0078288 0.0078392 0.0078440 0.0071194 0.0071095 0.0071086 0.0071970 0.0063970 0.0063921 0.0064957 0.0428502 0.0389167 0.0388112 0.0380307 0.0371040 0.0366050 0.0372842 0.0372621 0.0364641 0.0364494 0.0369221 0.0287331 0.0294586 0.0339687 0.0286383 0.0324619 0.0305368 0.0428161 0.0451901 0.0427595 0.0394849 0.0441418 0.0443384 0.0428489 0.0451213 0.0444399 0.0435238 0.0435744 0.0442443 0.0444064 0.0452121 0.0443346 0.0426275 0.0419520 0.0372480 0.0372095 0.0372850 0.0396129 0.0403928 0.0395281 0.0356103 0.0365601 0.0387727 0.0380044 0.0381010 0.0356294 0.0372343 0.0371717 0.0342352 0.0364315 0.0371689 0.0364532 0.0355699 0.0364349 0.0325014 0.0332697 0.0347993 0.0356052 0.0341016 0.0365288 0.0341353 0.0348526 0.0340644 0.0356200 0.0356233 0.0355876 0.0341030 0.0349107 0.0333233 0.0348593 0.0333210 0.0340599 0.0325027 0.0341456 0.0309653 0.0340605 0.0340896 0.0325416 0.0332828 0.0332618 0.0337261 0.0332559 0.0319013 0.0325226 0.0309560 0.0303827 0.0302004 
AJ271764.1_Symbiodinium_sp.                                        0.0649661 0.0615104 0.0354556 0.0332785 0.0317354 0.0151281 0.0129136 0.0092778 0.0114447 0.0000000 0.0093001 0.0071313 0.0100104 0.0092830 0.0078415 0.0071172 0.0078664 0.0085512 0.0078520 0.0063998 0.0078439 0.0071275 0.0056882 0.0056904 0.0063972 0.0049747 0.0049777 0.0042598 0.0056803 0.0042533 0.0043061 0.0049690 0.0049653 0.0050456 0.0372613 0.0333859 0.0332966 0.0325276 0.0315245 0.0309908 0.0310034 0.0317688 0.0302043 0.0309731 0.0313717 0.0241068 0.0233197 0.0308178 0.0240279 0.0293233 0.0273811 0.0364385 0.0387722 0.0363908 0.0331923 0.0377774 0.0379431 0.0364660 0.0387138 0.0380284 0.0371459 0.0371883 0.0378641 0.0380005 0.0387905 0.0379401 0.0362800 0.0356006 0.0309768 0.0309453 0.0325327 0.0332977 0.0340652 0.0332276 0.0309166 0.0310465 0.0324808 0.0317244 0.0318038 0.0293969 0.0309658 0.0309144 0.0279992 0.0301808 0.0309121 0.0309543 0.0301252 0.0301835 0.0270777 0.0278342 0.0285906 0.0293771 0.0278919 0.0302604 0.0279188 0.0286336 0.0278615 0.0293890 0.0293918 0.0293627 0.0278926 0.0286808 0.0271276 0.0286389 0.0256047 0.0278581 0.0263303 0.0279271 0.0263193 0.0278585 0.0278818 0.0263617 0.0270953 0.0270784 0.0274529 0.0270739 0.0257085 0.0263464 0.0248125 0.0242117 0.0240679 
L13718.1_Symbiodinium_meandrinae                                   0.0680023 0.0619366 0.0348361 0.0342693 0.0327126 0.0158959 0.0136715 0.0100207 0.0121968 0.0093001 0.0000000 0.0078674 0.0107569 0.0100264 0.0085795 0.0078518 0.0014194 0.0035454 0.0028411 0.0028345 0.0028382 0.0078632 0.0064179 0.0064204 0.0071287 0.0057020 0.0057055 0.0049842 0.0064089 0.0049766 0.0050386 0.0056955 0.0056911 0.0057835 0.0398527 0.0359305 0.0358333 0.0350551 0.0340819 0.0327411 0.0343082 0.0342879 0.0334939 0.0334804 0.0339150 0.0265290 0.0272554 0.0333107 0.0264414 0.0318007 0.0298644 0.0421700 0.0445486 0.0421141 0.0388354 0.0435019 0.0436961 0.0422024 0.0444807 0.0437964 0.0428803 0.0429302 0.0436032 0.0437633 0.0445703 0.0428902 0.0419838 0.0413055 0.0365926 0.0365548 0.0381822 0.0389615 0.0397429 0.0388779 0.0365203 0.0366767 0.0381207 0.0373508 0.0374460 0.0349723 0.0365792 0.0365175 0.0335726 0.0342101 0.0365147 0.0342530 0.0349137 0.0357787 0.0303126 0.0295549 0.0341417 0.0349484 0.0334414 0.0358711 0.0334745 0.0341941 0.0334048 0.0349630 0.0349662 0.0349312 0.0334427 0.0342512 0.0326617 0.0342006 0.0311073 0.0334004 0.0318407 0.0334846 0.0318271 0.0334010 0.0334296 0.0318789 0.0326220 0.0326014 0.0330576 0.0325956 0.0312349 0.0318603 0.0302916 0.0297132 0.0295344 
KU188508.1_Symbiodinium_sp.                                        0.0687020 0.0626813 0.0356562 0.0334628 0.0319107 0.0136839 0.0114759 0.0078485 0.0100117 0.0071313 0.0078674 0.0000000 0.0085783 0.0078529 0.0064142 0.0056924 0.0064346 0.0071242 0.0064228 0.0049764 0.0064162 0.0056919 0.0042586 0.0042603 0.0049743 0.0035471 0.0035492 0.0028348 0.0042591 0.0028348 0.0028700 0.0035484 0.0035457 0.0036031 0.0390278 0.0351170 0.0350222 0.0342463 0.0332625 0.0327372 0.0335008 0.0334810 0.0326897 0.0326766 0.0331000 0.0242380 0.0249628 0.0309869 0.0241582 0.0294839 0.0275323 0.0389902 0.0413502 0.0389388 0.0364724 0.0411132 0.0412957 0.0398062 0.0420758 0.0413898 0.0404862 0.0405330 0.0412085 0.0413589 0.0421602 0.0412922 0.0396009 0.0389209 0.0342369 0.0342017 0.0358152 0.0365899 0.0373669 0.0365119 0.0341696 0.0343151 0.0357576 0.0349921 0.0350807 0.0326307 0.0342245 0.0341671 0.0312292 0.0334271 0.0341645 0.0334471 0.0325763 0.0334302 0.0295199 0.0302849 0.0318089 0.0326085 0.0311079 0.0335162 0.0311384 0.0318574 0.0310739 0.0326220 0.0326250 0.0325924 0.0311090 0.0319104 0.0303333 0.0318634 0.0287894 0.0310699 0.0295208 0.0311478 0.0295083 0.0310704 0.0310968 0.0295562 0.0302966 0.0302776 0.0307000 0.0302724 0.0289071 0.0295390 0.0279821 0.0273931 0.0272289 
AB055917.1_Symbiodinium_sp.                                        0.0721172 0.0618041 0.0355916 0.0357385 0.0341800 0.0107389 0.0085564 0.0107309 0.0071099 0.0100104 0.0107569 0.0085783 0.0000000 0.0049685 0.0035429 0.0028298 0.0093192 0.0100004 0.0093020 0.0078409 0.0092925 0.0085737 0.0071275 0.0071302 0.0064030 0.0064115 0.0064154 0.0056934 0.0056855 0.0056848 0.0057555 0.0049736 0.0049698 0.0043261 0.0413305 0.0374052 0.0373039 0.0365251 0.0347967 0.0342819 0.0357788 0.0357577 0.0349621 0.0349481 0.0354012 0.0272492 0.0279748 0.0324794 0.0271593 0.0309745 0.0290361 0.0412976 0.0436667 0.0412431 0.0379803 0.0426292 0.0404123 0.0389274 0.0411893 0.0405040 0.0396068 0.0412109 0.0418838 0.0420364 0.0436878 0.0419688 0.0411159 0.0404382 0.0357441 0.0357073 0.0357795 0.0372717 0.0365005 0.0380217 0.0356737 0.0358259 0.0372668 0.0364999 0.0365925 0.0341317 0.0357311 0.0356710 0.0327338 0.0349310 0.0356683 0.0349518 0.0340747 0.0349342 0.0310122 0.0317789 0.0333057 0.0341085 0.0326064 0.0350242 0.0326385 0.0333566 0.0325707 0.0341226 0.0341258 0.0340917 0.0326076 0.0334122 0.0318299 0.0333629 0.0318277 0.0325665 0.0310133 0.0326483 0.0310001 0.0325671 0.0325948 0.0310505 0.0317913 0.0317713 0.0322147 0.0317657 0.0304057 0.0310323 0.0294706 0.0288894 0.0287161 
AJ271757.1_Symbiodinium_sp.                                        0.0712334 0.0609539 0.0348156 0.0349481 0.0333931 0.0100097 0.0078330 0.0100023 0.0063904 0.0092830 0.0100264 0.0078529 0.0049685 0.0000000 0.0028305 0.0021195 0.0085909 0.0092738 0.0085750 0.0071186 0.0085663 0.0078487 0.0064062 0.0064086 0.0056840 0.0056915 0.0056950 0.0049751 0.0049681 0.0049676 0.0050293 0.0042574 0.0042541 0.0043230 0.0405262 0.0366091 0.0365102 0.0357330 0.0347723 0.0342576 0.0349876 0.0349669 0.0341735 0.0341598 0.0346023 0.0264778 0.0272029 0.0316999 0.0263906 0.0301975 0.0282541 0.0404941 0.0428582 0.0404407 0.0371874 0.0418274 0.0420131 0.0405250 0.0427931 0.0421088 0.0412032 0.0412508 0.0419243 0.0412958 0.0428789 0.0420095 0.0403162 0.0396379 0.0349537 0.0349177 0.0349883 0.0373072 0.0380841 0.0372277 0.0348850 0.0350335 0.0364739 0.0357084 0.0357989 0.0333461 0.0349410 0.0348824 0.0319477 0.0341431 0.0348798 0.0341635 0.0332906 0.0341462 0.0302342 0.0309993 0.0325231 0.0333235 0.0318236 0.0342341 0.0318549 0.0325727 0.0317889 0.0333373 0.0333403 0.0333070 0.0318248 0.0326269 0.0310489 0.0325789 0.0310468 0.0317848 0.0302353 0.0318644 0.0302224 0.0317853 0.0318123 0.0302715 0.0310114 0.0309918 0.0314239 0.0309865 0.0296251 0.0302538 0.0286962 0.0281115 0.0279431 
AB863030.1_Symbiodinium_sp.                                        0.0695241 0.0593056 0.0332425 0.0334024 0.0318531 0.0085651 0.0063979 0.0085588 0.0049619 0.0078415 0.0085795 0.0064142 0.0035429 0.0028305 0.0000000 0.0007046 0.0071469 0.0078338 0.0071338 0.0056852 0.0071264 0.0064108 0.0049741 0.0049761 0.0042558 0.0042614 0.0042640 0.0035476 0.0035427 0.0035422 0.0035862 0.0028334 0.0028313 0.0028770 0.0389569 0.0350533 0.0349589 0.0341844 0.0332014 0.0326766 0.0334402 0.0334205 0.0326307 0.0326176 0.0330395 0.0249635 0.0256878 0.0301732 0.0248813 0.0286747 0.0267203 0.0389261 0.0412820 0.0388748 0.0356379 0.0402636 0.0404418 0.0389557 0.0412194 0.0405336 0.0396356 0.0396812 0.0403567 0.0405035 0.0413018 0.0404384 0.0387554 0.0380757 0.0334079 0.0333736 0.0334408 0.0357523 0.0365267 0.0356763 0.0333424 0.0334839 0.0349241 0.0341610 0.0342472 0.0318087 0.0333958 0.0333400 0.0304084 0.0326018 0.0333374 0.0326212 0.0317558 0.0326047 0.0287096 0.0294721 0.0309910 0.0317872 0.0302907 0.0326884 0.0303203 0.0310381 0.0302576 0.0318002 0.0318032 0.0317715 0.0302917 0.0310896 0.0295189 0.0310439 0.0295170 0.0302538 0.0287105 0.0303294 0.0286983 0.0302543 0.0302799 0.0287448 0.0294834 0.0294649 0.0298750 0.0294598 0.0280948 0.0287281 0.0271774 0.0265855 0.0264265 
AB016579.1_Symbiodinium_sp.                                        0.0686077 0.0584313 0.0324305 0.0326043 0.0310593 0.0078387 0.0056779 0.0078330 0.0042462 0.0071172 0.0078518 0.0056924 0.0028298 0.0021195 0.0007046 0.0000000 0.0064218 0.0071102 0.0064101 0.0049666 0.0064035 0.0056893 0.0042567 0.0042583 0.0035408 0.0035455 0.0035476 0.0028335 0.0028296 0.0028293 0.0028643 0.0021217 0.0021201 0.0021542 0.0381419 0.0342486 0.0341566 0.0333842 0.0323906 0.0318610 0.0326413 0.0326221 0.0318348 0.0318221 0.0322330 0.0241885 0.0249119 0.0293876 0.0241091 0.0278923 0.0259340 0.0381118 0.0404614 0.0380616 0.0348360 0.0394503 0.0396245 0.0381407 0.0404001 0.0397142 0.0388209 0.0388655 0.0395414 0.0396848 0.0404807 0.0396213 0.0379450 0.0372651 0.0326098 0.0325764 0.0326418 0.0349474 0.0357199 0.0348734 0.0325460 0.0326837 0.0341226 0.0333614 0.0334454 0.0310162 0.0325980 0.0325436 0.0296161 0.0318066 0.0325412 0.0318256 0.0309648 0.0318095 0.0279263 0.0286868 0.0302019 0.0309953 0.0295019 0.0318910 0.0295306 0.0302477 0.0294696 0.0310079 0.0310108 0.0309800 0.0295028 0.0302978 0.0287322 0.0302533 0.0287303 0.0294660 0.0279271 0.0295394 0.0279153 0.0294664 0.0294912 0.0279605 0.0286977 0.0286797 0.0290782 0.0286749 0.0273091 0.0279442 0.0263984 0.0258033 0.0256492 
L13717.1_Symbiodinium_corculorum                                   0.0663848 0.0603576 0.0333060 0.0327643 0.0312114 0.0144449 0.0122275 0.0085860 0.0107569 0.0078664 0.0014194 0.0064346 0.0093192 0.0085909 0.0071469 0.0064218 0.0000000 0.0021264 0.0014200 0.0014167 0.0014186 0.0064311 0.0049899 0.0049918 0.0057009 0.0042749 0.0042775 0.0035588 0.0049829 0.0035534 0.0035976 0.0042700 0.0042668 0.0043360 0.0375560 0.0344175 0.0343246 0.0335482 0.0325522 0.0312040 0.0328016 0.0327823 0.0319909 0.0319780 0.0323929 0.0250443 0.0257709 0.0318161 0.0249617 0.0303081 0.0283587 0.0406449 0.0430182 0.0405911 0.0373248 0.0419825 0.0421696 0.0406761 0.0429526 0.0422661 0.0413565 0.0414045 0.0420802 0.0422343 0.0430391 0.0413660 0.0404657 0.0397852 0.0350830 0.0350467 0.0366680 0.0374456 0.0382255 0.0373654 0.0350137 0.0351634 0.0366089 0.0358405 0.0359316 0.0334690 0.0350702 0.0350111 0.0320658 0.0327080 0.0350085 0.0327490 0.0334130 0.0342723 0.0288213 0.0280649 0.0326427 0.0334462 0.0319408 0.0343608 0.0319723 0.0326927 0.0319058 0.0334601 0.0334632 0.0334297 0.0319420 0.0327472 0.0311631 0.0326989 0.0296129 0.0319017 0.0303462 0.0319819 0.0303333 0.0319022 0.0319294 0.0303827 0.0311253 0.0311056 0.0315408 0.0311002 0.0297343 0.0303649 0.0288013 0.0282150 0.0280454 
AB055918.1_Symbiodinium_sp.                                        0.0669069 0.0608925 0.0339339 0.0333842 0.0318358 0.0151126 0.0129005 0.0092685 0.0114333 0.0085512 0.0035454 0.0071242 0.0100004 0.0092738 0.0078338 0.0071102 0.0021264 0.0000000 0.0021225 0.0021176 0.0021204 0.0071204 0.0056826 0.0056848 0.0063908 0.0049698 0.0049728 0.0042556 0.0056746 0.0042491 0.0043018 0.0049641 0.0049604 0.0050406 0.0389353 0.0350340 0.0349397 0.0341657 0.0331830 0.0318433 0.0334220 0.0334023 0.0326130 0.0325999 0.0330213 0.0256861 0.0264098 0.0324355 0.0256016 0.0309326 0.0289964 0.0412412 0.0436070 0.0411868 0.0379288 0.0425713 0.0427603 0.0412727 0.0435408 0.0428578 0.0419494 0.0419980 0.0426699 0.0428257 0.0436281 0.0427567 0.0410600 0.0403831 0.0356955 0.0356587 0.0372760 0.0380512 0.0388285 0.0379700 0.0356253 0.0357771 0.0372161 0.0364502 0.0365426 0.0340853 0.0356825 0.0356226 0.0326891 0.0348835 0.0356199 0.0333685 0.0340285 0.0348867 0.0294510 0.0286971 0.0332606 0.0340622 0.0325621 0.0349765 0.0325941 0.0333114 0.0325266 0.0340763 0.0340795 0.0340454 0.0325633 0.0333667 0.0317867 0.0333176 0.0302408 0.0325223 0.0309713 0.0326039 0.0309581 0.0325229 0.0325506 0.0310084 0.0317482 0.0317282 0.0321704 0.0317227 0.0296054 0.0309903 0.0294307 0.0288501 0.0286773 
X62650.1_S.pilosum                                                 0.0662547 0.0602414 0.0332424 0.0327028 0.0311528 0.0144183 0.0122051 0.0085702 0.0107371 0.0078520 0.0028411 0.0064228 0.0093020 0.0085750 0.0071338 0.0064101 0.0014200 0.0021225 0.0000000 0.0014142 0.0014160 0.0064193 0.0049808 0.0049827 0.0056904 0.0042671 0.0042697 0.0035523 0.0049738 0.0035469 0.0035910 0.0042622 0.0042590 0.0043280 0.0382585 0.0343526 0.0342601 0.0334851 0.0324900 0.0311440 0.0327399 0.0327207 0.0319308 0.0319180 0.0323314 0.0249976 0.0257229 0.0317568 0.0249153 0.0302516 0.0283052 0.0405681 0.0429368 0.0405145 0.0372547 0.0419035 0.0420899 0.0405991 0.0428714 0.0421860 0.0412784 0.0413262 0.0420008 0.0421544 0.0429575 0.0420863 0.0403895 0.0397101 0.0350170 0.0349809 0.0365989 0.0373750 0.0381534 0.0372952 0.0349480 0.0350971 0.0365400 0.0357731 0.0358639 0.0334063 0.0350042 0.0349454 0.0320055 0.0342048 0.0349428 0.0326875 0.0333505 0.0342080 0.0287674 0.0280125 0.0325817 0.0333836 0.0318810 0.0342961 0.0319123 0.0326314 0.0318461 0.0333974 0.0334005 0.0333671 0.0318821 0.0326858 0.0311048 0.0326376 0.0295575 0.0318420 0.0302895 0.0319219 0.0302766 0.0318425 0.0318696 0.0303259 0.0310671 0.0310475 0.0314811 0.0310421 0.0296785 0.0303081 0.0287475 0.0281621 0.0279931 
AB016723.1_Symbiodinium_sp.                                        0.0660784 0.0600850 0.0331589 0.0310917 0.0295512 0.0129261 0.0107269 0.0071146 0.0092700 0.0063998 0.0028345 0.0049764 0.0078409 0.0071186 0.0056852 0.0049666 0.0014167 0.0021176 0.0014142 0.0000000 0.0014127 0.0049738 0.0035441 0.0035455 0.0042516 0.0028339 0.0028356 0.0021233 0.0035392 0.0021201 0.0021463 0.0028306 0.0028285 0.0028741 0.0381629 0.0342673 0.0341752 0.0334023 0.0324085 0.0310655 0.0326590 0.0326398 0.0318521 0.0318393 0.0322506 0.0234344 0.0241574 0.0301600 0.0233575 0.0286622 0.0267086 0.0389088 0.0412636 0.0388575 0.0356222 0.0402458 0.0404238 0.0389384 0.0412010 0.0405155 0.0396180 0.0396636 0.0403388 0.0404854 0.0412833 0.0404204 0.0387383 0.0380588 0.0333932 0.0333589 0.0349647 0.0357364 0.0365105 0.0356605 0.0333277 0.0334691 0.0349086 0.0341459 0.0342321 0.0317947 0.0333811 0.0333253 0.0303950 0.0325874 0.0333228 0.0310776 0.0317419 0.0325904 0.0271843 0.0279440 0.0309774 0.0317732 0.0302775 0.0326740 0.0303070 0.0310245 0.0302444 0.0317862 0.0317892 0.0317575 0.0302784 0.0310759 0.0295060 0.0310303 0.0279684 0.0302406 0.0286979 0.0303161 0.0286858 0.0302410 0.0302666 0.0287323 0.0294705 0.0294520 0.0298617 0.0294470 0.0280825 0.0287155 0.0271656 0.0265739 0.0264150 
AB016724.1_Symbiodinium_sp.                                        0.0661810 0.0601757 0.0332065 0.0326680 0.0311198 0.0144033 0.0121925 0.0085614 0.0107261 0.0078439 0.0028382 0.0064162 0.0092925 0.0085663 0.0071264 0.0064035 0.0014186 0.0021204 0.0014160 0.0014127 0.0000000 0.0064127 0.0049756 0.0049776 0.0056846 0.0042627 0.0042653 0.0035487 0.0049687 0.0035433 0.0035873 0.0042578 0.0042546 0.0043235 0.0382176 0.0343160 0.0342236 0.0334495 0.0324549 0.0311102 0.0327051 0.0326859 0.0318969 0.0318841 0.0322966 0.0249713 0.0256958 0.0317232 0.0248891 0.0302196 0.0282751 0.0405247 0.0428907 0.0404712 0.0372151 0.0418589 0.0420449 0.0405557 0.0428255 0.0421407 0.0412343 0.0412820 0.0419560 0.0421092 0.0429115 0.0420413 0.0403465 0.0396677 0.0349798 0.0349437 0.0365599 0.0373352 0.0381127 0.0372555 0.0349109 0.0350597 0.0365011 0.0357351 0.0358256 0.0333708 0.0349670 0.0349083 0.0319714 0.0341685 0.0349057 0.0326528 0.0333152 0.0341716 0.0287371 0.0279829 0.0325472 0.0333482 0.0318472 0.0342596 0.0318785 0.0325968 0.0318123 0.0333620 0.0333651 0.0333317 0.0318483 0.0326511 0.0310718 0.0326030 0.0295262 0.0318082 0.0302575 0.0318880 0.0302446 0.0318088 0.0318358 0.0302938 0.0310342 0.0310147 0.0314474 0.0310093 0.0296470 0.0302761 0.0287172 0.0281322 0.0279635 
KU188515.1_Symbiodinium_sp.                                        0.0686575 0.0626418 0.0356349 0.0334433 0.0318921 0.0136763 0.0114687 0.0078443 0.0100063 0.0071275 0.0078632 0.0056919 0.0085737 0.0078487 0.0064108 0.0056893 0.0064311 0.0071204 0.0064193 0.0049738 0.0064127 0.0000000 0.0042564 0.0042580 0.0049717 0.0035452 0.0035473 0.0028333 0.0042569 0.0028333 0.0028685 0.0035465 0.0035438 0.0028783 0.0390047 0.0350963 0.0350017 0.0342263 0.0324576 0.0319274 0.0334812 0.0334615 0.0326707 0.0326576 0.0330805 0.0242242 0.0249486 0.0309690 0.0241445 0.0294669 0.0275164 0.0397522 0.0421148 0.0396997 0.0364510 0.0410888 0.0412711 0.0397825 0.0420508 0.0413651 0.0404622 0.0405089 0.0411840 0.0413342 0.0421350 0.0412677 0.0395775 0.0388979 0.0342169 0.0341817 0.0357942 0.0365684 0.0373449 0.0364905 0.0341497 0.0342950 0.0357367 0.0349716 0.0350601 0.0326117 0.0342045 0.0341471 0.0312110 0.0334076 0.0341446 0.0334276 0.0325574 0.0334107 0.0295029 0.0302675 0.0317905 0.0325896 0.0310899 0.0334967 0.0311204 0.0318389 0.0310559 0.0326030 0.0326061 0.0325735 0.0310909 0.0318918 0.0303158 0.0318449 0.0287728 0.0310519 0.0295038 0.0311297 0.0294913 0.0310524 0.0310788 0.0295392 0.0302792 0.0302601 0.0306821 0.0302549 0.0288904 0.0295219 0.0279661 0.0273774 0.0272133 
KU188511.1_Symbiodinium_sp.                                        0.0669003 0.0609362 0.0340305 0.0318760 0.0303319 0.0122067 0.0100109 0.0064026 0.0085561 0.0056882 0.0064179 0.0042586 0.0071275 0.0064062 0.0049741 0.0042567 0.0049899 0.0056826 0.0049808 0.0035441 0.0049756 0.0042564 0.0000000 0.0028318 0.0035426 0.0021220 0.0021233 0.0014132 0.0028311 0.0014132 0.0014307 0.0021228 0.0021212 0.0021552 0.0374091 0.0335176 0.0334276 0.0326554 0.0316503 0.0311153 0.0319122 0.0318935 0.0311070 0.0310945 0.0314962 0.0226993 0.0234224 0.0294205 0.0226248 0.0279235 0.0259633 0.0381549 0.0405072 0.0381046 0.0348751 0.0394947 0.0396692 0.0381838 0.0404458 0.0397591 0.0388647 0.0389094 0.0395859 0.0397297 0.0405265 0.0396660 0.0379877 0.0373071 0.0326465 0.0326130 0.0342159 0.0349868 0.0357602 0.0349126 0.0325826 0.0327206 0.0341610 0.0333989 0.0327188 0.0310511 0.0326347 0.0325802 0.0296495 0.0318424 0.0325777 0.0318614 0.0309995 0.0318452 0.0279576 0.0287189 0.0302358 0.0310300 0.0295350 0.0319270 0.0295638 0.0302817 0.0295027 0.0310427 0.0310456 0.0310147 0.0295359 0.0303318 0.0287645 0.0302873 0.0272288 0.0294990 0.0279584 0.0295726 0.0279466 0.0294995 0.0295243 0.0279918 0.0287299 0.0287118 0.0291113 0.0287070 0.0273398 0.0279755 0.0264279 0.0258323 0.0256779 
KU188514.1_Symbiodinium_sp.                                        0.0669324 0.0609646 0.0340453 0.0318896 0.0303448 0.0122115 0.0100147 0.0064050 0.0085594 0.0056904 0.0064204 0.0042603 0.0071302 0.0064086 0.0049761 0.0042583 0.0049918 0.0056848 0.0049827 0.0035455 0.0049776 0.0042580 0.0028318 0.0000000 0.0035440 0.0021228 0.0021241 0.0014138 0.0028321 0.0014138 0.0014313 0.0021236 0.0021220 0.0021562 0.0374253 0.0335319 0.0334419 0.0326694 0.0316640 0.0311288 0.0319258 0.0319071 0.0311202 0.0311077 0.0315098 0.0227086 0.0234321 0.0294329 0.0226341 0.0279352 0.0259742 0.0381714 0.0405249 0.0381211 0.0348901 0.0395118 0.0396865 0.0382004 0.0404634 0.0397765 0.0388816 0.0389263 0.0396031 0.0397470 0.0405443 0.0396833 0.0380042 0.0373233 0.0326604 0.0326269 0.0342306 0.0350019 0.0357756 0.0349276 0.0325964 0.0327346 0.0341756 0.0334132 0.0334975 0.0310642 0.0326486 0.0325941 0.0296621 0.0318559 0.0325916 0.0318749 0.0310126 0.0318588 0.0279693 0.0287310 0.0302485 0.0310432 0.0295475 0.0319406 0.0295763 0.0302945 0.0295151 0.0310559 0.0310588 0.0310279 0.0295484 0.0303447 0.0287766 0.0303001 0.0272402 0.0295114 0.0279701 0.0295851 0.0279583 0.0295119 0.0295368 0.0280036 0.0287419 0.0287239 0.0291237 0.0287190 0.0273513 0.0279873 0.0264389 0.0258431 0.0256886 
AF238256.1_Symbiodinium_sp._Type_A                                 0.0677251 0.0600581 0.0332130 0.0326079 0.0310627 0.0114677 0.0092789 0.0071116 0.0078288 0.0063972 0.0071287 0.0049743 0.0064030 0.0056840 0.0042558 0.0035408 0.0057009 0.0063908 0.0056904 0.0042516 0.0056846 0.0049717 0.0035426 0.0035440 0.0000000 0.0028327 0.0028344 0.0021224 0.0021194 0.0021192 0.0021454 0.0014126 0.0014115 0.0014340 0.0381462 0.0342524 0.0341604 0.0333878 0.0323942 0.0318646 0.0326448 0.0326257 0.0318383 0.0318255 0.0322365 0.0234244 0.0241471 0.0301471 0.0233475 0.0286498 0.0266970 0.0388918 0.0412455 0.0388406 0.0356067 0.0402283 0.0404061 0.0389213 0.0411830 0.0404978 0.0396007 0.0396463 0.0403212 0.0404677 0.0412653 0.0404028 0.0387214 0.0380422 0.0333787 0.0333445 0.0349496 0.0357209 0.0364946 0.0356451 0.0333133 0.0334545 0.0348935 0.0341311 0.0342172 0.0317810 0.0333667 0.0333109 0.0303818 0.0325733 0.0333084 0.0325927 0.0317282 0.0325763 0.0286847 0.0294465 0.0309641 0.0317595 0.0302644 0.0326599 0.0302939 0.0310111 0.0302313 0.0317725 0.0317755 0.0317438 0.0302654 0.0310625 0.0294933 0.0310169 0.0279564 0.0302275 0.0286856 0.0303030 0.0286735 0.0302280 0.0302535 0.0287199 0.0294578 0.0294393 0.0298487 0.0294343 0.0280703 0.0287032 0.0271539 0.0265624 0.0264037 
KU188513.1_Symbiodinium_sp.                                        0.0660842 0.0601388 0.0332582 0.0311199 0.0295780 0.0114829 0.0092912 0.0056883 0.0078392 0.0049747 0.0057020 0.0035471 0.0064115 0.0056915 0.0042614 0.0035455 0.0042749 0.0049698 0.0042671 0.0028339 0.0042627 0.0035452 0.0021220 0.0021228 0.0028327 0.0000000 0.0014148 0.0007056 0.0021222 0.0007056 0.0007150 0.0014145 0.0014134 0.0014361 0.0366438 0.0327572 0.0326694 0.0318982 0.0308819 0.0303417 0.0311553 0.0311371 0.0303520 0.0303398 0.0307317 0.0219564 0.0226795 0.0286715 0.0218844 0.0271758 0.0252094 0.0373894 0.0397387 0.0373401 0.0341172 0.0387318 0.0389028 0.0374177 0.0396785 0.0389908 0.0380997 0.0381435 0.0388212 0.0389620 0.0397576 0.0388997 0.0372257 0.0365441 0.0318894 0.0318568 0.0334563 0.0342263 0.0349988 0.0341538 0.0318271 0.0319617 0.0334026 0.0326414 0.0327236 0.0302975 0.0318780 0.0318248 0.0288944 0.0310872 0.0318224 0.0311057 0.0302472 0.0310900 0.0272090 0.0279693 0.0294844 0.0302770 0.0287830 0.0311697 0.0288110 0.0295291 0.0287515 0.0302893 0.0302922 0.0302620 0.0287838 0.0295780 0.0280136 0.0295346 0.0264803 0.0287479 0.0272097 0.0288196 0.0271982 0.0287483 0.0287726 0.0272422 0.0279799 0.0279624 0.0283512 0.0279577 0.0265882 0.0272264 0.0256815 0.0250822 0.0249323 
KU188510.1_Symbiodinium_sp.                                        0.0661324 0.0601815 0.0332807 0.0311405 0.0295974 0.0114901 0.0092969 0.0056918 0.0078440 0.0049777 0.0057055 0.0035492 0.0064154 0.0056950 0.0042640 0.0035476 0.0042775 0.0049728 0.0042697 0.0028356 0.0042653 0.0035473 0.0021233 0.0021241 0.0028344 0.0014148 0.0000000 0.0007067 0.0021235 0.0007067 0.0007154 0.0014153 0.0014143 0.0014361 0.0366684 0.0327790 0.0326910 0.0319193 0.0309026 0.0303622 0.0311759 0.0311577 0.0303720 0.0303598 0.0307522 0.0219706 0.0226941 0.0286902 0.0218985 0.0271935 0.0252259 0.0374144 0.0397655 0.0373651 0.0341399 0.0387577 0.0389289 0.0374428 0.0397052 0.0390171 0.0381253 0.0381691 0.0388473 0.0389883 0.0397845 0.0389258 0.0372506 0.0365685 0.0319105 0.0318778 0.0334785 0.0342491 0.0350221 0.0341765 0.0318481 0.0319829 0.0334248 0.0326630 0.0327453 0.0303174 0.0318991 0.0318458 0.0289134 0.0311077 0.0318434 0.0311262 0.0302671 0.0311105 0.0272267 0.0279876 0.0295037 0.0302969 0.0288019 0.0311903 0.0288299 0.0295485 0.0287703 0.0303092 0.0303121 0.0302819 0.0288027 0.0295974 0.0280319 0.0295540 0.0264975 0.0287667 0.0272274 0.0288385 0.0272159 0.0287672 0.0287914 0.0272600 0.0279982 0.0279806 0.0283700 0.0279759 0.0266056 0.0272441 0.0256982 0.0250985 0.0249485 
KU188509.1_Symbiodinium_sp.                                        0.0652256 0.0593041 0.0324677 0.0303472 0.0288084 0.0107533 0.0085679 0.0049723 0.0071194 0.0042598 0.0049842 0.0028348 0.0056934 0.0049751 0.0035476 0.0028335 0.0035588 0.0042556 0.0035523 0.0021233 0.0035487 0.0028333 0.0014132 0.0014138 0.0021224 0.0007056 0.0007067 0.0000000 0.0014134 0.0000010 0.0000010 0.0007060 0.0007056 0.0007177 0.0358582 0.0319792 0.0318935 0.0311239 0.0300967 0.0295516 0.0303817 0.0303640 0.0295808 0.0295690 0.0299505 0.0212027 0.0219253 0.0279075 0.0211332 0.0264140 0.0244424 0.0366031 0.0389479 0.0365549 0.0333408 0.0379474 0.0381146 0.0366308 0.0388889 0.0382006 0.0373135 0.0373562 0.0380349 0.0381725 0.0389664 0.0381116 0.0364431 0.0357608 0.0311153 0.0310835 0.0326786 0.0334472 0.0342182 0.0333764 0.0310545 0.0311856 0.0326262 0.0318663 0.0319464 0.0295278 0.0311042 0.0310523 0.0281241 0.0303154 0.0310500 0.0303335 0.0294789 0.0303181 0.0264462 0.0272051 0.0287175 0.0295078 0.0280158 0.0303958 0.0280430 0.0287609 0.0279851 0.0295198 0.0295226 0.0294932 0.0280166 0.0288085 0.0272480 0.0287662 0.0257180 0.0279817 0.0264468 0.0280513 0.0264357 0.0279821 0.0280056 0.0264785 0.0272154 0.0271983 0.0275762 0.0271938 0.0258227 0.0264631 0.0249220 0.0243191 0.0241740 
AY456113.1_Symbiodinium_sp.                                        0.0668581 0.0592195 0.0324209 0.0318309 0.0302890 0.0107383 0.0085559 0.0063936 0.0071095 0.0056803 0.0064089 0.0042591 0.0056855 0.0049681 0.0035427 0.0028296 0.0049829 0.0056746 0.0049738 0.0035392 0.0049687 0.0042569 0.0028311 0.0028321 0.0021194 0.0021222 0.0021235 0.0014134 0.0000000 0.0014113 0.0014287 0.0007051 0.0007046 0.0007167 0.0373559 0.0334700 0.0333802 0.0326092 0.0316047 0.0310702 0.0318670 0.0318484 0.0310629 0.0310505 0.0314511 0.0226672 0.0233893 0.0293791 0.0225929 0.0278842 0.0259263 0.0381007 0.0404497 0.0380506 0.0348259 0.0394390 0.0396130 0.0381296 0.0403885 0.0397026 0.0388097 0.0388542 0.0395300 0.0396733 0.0404690 0.0396098 0.0379341 0.0372543 0.0326002 0.0325669 0.0341674 0.0349372 0.0357095 0.0348632 0.0325365 0.0326741 0.0341126 0.0333516 0.0334356 0.0310072 0.0325885 0.0325342 0.0296074 0.0317973 0.0325317 0.0318163 0.0309558 0.0318002 0.0279181 0.0286784 0.0301931 0.0309862 0.0294932 0.0318817 0.0295219 0.0302389 0.0294610 0.0309989 0.0310018 0.0309709 0.0294941 0.0302889 0.0287238 0.0302445 0.0271903 0.0294573 0.0279189 0.0295307 0.0279071 0.0294578 0.0294826 0.0279523 0.0286893 0.0286713 0.0290696 0.0286665 0.0273010 0.0279360 0.0263906 0.0257956 0.0256417 
LK934669.1_Symbiodinium_microadriaticum                            0.0651724 0.0592092 0.0324160 0.0302998 0.0287634 0.0107369 0.0085549 0.0049647 0.0071086 0.0042533 0.0049766 0.0028348 0.0056848 0.0049676 0.0035422 0.0028293 0.0035534 0.0042491 0.0035469 0.0021201 0.0035433 0.0028333 0.0014132 0.0014138 0.0021192 0.0007056 0.0007067 0.0000010 0.0014113 0.0000000 0.0000010 0.0007051 0.0007046 0.0007167 0.0358019 0.0319290 0.0318437 0.0310752 0.0300489 0.0295043 0.0303342 0.0303165 0.0295346 0.0295228 0.0299032 0.0211698 0.0218913 0.0278642 0.0211005 0.0263730 0.0244041 0.0365456 0.0388866 0.0364975 0.0332888 0.0378880 0.0380547 0.0365732 0.0388278 0.0381405 0.0372550 0.0372976 0.0379753 0.0381125 0.0389050 0.0380517 0.0363861 0.0357048 0.0310666 0.0310349 0.0326275 0.0333948 0.0341646 0.0333243 0.0310061 0.0311368 0.0325752 0.0318165 0.0318964 0.0294818 0.0310556 0.0310039 0.0280801 0.0302681 0.0310016 0.0302861 0.0294330 0.0302708 0.0264051 0.0271628 0.0286728 0.0294619 0.0279722 0.0303482 0.0279993 0.0287161 0.0279416 0.0294738 0.0294766 0.0294473 0.0279729 0.0287635 0.0272056 0.0287214 0.0256780 0.0279382 0.0264057 0.0280076 0.0263947 0.0279386 0.0279620 0.0264373 0.0271730 0.0271560 0.0275328 0.0271515 0.0257824 0.0264219 0.0248833 0.0242812 0.0241365 
KC848879.1_Symbiodinium_sp._clade_A                                0.0660608 0.0599998 0.0328425 0.0306906 0.0291338 0.0108724 0.0086615 0.0050264 0.0071970 0.0043061 0.0050386 0.0028700 0.0057555 0.0050293 0.0035862 0.0028643 0.0035976 0.0043018 0.0035910 0.0021463 0.0035873 0.0028685 0.0014307 0.0014313 0.0021454 0.0007150 0.0007154 0.0000010 0.0014287 0.0000010 0.0000000 0.0007142 0.0007136 0.0007250 0.0362675 0.0323427 0.0322551 0.0314765 0.0304430 0.0298940 0.0307260 0.0307078 0.0299153 0.0299032 0.0299032 0.0214399 0.0221705 0.0282208 0.0213688 0.0267104 0.0244041 0.0370208 0.0393934 0.0369715 0.0337183 0.0383786 0.0385497 0.0370492 0.0393331 0.0386377 0.0377388 0.0377826 0.0384681 0.0386089 0.0386303 0.0385465 0.0360668 0.0361678 0.0314677 0.0314351 0.0314285 0.0338271 0.0346072 0.0337548 0.0314055 0.0307561 0.0329960 0.0322272 0.0323092 0.0298610 0.0314563 0.0314033 0.0284424 0.0306581 0.0314009 0.0306766 0.0298110 0.0306608 0.0267433 0.0275110 0.0290408 0.0298406 0.0283317 0.0307403 0.0283595 0.0290853 0.0283003 0.0298529 0.0298557 0.0298257 0.0283324 0.0291339 0.0275549 0.0290907 0.0260071 0.0282968 0.0267440 0.0283680 0.0267326 0.0282972 0.0283213 0.0267763 0.0275215 0.0275040 0.0275328 0.0274994 0.0261141 0.0267606 0.0252014 0.0245933 0.0244449 
