130
GU362426_Gymnodinium_catenatum                                     0.0000000 0.0453773 0.0657537 0.0704192 0.0687153 0.0771826 0.0753219 0.0692400 0.0735081 0.0647899 0.0678005 0.0685018 0.0719040 0.0710223 0.0693220 0.0684094 0.0684094 0.0661926 0.0667173 0.0660616 0.0658916 0.0659894 0.0684550 0.0667101 0.0667400 0.0675283 0.0658941 0.0659447 0.0650404 0.0666672 0.0649882 0.0649882 0.0658692 0.0658647 0.0658118 0.0658118 0.0652494 0.0734002 0.0673241 0.0671288 0.0662888 0.0662888 0.0657795 0.0664439 0.0664362 0.0654688 0.0655176 0.0663678 0.0663678 0.0672636 0.0629153 0.0627578 0.0677117 0.0635141 0.0660946 0.0644036 0.0741372 0.0767152 0.0740394 0.0694541 0.0693853 0.0749015 0.0731258 0.0765852 0.0759339 0.0748447 0.0740933 0.0730040 0.0732808 0.0767665 0.0740400 0.0737894 0.0714124 0.0696486 0.0695729 0.0696731 0.0696731 0.0723076 0.0706293 0.0704095 0.0695666 0.0707257 0.0679783 0.0705138 0.0706977 0.0635031 0.0696754 0.0695664 0.0664872 0.0687832 0.0678901 0.0656174 0.0669438 0.0679201 0.0603276 0.0595177 0.0595177 0.0669354 0.0678427 0.0662483 0.0689820 0.0663164 0.0678886 0.0661716 0.0678706 0.0678778 0.0678115 0.0671044 0.0663277 0.0653948 0.0670543 0.0611741 0.0661587 0.0661028 0.0663373 0.0644276 0.0636776 0.0662257 0.0619074 0.0653142 0.0652668 0.0662143 0.0652553 0.0639642 0.0644901 0.0627564 0.0627564 0.0631897 0.0635880 0.0635880 
EF492511                                                           0.0453773 0.0000000 0.0450212 0.0637491 0.0620895 0.0675985 0.0649744 0.0632234 0.0632364 0.0613818 0.0618001 0.0625455 0.0616750 0.0608263 0.0591846 0.0583127 0.0583127 0.0602286 0.0607659 0.0601115 0.0599604 0.0600470 0.0625039 0.0608082 0.0608347 0.0599300 0.0600114 0.0600554 0.0591805 0.0590961 0.0590871 0.0590871 0.0598715 0.0583141 0.0582681 0.0582681 0.0575640 0.0664593 0.0605658 0.0603948 0.0579643 0.0579643 0.0572961 0.0578617 0.0613690 0.0587787 0.0604783 0.0596468 0.0596468 0.0604358 0.0531072 0.0520510 0.0536966 0.0512956 0.0521362 0.0503584 0.0680074 0.0705160 0.0679196 0.0619122 0.0627018 0.0654743 0.0653977 0.0687504 0.0680977 0.0670648 0.0654631 0.0652926 0.0655329 0.0689089 0.0662789 0.0660610 0.0653692 0.0637638 0.0636960 0.0646362 0.0646362 0.0645997 0.0646013 0.0627791 0.0635842 0.0630833 0.0620528 0.0628703 0.0622053 0.0585740 0.0620554 0.0611421 0.0589807 0.0611942 0.0619512 0.0580999 0.0577792 0.0603583 0.0529962 0.0522076 0.0522076 0.0594180 0.0602917 0.0587352 0.0613668 0.0587936 0.0603313 0.0586681 0.0603154 0.0603220 0.0594493 0.0587393 0.0588035 0.0579074 0.0587057 0.0553171 0.0586575 0.0586090 0.0588115 0.0569830 0.0578509 0.0587147 0.0545579 0.0578382 0.0561932 0.0569911 0.0577879 0.0564936 0.0570371 0.0553610 0.0553610 0.0557346 0.0561686 0.0561686 
JF791031                                                           0.0657537 0.0450212 0.0000000 0.0417408 0.0401424 0.0403562 0.0387305 0.0379079 0.0371007 0.0354107 0.0347895 0.0356087 0.0355469 0.0347717 0.0332023 0.0323916 0.0323916 0.0332635 0.0338923 0.0331993 0.0331185 0.0331641 0.0355862 0.0339873 0.0340012 0.0331701 0.0332156 0.0332388 0.0324272 0.0323805 0.0323763 0.0323763 0.0328000 0.0316197 0.0315949 0.0315949 0.0313392 0.0441876 0.0402021 0.0400918 0.0393002 0.0393002 0.0391933 0.0378806 0.0393252 0.0385206 0.0384916 0.0376955 0.0376955 0.0381889 0.0321842 0.0336617 0.0374989 0.0336116 0.0359646 0.0340452 0.0448763 0.0472859 0.0448191 0.0407235 0.0430739 0.0440165 0.0448867 0.0471871 0.0465033 0.0455707 0.0456246 0.0454946 0.0456568 0.0473089 0.0463880 0.0455124 0.0448351 0.0408634 0.0408214 0.0416983 0.0416983 0.0392024 0.0424003 0.0407882 0.0399736 0.0401691 0.0416029 0.0408218 0.0393462 0.0384014 0.0400338 0.0376212 0.0362135 0.0391795 0.0383837 0.0377407 0.0375613 0.0392251 0.0328937 0.0321263 0.0321263 0.0375560 0.0383777 0.0360785 0.0393261 0.0368875 0.0368404 0.0368101 0.0383913 0.0383961 0.0360269 0.0368537 0.0368938 0.0376178 0.0360589 0.0368300 0.0352422 0.0336645 0.0368982 0.0352093 0.0368079 0.0368383 0.0336926 0.0360174 0.0359922 0.0356594 0.0359877 0.0346229 0.0352422 0.0336486 0.0336486 0.0338718 0.0328806 0.0328806 
AY160124.1_Symbiodinium_sp._G15                                    0.0704192 0.0637491 0.0417408 0.0000000 0.0014078 0.0396516 0.0387940 0.0356709 0.0371926 0.0332367 0.0342226 0.0334187 0.0356937 0.0349044 0.0333623 0.0325656 0.0325656 0.0327217 0.0333424 0.0326596 0.0310537 0.0326255 0.0333981 0.0318360 0.0318487 0.0325655 0.0310805 0.0311017 0.0303097 0.0317910 0.0302630 0.0302630 0.0306513 0.0310441 0.0310202 0.0310202 0.0299770 0.0402154 0.0363357 0.0362386 0.0354679 0.0354679 0.0345114 0.0348423 0.0354898 0.0347079 0.0346824 0.0339081 0.0339081 0.0343421 0.0308810 0.0338622 0.0361042 0.0315332 0.0345980 0.0326996 0.0433734 0.0457386 0.0433190 0.0408312 0.0439155 0.0456723 0.0449604 0.0464485 0.0457741 0.0448588 0.0433228 0.0455809 0.0457410 0.0456663 0.0456626 0.0439605 0.0432925 0.0401755 0.0401349 0.0401321 0.0401321 0.0417381 0.0409639 0.0408702 0.0377587 0.0402615 0.0401239 0.0393576 0.0394518 0.0331440 0.0385846 0.0385282 0.0356056 0.0385648 0.0385225 0.0355696 0.0353992 0.0377920 0.0308305 0.0315922 0.0315922 0.0361582 0.0369630 0.0354656 0.0378876 0.0370324 0.0369858 0.0354251 0.0369758 0.0369803 0.0361804 0.0354663 0.0362708 0.0346869 0.0362168 0.0354488 0.0354200 0.0338669 0.0355084 0.0338561 0.0354231 0.0354518 0.0331355 0.0346479 0.0346241 0.0351025 0.0346199 0.0332738 0.0338873 0.0323252 0.0323252 0.0317621 0.0315713 0.0315713 
HE653239_Symbiodinium_voratum                                      0.0687153 0.0620895 0.0401424 0.0014078 0.0000000 0.0380797 0.0372283 0.0341173 0.0356347 0.0316974 0.0326700 0.0318705 0.0341391 0.0333533 0.0318168 0.0310242 0.0310242 0.0311726 0.0317978 0.0311135 0.0295168 0.0310811 0.0318509 0.0302956 0.0303076 0.0310241 0.0295422 0.0295623 0.0287745 0.0302528 0.0287303 0.0287303 0.0290982 0.0295078 0.0294851 0.0294851 0.0284214 0.0386501 0.0347843 0.0346917 0.0339238 0.0339238 0.0329455 0.0332607 0.0339446 0.0331661 0.0331418 0.0323706 0.0323706 0.0327843 0.0293533 0.0323270 0.0345634 0.0300082 0.0330614 0.0311520 0.0417956 0.0441521 0.0417432 0.0392698 0.0423442 0.0440882 0.0433763 0.0448620 0.0441861 0.0432786 0.0417470 0.0440003 0.0441543 0.0440823 0.0440789 0.0423874 0.0417179 0.0386117 0.0385728 0.0385702 0.0385702 0.0401685 0.0393969 0.0393071 0.0362072 0.0386940 0.0385622 0.0377984 0.0378886 0.0316093 0.0370280 0.0369741 0.0340550 0.0370091 0.0369686 0.0340208 0.0338583 0.0362390 0.0293053 0.0300643 0.0300643 0.0346150 0.0354153 0.0339216 0.0363305 0.0354817 0.0354371 0.0338829 0.0354276 0.0354319 0.0346361 0.0339222 0.0347224 0.0331461 0.0346708 0.0339056 0.0338781 0.0323314 0.0339623 0.0323212 0.0338810 0.0339083 0.0316013 0.0331090 0.0330863 0.0335426 0.0330823 0.0317328 0.0323508 0.0307959 0.0307959 0.0302256 0.0300444 0.0300444 
AJ271758.1_Symbiodinium_sp.                                        0.0771826 0.0675985 0.0403562 0.0396516 0.0380797 0.0000000 0.0136418 0.0158480 0.0121704 0.0151209 0.0158878 0.0136777 0.0107354 0.0100064 0.0085628 0.0078367 0.0078367 0.0144383 0.0151065 0.0144115 0.0129212 0.0143968 0.0136697 0.0122019 0.0122064 0.0114630 0.0114783 0.0114858 0.0107495 0.0107344 0.0107333 0.0107333 0.0108680 0.0100166 0.0100090 0.0100090 0.0101729 0.0453022 0.0413471 0.0412346 0.0404489 0.0404489 0.0395594 0.0390774 0.0396950 0.0396755 0.0388687 0.0388555 0.0388555 0.0393595 0.0310841 0.0318102 0.0363481 0.0309830 0.0348312 0.0329219 0.0452614 0.0476528 0.0452042 0.0419026 0.0465844 0.0467924 0.0452926 0.0475757 0.0468978 0.0459706 0.0460247 0.0466979 0.0468634 0.0476758 0.0467823 0.0450612 0.0443897 0.0396603 0.0396200 0.0396987 0.0396987 0.0420326 0.0428230 0.0419431 0.0395784 0.0397456 0.0411908 0.0404175 0.0405151 0.0380221 0.0396375 0.0395790 0.0366343 0.0388299 0.0387974 0.0396418 0.0379632 0.0388371 0.0356473 0.0364221 0.0364221 0.0371858 0.0379989 0.0364890 0.0389361 0.0380708 0.0372440 0.0364471 0.0380122 0.0380169 0.0379814 0.0364898 0.0373026 0.0357029 0.0372466 0.0357004 0.0364417 0.0348740 0.0365334 0.0348627 0.0364450 0.0364748 0.0349168 0.0356625 0.0356378 0.0361341 0.0356333 0.0342805 0.0348950 0.0333178 0.0333178 0.0327579 0.0325574 0.0325574 
AJ271759.1_Symbiodinium_sp.                                        0.0753219 0.0649744 0.0387305 0.0387940 0.0372283 0.0136418 0.0000000 0.0136307 0.0099823 0.0129076 0.0136648 0.0114700 0.0085537 0.0078306 0.0063963 0.0056765 0.0056765 0.0122222 0.0128944 0.0121995 0.0107230 0.0121871 0.0114635 0.0100071 0.0100108 0.0092753 0.0092877 0.0092936 0.0085649 0.0085529 0.0085520 0.0085520 0.0086582 0.0078385 0.0078326 0.0078326 0.0079602 0.0444199 0.0404804 0.0403706 0.0395880 0.0395880 0.0386878 0.0382010 0.0388364 0.0388174 0.0380142 0.0380014 0.0380014 0.0384929 0.0302606 0.0309849 0.0355075 0.0301624 0.0339958 0.0320840 0.0443801 0.0467619 0.0443242 0.0410385 0.0457028 0.0459061 0.0444106 0.0466865 0.0460090 0.0450881 0.0451409 0.0458138 0.0459755 0.0467844 0.0458963 0.0441845 0.0435134 0.0388026 0.0387633 0.0388400 0.0388400 0.0411653 0.0419525 0.0410779 0.0371555 0.0388857 0.0403278 0.0395574 0.0396526 0.0371724 0.0387803 0.0387233 0.0357862 0.0379764 0.0387176 0.0380052 0.0371150 0.0379834 0.0340373 0.0348078 0.0348078 0.0363406 0.0371498 0.0356447 0.0380800 0.0356778 0.0363973 0.0356039 0.0371628 0.0371673 0.0371327 0.0356455 0.0364544 0.0348619 0.0363998 0.0348595 0.0355987 0.0340374 0.0356880 0.0340264 0.0356018 0.0356308 0.0340791 0.0348225 0.0347985 0.0352817 0.0347942 0.0334420 0.0340579 0.0324875 0.0324875 0.0319246 0.0317298 0.0317298 
AJ271754.1_Symbiodinium_sp.                                        0.0692400 0.0632234 0.0379079 0.0356709 0.0341173 0.0158480 0.0136307 0.0000000 0.0121608 0.0092743 0.0100168 0.0078458 0.0107269 0.0099985 0.0085561 0.0078305 0.0078305 0.0085830 0.0092657 0.0085671 0.0071126 0.0085584 0.0078414 0.0064007 0.0064030 0.0071093 0.0056866 0.0056902 0.0049710 0.0063918 0.0049635 0.0049635 0.0050249 0.0056803 0.0056761 0.0056761 0.0057682 0.0396881 0.0357889 0.0356928 0.0349183 0.0349183 0.0339503 0.0334325 0.0341709 0.0341544 0.0333623 0.0333511 0.0333511 0.0337805 0.0249269 0.0256487 0.0316632 0.0248465 0.0301616 0.0282220 0.0404314 0.0427921 0.0403806 0.0371365 0.0417645 0.0419488 0.0404589 0.0427234 0.0420420 0.0411403 0.0404088 0.0410870 0.0412307 0.0428123 0.0403572 0.0402542 0.0395792 0.0349096 0.0348745 0.0364846 0.0364846 0.0372499 0.0380303 0.0371716 0.0348383 0.0349836 0.0364248 0.0356606 0.0357457 0.0333013 0.0348899 0.0348389 0.0319098 0.0340954 0.0348338 0.0333457 0.0332503 0.0341016 0.0301984 0.0309622 0.0309622 0.0324826 0.0332811 0.0325438 0.0341879 0.0318139 0.0325328 0.0317484 0.0332925 0.0332967 0.0332658 0.0317852 0.0325835 0.0310096 0.0325350 0.0279378 0.0317439 0.0301982 0.0318229 0.0301886 0.0317466 0.0317722 0.0302351 0.0309750 0.0309537 0.0313818 0.0309500 0.0295889 0.0302164 0.0286635 0.0286635 0.0280820 0.0279114 0.0279114 
AJ271756.1_Symbiodinium_sp.                                        0.0735081 0.0632364 0.0371007 0.0371926 0.0356347 0.0121704 0.0099823 0.0121608 0.0000000 0.0114404 0.0121909 0.0100082 0.0071083 0.0063890 0.0049610 0.0042455 0.0042455 0.0107532 0.0114298 0.0107332 0.0092674 0.0107223 0.0100026 0.0085536 0.0085568 0.0078265 0.0078369 0.0078419 0.0071175 0.0071076 0.0071069 0.0071069 0.0071948 0.0063954 0.0063906 0.0063906 0.0064944 0.0427877 0.0388666 0.0387616 0.0379827 0.0379827 0.0370601 0.0365633 0.0372334 0.0372152 0.0364168 0.0364045 0.0364045 0.0368741 0.0287011 0.0294240 0.0339295 0.0286083 0.0324235 0.0305024 0.0427495 0.0451201 0.0426958 0.0394308 0.0440751 0.0442703 0.0427787 0.0450474 0.0443691 0.0434572 0.0435078 0.0441817 0.0443370 0.0451415 0.0442610 0.0425617 0.0418898 0.0372010 0.0371635 0.0372367 0.0372367 0.0395520 0.0403355 0.0394684 0.0355654 0.0365073 0.0387205 0.0379535 0.0380444 0.0355816 0.0371798 0.0371254 0.0341947 0.0363807 0.0371199 0.0364082 0.0355269 0.0363874 0.0324631 0.0332300 0.0332300 0.0347561 0.0355600 0.0340601 0.0364796 0.0340916 0.0348101 0.0340212 0.0355723 0.0355767 0.0355437 0.0340608 0.0348645 0.0332813 0.0348124 0.0332790 0.0340163 0.0324630 0.0341012 0.0309315 0.0340193 0.0340468 0.0325027 0.0332439 0.0332210 0.0336811 0.0332170 0.0318626 0.0324826 0.0309210 0.0309210 0.0303511 0.0301664 0.0301664 
AJ271764.1_Symbiodinium_sp.                                        0.0647899 0.0613818 0.0354107 0.0332367 0.0316974 0.0151209 0.0129076 0.0092743 0.0114404 0.0000000 0.0092972 0.0071294 0.0100074 0.0092803 0.0078397 0.0071156 0.0071156 0.0078644 0.0085493 0.0078497 0.0063986 0.0078418 0.0071254 0.0056871 0.0056891 0.0063956 0.0049737 0.0049768 0.0042590 0.0056791 0.0042526 0.0042526 0.0043052 0.0049681 0.0049644 0.0049644 0.0050450 0.0372106 0.0333460 0.0332572 0.0324896 0.0324896 0.0314903 0.0309585 0.0309672 0.0317319 0.0301710 0.0309380 0.0309380 0.0313339 0.0240841 0.0232988 0.0307852 0.0240068 0.0292915 0.0273529 0.0363901 0.0387209 0.0363447 0.0331542 0.0377287 0.0378934 0.0364145 0.0386592 0.0379763 0.0370974 0.0371398 0.0378189 0.0379497 0.0387387 0.0378857 0.0362322 0.0355557 0.0309446 0.0309139 0.0324973 0.0324973 0.0332541 0.0340246 0.0331850 0.0308822 0.0310094 0.0324443 0.0316890 0.0317637 0.0293641 0.0309275 0.0308828 0.0279724 0.0301454 0.0308783 0.0309228 0.0300926 0.0301508 0.0270515 0.0278069 0.0278069 0.0285614 0.0293464 0.0278642 0.0302264 0.0278893 0.0286050 0.0278323 0.0293562 0.0293600 0.0293329 0.0278643 0.0286492 0.0270995 0.0286069 0.0255802 0.0278286 0.0263041 0.0278970 0.0262959 0.0278309 0.0278530 0.0263361 0.0270696 0.0270512 0.0274225 0.0270482 0.0256830 0.0263199 0.0247899 0.0247899 0.0241919 0.0240462 0.0240462 
L13718.1_Symbiodinium_meandrinae                                   0.0678005 0.0618001 0.0347895 0.0342226 0.0326700 0.0158878 0.0136648 0.0100168 0.0121909 0.0092972 0.0000000 0.0078651 0.0107534 0.0100232 0.0085772 0.0078498 0.0078498 0.0014192 0.0035448 0.0028405 0.0028341 0.0028376 0.0078607 0.0064165 0.0064188 0.0071268 0.0057006 0.0057042 0.0049832 0.0064075 0.0049757 0.0049757 0.0050373 0.0056943 0.0056900 0.0056900 0.0057826 0.0397933 0.0358831 0.0357865 0.0350098 0.0350098 0.0340406 0.0327032 0.0342604 0.0342438 0.0334495 0.0334383 0.0334383 0.0338699 0.0265008 0.0272249 0.0332714 0.0264150 0.0317622 0.0298300 0.0421031 0.0444782 0.0420500 0.0387811 0.0434349 0.0436276 0.0421319 0.0444064 0.0437251 0.0428133 0.0428632 0.0435402 0.0436935 0.0444993 0.0428196 0.0419177 0.0412429 0.0365454 0.0365085 0.0381310 0.0381310 0.0389004 0.0396854 0.0388181 0.0364704 0.0366234 0.0380682 0.0372997 0.0373892 0.0349244 0.0365246 0.0364710 0.0335319 0.0341641 0.0364656 0.0342105 0.0348706 0.0357310 0.0302767 0.0295201 0.0295201 0.0340984 0.0349031 0.0333998 0.0358217 0.0334306 0.0341514 0.0333614 0.0349152 0.0349195 0.0348870 0.0334004 0.0342049 0.0326197 0.0341537 0.0310697 0.0333567 0.0318010 0.0334401 0.0317909 0.0333596 0.0333866 0.0318400 0.0325830 0.0325605 0.0330126 0.0325566 0.0311962 0.0318202 0.0302566 0.0302566 0.0296815 0.0295005 0.0295005 
KU188508.1_Symbiodinium_sp.                                        0.0685018 0.0625455 0.0356087 0.0334187 0.0318705 0.0136777 0.0114700 0.0078458 0.0100082 0.0071294 0.0078651 0.0000000 0.0085759 0.0078509 0.0064129 0.0056912 0.0056912 0.0064331 0.0071228 0.0064211 0.0049756 0.0064146 0.0056905 0.0042580 0.0042595 0.0049733 0.0035465 0.0035487 0.0028344 0.0042584 0.0028344 0.0028344 0.0028695 0.0035479 0.0035452 0.0035452 0.0036027 0.0389714 0.0350722 0.0349780 0.0342035 0.0342035 0.0332237 0.0327003 0.0334556 0.0334394 0.0326478 0.0326368 0.0326368 0.0330574 0.0242137 0.0249364 0.0309523 0.0241356 0.0294501 0.0275023 0.0389315 0.0412881 0.0388826 0.0364237 0.0410525 0.0412337 0.0397424 0.0420084 0.0413252 0.0404256 0.0404725 0.0411516 0.0412957 0.0420959 0.0412251 0.0395412 0.0388645 0.0341949 0.0341606 0.0357695 0.0357695 0.0365349 0.0373153 0.0364581 0.0341251 0.0342675 0.0357107 0.0349464 0.0350298 0.0325881 0.0341756 0.0341257 0.0311934 0.0333817 0.0341207 0.0334070 0.0325381 0.0333878 0.0294861 0.0302499 0.0302499 0.0317705 0.0325683 0.0310712 0.0334723 0.0310997 0.0318196 0.0310355 0.0325795 0.0325836 0.0325533 0.0310716 0.0318692 0.0302962 0.0318217 0.0287564 0.0310312 0.0294859 0.0311084 0.0294766 0.0310339 0.0310588 0.0295220 0.0302624 0.0302415 0.0306602 0.0302380 0.0288731 0.0295037 0.0279515 0.0279515 0.0273656 0.0271993 0.0271993 
AB055917.1_Symbiodinium_sp.                                        0.0719040 0.0616750 0.0355469 0.0356937 0.0341391 0.0107354 0.0085537 0.0107269 0.0071083 0.0100074 0.0107534 0.0085759 0.0000000 0.0049677 0.0035425 0.0028295 0.0028295 0.0093167 0.0099981 0.0092993 0.0078393 0.0092899 0.0085711 0.0071259 0.0071285 0.0064015 0.0064101 0.0064141 0.0056923 0.0056844 0.0056838 0.0056838 0.0057541 0.0049727 0.0049690 0.0049690 0.0043256 0.0412736 0.0373600 0.0372593 0.0364819 0.0364819 0.0347586 0.0342458 0.0357329 0.0357156 0.0349196 0.0349078 0.0349078 0.0353580 0.0272210 0.0279442 0.0324445 0.0271329 0.0309403 0.0290056 0.0412368 0.0436026 0.0411850 0.0379314 0.0425682 0.0403581 0.0388713 0.0411299 0.0404473 0.0395539 0.0411551 0.0418318 0.0419781 0.0436232 0.0419065 0.0410558 0.0403814 0.0357019 0.0356659 0.0357361 0.0357361 0.0372209 0.0364558 0.0379674 0.0356288 0.0357778 0.0372196 0.0364539 0.0365411 0.0340886 0.0356817 0.0356295 0.0326977 0.0348850 0.0356242 0.0349115 0.0340363 0.0348914 0.0309781 0.0317435 0.0317435 0.0332670 0.0340679 0.0325693 0.0349798 0.0325992 0.0333185 0.0325320 0.0340797 0.0340839 0.0340523 0.0325698 0.0333705 0.0317923 0.0333208 0.0317902 0.0325274 0.0309779 0.0326085 0.0309681 0.0325302 0.0325564 0.0310158 0.0317567 0.0317348 0.0321743 0.0317311 0.0303712 0.0309966 0.0294396 0.0294396 0.0288616 0.0286861 0.0286861 
AJ271757.1_Symbiodinium_sp.                                        0.0710223 0.0608263 0.0347717 0.0349044 0.0333533 0.0100064 0.0078306 0.0099985 0.0063890 0.0092803 0.0100232 0.0078509 0.0049677 0.0000000 0.0028303 0.0021193 0.0021193 0.0085886 0.0092717 0.0085726 0.0071172 0.0085640 0.0078464 0.0064048 0.0064072 0.0056827 0.0056903 0.0056939 0.0049742 0.0049672 0.0049667 0.0049667 0.0050281 0.0042567 0.0042535 0.0042535 0.0043225 0.0404705 0.0365649 0.0364666 0.0356908 0.0356908 0.0347340 0.0342214 0.0349428 0.0349258 0.0341320 0.0341205 0.0341205 0.0345601 0.0264505 0.0271732 0.0316659 0.0263650 0.0301642 0.0282246 0.0404345 0.0427953 0.0403837 0.0371394 0.0417676 0.0419520 0.0404620 0.0427265 0.0420451 0.0411434 0.0411911 0.0418684 0.0412338 0.0428155 0.0419432 0.0402573 0.0395823 0.0349125 0.0348774 0.0349459 0.0349459 0.0372529 0.0380333 0.0371746 0.0348412 0.0349865 0.0364277 0.0356635 0.0357486 0.0333041 0.0348927 0.0348418 0.0319125 0.0340983 0.0348367 0.0341241 0.0332531 0.0341045 0.0302011 0.0309649 0.0309649 0.0324854 0.0332839 0.0317875 0.0341908 0.0318167 0.0325356 0.0317511 0.0332953 0.0332995 0.0332686 0.0317880 0.0325863 0.0310123 0.0325378 0.0310103 0.0317467 0.0302009 0.0318256 0.0301913 0.0317494 0.0317749 0.0302378 0.0309777 0.0309564 0.0313846 0.0309527 0.0295916 0.0302191 0.0286661 0.0286661 0.0280846 0.0279140 0.0279140 
AB863030.1_Symbiodinium_sp.                                        0.0693220 0.0591846 0.0332023 0.0333623 0.0318168 0.0085628 0.0063963 0.0085561 0.0049610 0.0078397 0.0085772 0.0064129 0.0035425 0.0028303 0.0000000 0.0007046 0.0007046 0.0071454 0.0078324 0.0071321 0.0056844 0.0071249 0.0064092 0.0049734 0.0049751 0.0042550 0.0042607 0.0042634 0.0035471 0.0035422 0.0035418 0.0035418 0.0035856 0.0028331 0.0028310 0.0028310 0.0028768 0.0389053 0.0350128 0.0349189 0.0341457 0.0341457 0.0331667 0.0326438 0.0333991 0.0333830 0.0325928 0.0325818 0.0325818 0.0330010 0.0249390 0.0256611 0.0301424 0.0248585 0.0286446 0.0266938 0.0388708 0.0412235 0.0388220 0.0355938 0.0402081 0.0403851 0.0388971 0.0411574 0.0404744 0.0395802 0.0396259 0.0403050 0.0404456 0.0412429 0.0403768 0.0387008 0.0380242 0.0333702 0.0333368 0.0334020 0.0334020 0.0357021 0.0364798 0.0356272 0.0333023 0.0334407 0.0348817 0.0341198 0.0342010 0.0317703 0.0333515 0.0333029 0.0303765 0.0325606 0.0332980 0.0325853 0.0317217 0.0325665 0.0286796 0.0294408 0.0294408 0.0309566 0.0317511 0.0302579 0.0326488 0.0302855 0.0310043 0.0302233 0.0317619 0.0317659 0.0317365 0.0302583 0.0310525 0.0294857 0.0310064 0.0294838 0.0302191 0.0286793 0.0302940 0.0286703 0.0302216 0.0302458 0.0287143 0.0294529 0.0294326 0.0298392 0.0294293 0.0280644 0.0286966 0.0271503 0.0271503 0.0265614 0.0264004 0.0264004 
AB016579.1_Symbiodinium_sp.                                        0.0684094 0.0583127 0.0323916 0.0325656 0.0310242 0.0078367 0.0056765 0.0078305 0.0042455 0.0071156 0.0078498 0.0056912 0.0028295 0.0021193 0.0007046 0.0000000 0.0000010 0.0064205 0.0071090 0.0064086 0.0049659 0.0064021 0.0056880 0.0042561 0.0042576 0.0035402 0.0035449 0.0035471 0.0028332 0.0028292 0.0028289 0.0028289 0.0028638 0.0021214 0.0021199 0.0021199 0.0021541 0.0380917 0.0342094 0.0341179 0.0333468 0.0333468 0.0323571 0.0318294 0.0326015 0.0325858 0.0317981 0.0317875 0.0317875 0.0321957 0.0241650 0.0248862 0.0293579 0.0240872 0.0278634 0.0259085 0.0380581 0.0404046 0.0380104 0.0347932 0.0393964 0.0395694 0.0380838 0.0403399 0.0396566 0.0387671 0.0388117 0.0394911 0.0396285 0.0404234 0.0395613 0.0378920 0.0372151 0.0325733 0.0325407 0.0326043 0.0326043 0.0348988 0.0356745 0.0348258 0.0325072 0.0326419 0.0340816 0.0333215 0.0334006 0.0309791 0.0325551 0.0325078 0.0295854 0.0317668 0.0325030 0.0317909 0.0309319 0.0317726 0.0278974 0.0286566 0.0286566 0.0301687 0.0309604 0.0294702 0.0318526 0.0294970 0.0302151 0.0294365 0.0309709 0.0309748 0.0309462 0.0294705 0.0302620 0.0287002 0.0302171 0.0286983 0.0294325 0.0278970 0.0295053 0.0278883 0.0294349 0.0294584 0.0279311 0.0286683 0.0286486 0.0290437 0.0286454 0.0272799 0.0279139 0.0263723 0.0263723 0.0257802 0.0256241 0.0256241 
AB016572.1_Symbiodinium_sp.                                        0.0684094 0.0583127 0.0323916 0.0325656 0.0310242 0.0078367 0.0056765 0.0078305 0.0042455 0.0071156 0.0078498 0.0056912 0.0028295 0.0021193 0.0007046 0.0000010 0.0000000 0.0064205 0.0071090 0.0064086 0.0049659 0.0064021 0.0056880 0.0042561 0.0042576 0.0035402 0.0035449 0.0035471 0.0028332 0.0028292 0.0028289 0.0028289 0.0028638 0.0021214 0.0021199 0.0021199 0.0021541 0.0380917 0.0342094 0.0341179 0.0333468 0.0333468 0.0323571 0.0318294 0.0326015 0.0325858 0.0317981 0.0317875 0.0317875 0.0321957 0.0241650 0.0248862 0.0293579 0.0240872 0.0278634 0.0259085 0.0380581 0.0404046 0.0380104 0.0347932 0.0393964 0.0395694 0.0380838 0.0403399 0.0396566 0.0387671 0.0388117 0.0394911 0.0396285 0.0404234 0.0395613 0.0378920 0.0372151 0.0325733 0.0325407 0.0326043 0.0326043 0.0348988 0.0356745 0.0348258 0.0325072 0.0326419 0.0340816 0.0333215 0.0334006 0.0309791 0.0325551 0.0325078 0.0295854 0.0317668 0.0325030 0.0317909 0.0309319 0.0317726 0.0278974 0.0286566 0.0286566 0.0301687 0.0309604 0.0294702 0.0318526 0.0294970 0.0302151 0.0294365 0.0309709 0.0309748 0.0309462 0.0294705 0.0302620 0.0287002 0.0302171 0.0286983 0.0294325 0.0278970 0.0295053 0.0278883 0.0294349 0.0294584 0.0279311 0.0286683 0.0286486 0.0290437 0.0286454 0.0272799 0.0279139 0.0263723 0.0263723 0.0257802 0.0256241 0.0256241 
L13717.1_Symbiodinium_corculorum                                   0.0661926 0.0602286 0.0332635 0.0327217 0.0311726 0.0144383 0.0122222 0.0085830 0.0107532 0.0078644 0.0014192 0.0064331 0.0093167 0.0085886 0.0071454 0.0064205 0.0064205 0.0000000 0.0021262 0.0014198 0.0014166 0.0014184 0.0064294 0.0049890 0.0049908 0.0056996 0.0042741 0.0042768 0.0035583 0.0049820 0.0035529 0.0035529 0.0035969 0.0042693 0.0042661 0.0042661 0.0043355 0.0375026 0.0343742 0.0342818 0.0335068 0.0335068 0.0325147 0.0311697 0.0327579 0.0327421 0.0319504 0.0319396 0.0319396 0.0323518 0.0250192 0.0257435 0.0317805 0.0249382 0.0302733 0.0283277 0.0405830 0.0429529 0.0405318 0.0372748 0.0419204 0.0421061 0.0406107 0.0428836 0.0421999 0.0412944 0.0413425 0.0420219 0.0421696 0.0429732 0.0413005 0.0404045 0.0397273 0.0350398 0.0350045 0.0366210 0.0366210 0.0373892 0.0381725 0.0373102 0.0349680 0.0351144 0.0365607 0.0357936 0.0358794 0.0334252 0.0350200 0.0349687 0.0320289 0.0326659 0.0349635 0.0327103 0.0333738 0.0342287 0.0287888 0.0280334 0.0280334 0.0326032 0.0334049 0.0319030 0.0343156 0.0319323 0.0326538 0.0318663 0.0334164 0.0334206 0.0333894 0.0319034 0.0327049 0.0311249 0.0326560 0.0295789 0.0318618 0.0303102 0.0319414 0.0303006 0.0318646 0.0318903 0.0303474 0.0310900 0.0310685 0.0314998 0.0310648 0.0296992 0.0303286 0.0287696 0.0287696 0.0281866 0.0280148 0.0280148 
AB055918.1_Symbiodinium_sp.                                        0.0667173 0.0607659 0.0338923 0.0333424 0.0317978 0.0151065 0.0128944 0.0092657 0.0114298 0.0085493 0.0035448 0.0071228 0.0099981 0.0092717 0.0078324 0.0071090 0.0071090 0.0021262 0.0000000 0.0021223 0.0021175 0.0021202 0.0071188 0.0056818 0.0056838 0.0063897 0.0049691 0.0049722 0.0042551 0.0056739 0.0042487 0.0042487 0.0043011 0.0049635 0.0049598 0.0049598 0.0050402 0.0388816 0.0349917 0.0348979 0.0341253 0.0341253 0.0331465 0.0318100 0.0333791 0.0333630 0.0325733 0.0325624 0.0325624 0.0329810 0.0256615 0.0263830 0.0324007 0.0255788 0.0308985 0.0289660 0.0411805 0.0435430 0.0411288 0.0378799 0.0425104 0.0426982 0.0412086 0.0434731 0.0427931 0.0418887 0.0419373 0.0426131 0.0427624 0.0435636 0.0426893 0.0410000 0.0403264 0.0356534 0.0356175 0.0372301 0.0372301 0.0379958 0.0387767 0.0379158 0.0355805 0.0357291 0.0371691 0.0364044 0.0364914 0.0340424 0.0356332 0.0355812 0.0326532 0.0348377 0.0355759 0.0333308 0.0339902 0.0348441 0.0294193 0.0286663 0.0286663 0.0332220 0.0340218 0.0325251 0.0349322 0.0325550 0.0332734 0.0324879 0.0340335 0.0340377 0.0340062 0.0325257 0.0333253 0.0317492 0.0332756 0.0302076 0.0324833 0.0309361 0.0325642 0.0309262 0.0324861 0.0325123 0.0309739 0.0317137 0.0316919 0.0321302 0.0316882 0.0295721 0.0309547 0.0293998 0.0293998 0.0288224 0.0286474 0.0286474 
X62650.1_S.pilosum                                                 0.0660616 0.0601115 0.0331993 0.0326596 0.0311135 0.0144115 0.0121995 0.0085671 0.0107332 0.0078497 0.0028405 0.0064211 0.0092993 0.0085726 0.0071321 0.0064086 0.0064086 0.0014198 0.0021223 0.0000000 0.0014140 0.0014158 0.0064175 0.0049798 0.0049816 0.0056891 0.0042662 0.0042689 0.0035517 0.0049728 0.0035464 0.0035464 0.0035902 0.0042615 0.0042583 0.0042583 0.0043274 0.0382031 0.0343087 0.0342167 0.0334432 0.0334432 0.0324520 0.0311092 0.0326957 0.0326799 0.0318898 0.0318791 0.0318791 0.0322897 0.0249721 0.0256951 0.0317205 0.0248914 0.0302162 0.0282737 0.0405055 0.0428707 0.0404545 0.0372041 0.0418407 0.0420257 0.0405331 0.0428017 0.0421192 0.0412157 0.0412635 0.0419419 0.0420890 0.0428910 0.0420170 0.0403277 0.0396516 0.0349733 0.0349381 0.0365513 0.0365513 0.0373180 0.0380998 0.0372394 0.0349017 0.0350476 0.0364913 0.0357256 0.0358111 0.0333619 0.0349535 0.0349024 0.0319681 0.0341575 0.0348972 0.0326483 0.0333107 0.0341638 0.0287345 0.0279806 0.0279806 0.0325416 0.0333416 0.0318426 0.0342503 0.0318718 0.0325920 0.0318060 0.0333531 0.0333573 0.0333263 0.0318430 0.0326429 0.0310660 0.0325942 0.0295230 0.0318016 0.0302530 0.0318808 0.0302434 0.0318043 0.0318299 0.0302900 0.0310312 0.0310098 0.0314395 0.0310062 0.0296428 0.0302713 0.0287154 0.0287154 0.0281332 0.0279620 0.0279620 
AB016723.1_Symbiodinium_sp.                                        0.0658916 0.0599604 0.0331185 0.0310537 0.0295168 0.0129212 0.0107230 0.0071126 0.0092674 0.0063986 0.0028341 0.0049756 0.0078393 0.0071172 0.0056844 0.0049659 0.0049659 0.0014166 0.0021175 0.0014140 0.0000000 0.0014126 0.0049728 0.0035437 0.0035450 0.0042509 0.0028335 0.0028353 0.0021231 0.0035388 0.0021199 0.0021199 0.0021460 0.0028304 0.0028283 0.0028283 0.0028740 0.0381106 0.0342261 0.0341346 0.0333630 0.0333630 0.0323730 0.0310332 0.0326174 0.0326016 0.0318135 0.0318029 0.0318029 0.0322115 0.0234127 0.0241336 0.0301285 0.0233373 0.0286314 0.0266814 0.0388525 0.0412041 0.0388038 0.0355772 0.0401893 0.0403661 0.0388788 0.0411381 0.0404553 0.0395616 0.0396073 0.0402860 0.0404266 0.0412234 0.0403578 0.0386827 0.0380064 0.0333547 0.0333213 0.0349226 0.0349226 0.0356854 0.0364627 0.0356106 0.0332868 0.0334251 0.0348654 0.0341039 0.0341850 0.0317556 0.0333359 0.0332874 0.0303624 0.0325455 0.0332825 0.0310433 0.0317070 0.0325514 0.0271558 0.0279143 0.0279143 0.0309423 0.0317364 0.0302439 0.0326336 0.0302715 0.0309900 0.0302093 0.0317471 0.0317511 0.0317218 0.0302443 0.0310381 0.0294721 0.0309920 0.0279385 0.0302051 0.0286661 0.0302800 0.0286570 0.0302077 0.0302318 0.0287011 0.0294393 0.0294191 0.0298252 0.0294157 0.0280514 0.0286834 0.0271378 0.0271378 0.0265491 0.0263882 0.0263882 
AB016724.1_Symbiodinium_sp.                                        0.0659894 0.0600470 0.0331641 0.0326255 0.0310811 0.0143968 0.0121871 0.0085584 0.0107223 0.0078418 0.0028376 0.0064146 0.0092899 0.0085640 0.0071249 0.0064021 0.0064021 0.0014184 0.0021202 0.0014158 0.0014126 0.0000000 0.0064110 0.0049747 0.0049765 0.0056834 0.0042619 0.0042646 0.0035481 0.0049678 0.0035428 0.0035428 0.0035866 0.0042572 0.0042540 0.0042540 0.0043230 0.0381629 0.0342727 0.0341809 0.0334082 0.0334082 0.0324175 0.0310760 0.0326615 0.0326458 0.0318565 0.0318458 0.0318458 0.0322556 0.0249462 0.0256685 0.0316876 0.0248657 0.0301849 0.0282440 0.0404629 0.0428255 0.0404120 0.0371652 0.0417969 0.0419815 0.0404904 0.0427566 0.0420748 0.0411723 0.0412201 0.0418978 0.0420446 0.0428457 0.0419728 0.0402854 0.0396100 0.0349367 0.0349015 0.0365130 0.0365130 0.0372789 0.0380598 0.0372004 0.0348653 0.0350108 0.0364531 0.0356882 0.0357735 0.0333271 0.0349169 0.0348659 0.0319346 0.0341219 0.0348608 0.0326142 0.0332760 0.0341281 0.0287047 0.0279515 0.0279515 0.0325077 0.0333069 0.0318094 0.0342145 0.0318386 0.0325580 0.0317729 0.0333183 0.0333225 0.0332916 0.0318099 0.0326088 0.0310336 0.0325602 0.0294923 0.0317685 0.0302216 0.0318476 0.0302120 0.0317712 0.0317968 0.0302585 0.0309989 0.0309776 0.0314064 0.0309740 0.0296119 0.0302398 0.0286856 0.0286856 0.0281038 0.0279330 0.0279330 
KU188515.1_Symbiodinium_sp.                                        0.0684550 0.0625039 0.0355862 0.0333981 0.0318509 0.0136697 0.0114635 0.0078414 0.0100026 0.0071254 0.0078607 0.0056905 0.0085711 0.0078464 0.0064092 0.0056880 0.0056880 0.0064294 0.0071188 0.0064175 0.0049728 0.0064110 0.0000000 0.0042556 0.0042571 0.0049705 0.0035445 0.0035467 0.0028328 0.0042560 0.0028328 0.0028328 0.0028678 0.0035459 0.0035432 0.0035432 0.0028780 0.0389470 0.0350504 0.0349563 0.0341823 0.0341823 0.0324190 0.0318908 0.0334349 0.0334188 0.0326277 0.0326167 0.0326167 0.0330367 0.0241991 0.0249213 0.0309333 0.0241211 0.0294322 0.0274854 0.0396904 0.0420495 0.0396406 0.0364011 0.0410267 0.0412077 0.0397174 0.0419819 0.0412991 0.0404002 0.0404470 0.0411257 0.0412696 0.0420693 0.0411992 0.0395165 0.0388402 0.0341738 0.0341394 0.0357472 0.0357472 0.0365122 0.0372920 0.0364355 0.0341040 0.0342462 0.0356886 0.0349248 0.0350081 0.0325681 0.0341545 0.0341047 0.0311742 0.0333611 0.0340996 0.0333864 0.0325182 0.0333672 0.0294681 0.0302314 0.0302314 0.0317510 0.0325483 0.0310521 0.0334516 0.0310806 0.0318001 0.0310165 0.0325594 0.0325635 0.0325333 0.0310525 0.0318496 0.0302777 0.0318022 0.0287389 0.0310122 0.0294679 0.0310893 0.0294586 0.0310148 0.0310398 0.0295040 0.0302439 0.0302231 0.0306412 0.0302195 0.0288554 0.0294857 0.0279345 0.0279345 0.0273489 0.0271828 0.0271828 
KU188511.1_Symbiodinium_sp.                                        0.0667101 0.0608082 0.0339873 0.0318360 0.0302956 0.0122019 0.0100071 0.0064007 0.0085536 0.0056871 0.0064165 0.0042580 0.0071259 0.0064048 0.0049734 0.0042561 0.0042561 0.0049890 0.0056818 0.0049798 0.0035437 0.0049747 0.0042556 0.0000000 0.0028315 0.0035421 0.0021218 0.0021231 0.0014131 0.0028307 0.0014131 0.0014131 0.0014305 0.0021226 0.0021210 0.0021210 0.0021552 0.0373573 0.0334769 0.0333874 0.0326166 0.0326166 0.0316153 0.0310822 0.0318712 0.0318559 0.0310690 0.0310586 0.0310586 0.0314577 0.0226779 0.0233990 0.0293894 0.0226049 0.0278932 0.0259366 0.0380993 0.0404484 0.0380515 0.0348307 0.0394388 0.0396122 0.0381251 0.0403835 0.0396996 0.0388090 0.0388537 0.0395337 0.0396715 0.0404672 0.0396040 0.0379329 0.0372553 0.0326085 0.0325758 0.0341743 0.0341743 0.0349365 0.0357130 0.0348633 0.0325421 0.0326772 0.0341183 0.0333574 0.0326736 0.0310125 0.0325902 0.0325428 0.0296174 0.0318011 0.0325380 0.0318252 0.0309651 0.0318068 0.0279273 0.0286874 0.0286874 0.0302012 0.0309937 0.0295019 0.0318870 0.0295288 0.0302476 0.0294681 0.0310042 0.0310081 0.0309794 0.0295022 0.0302946 0.0287310 0.0302496 0.0271993 0.0294641 0.0279270 0.0295371 0.0279182 0.0294666 0.0294901 0.0279611 0.0286991 0.0286794 0.0290753 0.0286761 0.0273093 0.0279438 0.0264006 0.0264006 0.0258080 0.0256516 0.0256516 
KU188514.1_Symbiodinium_sp.                                        0.0667400 0.0608347 0.0340012 0.0318487 0.0303076 0.0122064 0.0100108 0.0064030 0.0085568 0.0056891 0.0064188 0.0042595 0.0071285 0.0064072 0.0049751 0.0042576 0.0042576 0.0049908 0.0056838 0.0049816 0.0035450 0.0049765 0.0042571 0.0028315 0.0000000 0.0035434 0.0021225 0.0021238 0.0014136 0.0028317 0.0014136 0.0014136 0.0014311 0.0021233 0.0021218 0.0021218 0.0021552 0.0373725 0.0334904 0.0334008 0.0326297 0.0326297 0.0316281 0.0310949 0.0318839 0.0318686 0.0310814 0.0310710 0.0310710 0.0314704 0.0226867 0.0234081 0.0294010 0.0226137 0.0279042 0.0259468 0.0381148 0.0404649 0.0380670 0.0348447 0.0394549 0.0396283 0.0381406 0.0404000 0.0397159 0.0388248 0.0388696 0.0395498 0.0396877 0.0404838 0.0396202 0.0379482 0.0372704 0.0326215 0.0325888 0.0341880 0.0341880 0.0349505 0.0357274 0.0348774 0.0325551 0.0326903 0.0341320 0.0333708 0.0334501 0.0310248 0.0326032 0.0325558 0.0296292 0.0318137 0.0325510 0.0318379 0.0309774 0.0318195 0.0279383 0.0286987 0.0286987 0.0302131 0.0310060 0.0295136 0.0318998 0.0295405 0.0302596 0.0294798 0.0310165 0.0310204 0.0309917 0.0295139 0.0303066 0.0287424 0.0302616 0.0272100 0.0294757 0.0279380 0.0295488 0.0279292 0.0294782 0.0295018 0.0279721 0.0287104 0.0286907 0.0290869 0.0286874 0.0273201 0.0279548 0.0264109 0.0264109 0.0258181 0.0256616 0.0256616 
AF238256.1_Symbiodinium_sp._Type_A                                 0.0675283 0.0599300 0.0331701 0.0325655 0.0310241 0.0114630 0.0092753 0.0071093 0.0078265 0.0063956 0.0071268 0.0049733 0.0064015 0.0056827 0.0042550 0.0035402 0.0035402 0.0056996 0.0063897 0.0056891 0.0042509 0.0056834 0.0049705 0.0035421 0.0035434 0.0000000 0.0028322 0.0028340 0.0021221 0.0021191 0.0021189 0.0021189 0.0021450 0.0014124 0.0014114 0.0014114 0.0014340 0.0380918 0.0342094 0.0341179 0.0333467 0.0333467 0.0323570 0.0318293 0.0326014 0.0325857 0.0317980 0.0317874 0.0317874 0.0321956 0.0234014 0.0241220 0.0301139 0.0233261 0.0286176 0.0266684 0.0388334 0.0411838 0.0387847 0.0355599 0.0401696 0.0403462 0.0388597 0.0411178 0.0404354 0.0395422 0.0395878 0.0402662 0.0404066 0.0412030 0.0403379 0.0386638 0.0379877 0.0333384 0.0333050 0.0349055 0.0349055 0.0356679 0.0364449 0.0355932 0.0332706 0.0334088 0.0348484 0.0340872 0.0341683 0.0317401 0.0333197 0.0332712 0.0303476 0.0325297 0.0332663 0.0325543 0.0316917 0.0325356 0.0286525 0.0294130 0.0294130 0.0309273 0.0317209 0.0302292 0.0326176 0.0302568 0.0309749 0.0301946 0.0317317 0.0317357 0.0317064 0.0302296 0.0310230 0.0294578 0.0309769 0.0279249 0.0301905 0.0286522 0.0302653 0.0286432 0.0301930 0.0302172 0.0286872 0.0294250 0.0294048 0.0298106 0.0294014 0.0280378 0.0286695 0.0271247 0.0271247 0.0265363 0.0263755 0.0263755 
KU188513.1_Symbiodinium_sp.                                        0.0658941 0.0600114 0.0332156 0.0310805 0.0295422 0.0114783 0.0092877 0.0056866 0.0078369 0.0049737 0.0057006 0.0035465 0.0064101 0.0056903 0.0042607 0.0035449 0.0035449 0.0042741 0.0049691 0.0042662 0.0028335 0.0042619 0.0035445 0.0021218 0.0021225 0.0028322 0.0000000 0.0014147 0.0007056 0.0021220 0.0007056 0.0007056 0.0007149 0.0014143 0.0014133 0.0014133 0.0014361 0.0365926 0.0327170 0.0326297 0.0318599 0.0318599 0.0308473 0.0303090 0.0311149 0.0310999 0.0303145 0.0303044 0.0303044 0.0306936 0.0219355 0.0226566 0.0286408 0.0218650 0.0271460 0.0251831 0.0373344 0.0396804 0.0372876 0.0340733 0.0386765 0.0388463 0.0373596 0.0396169 0.0389319 0.0380445 0.0380884 0.0387695 0.0389044 0.0396989 0.0388384 0.0371714 0.0364928 0.0318519 0.0318200 0.0334152 0.0334152 0.0341766 0.0349521 0.0341052 0.0317872 0.0319190 0.0333605 0.0326004 0.0326778 0.0302594 0.0318341 0.0317878 0.0288628 0.0310465 0.0317832 0.0310700 0.0302132 0.0310520 0.0271792 0.0279383 0.0279383 0.0294503 0.0302411 0.0287504 0.0311303 0.0287765 0.0294955 0.0287174 0.0302513 0.0302552 0.0302272 0.0287506 0.0295413 0.0279807 0.0294974 0.0264513 0.0287135 0.0271788 0.0287846 0.0271703 0.0287159 0.0287388 0.0272120 0.0279496 0.0279304 0.0283159 0.0279273 0.0265582 0.0271952 0.0256547 0.0256547 0.0250582 0.0249065 0.0249065 
KU188510.1_Symbiodinium_sp.                                        0.0659447 0.0600554 0.0332388 0.0311017 0.0295623 0.0114858 0.0092936 0.0056902 0.0078419 0.0049768 0.0057042 0.0035487 0.0064141 0.0056939 0.0042634 0.0035471 0.0035471 0.0042768 0.0049722 0.0042689 0.0028353 0.0042646 0.0035467 0.0021231 0.0021238 0.0028340 0.0014147 0.0000000 0.0007066 0.0021233 0.0007066 0.0007066 0.0007154 0.0014152 0.0014142 0.0014142 0.0014361 0.0366180 0.0327395 0.0326520 0.0318817 0.0318817 0.0308687 0.0303302 0.0311361 0.0311212 0.0303352 0.0303250 0.0303250 0.0307148 0.0219502 0.0226717 0.0286602 0.0218795 0.0271643 0.0252002 0.0373603 0.0397081 0.0373134 0.0340967 0.0387032 0.0388733 0.0373855 0.0396444 0.0389591 0.0380709 0.0381148 0.0387964 0.0389315 0.0397266 0.0388654 0.0371971 0.0365181 0.0318737 0.0318418 0.0334381 0.0334381 0.0342001 0.0349762 0.0341286 0.0318089 0.0319409 0.0333834 0.0326227 0.0327002 0.0302800 0.0318559 0.0318095 0.0288824 0.0310676 0.0318048 0.0310912 0.0302338 0.0310732 0.0271975 0.0279572 0.0279572 0.0294702 0.0302617 0.0287699 0.0311516 0.0287961 0.0295156 0.0287369 0.0302719 0.0302757 0.0302477 0.0287701 0.0295614 0.0279996 0.0295175 0.0264691 0.0287330 0.0271971 0.0288041 0.0271886 0.0287354 0.0287583 0.0272304 0.0279685 0.0279493 0.0283353 0.0279462 0.0265762 0.0272136 0.0256719 0.0256719 0.0250751 0.0249232 0.0249232 
KU188509.1_Symbiodinium_sp.                                        0.0650404 0.0591805 0.0324272 0.0303097 0.0287745 0.0107495 0.0085649 0.0049710 0.0071175 0.0042590 0.0049832 0.0028344 0.0056923 0.0049742 0.0035471 0.0028332 0.0028332 0.0035583 0.0042551 0.0035517 0.0021231 0.0035481 0.0028328 0.0014131 0.0014136 0.0021221 0.0007056 0.0007066 0.0000000 0.0014133 0.0000010 0.0000010 0.0000010 0.0007060 0.0007056 0.0007056 0.0007177 0.0358094 0.0319410 0.0318559 0.0310875 0.0310875 0.0300641 0.0295208 0.0303433 0.0303288 0.0295453 0.0295354 0.0295354 0.0299144 0.0211832 0.0219038 0.0278785 0.0211151 0.0263859 0.0244177 0.0365505 0.0388921 0.0365047 0.0332990 0.0378944 0.0380605 0.0365751 0.0388299 0.0381443 0.0372607 0.0373036 0.0379854 0.0381174 0.0389101 0.0380528 0.0363912 0.0357119 0.0310797 0.0310487 0.0326395 0.0326395 0.0333997 0.0341738 0.0333300 0.0310167 0.0311450 0.0325861 0.0318273 0.0319027 0.0294917 0.0310624 0.0310173 0.0280942 0.0302767 0.0310127 0.0302996 0.0294467 0.0302821 0.0264181 0.0271758 0.0271758 0.0286852 0.0294739 0.0279850 0.0303584 0.0280104 0.0287292 0.0279529 0.0294838 0.0294875 0.0294603 0.0279852 0.0287737 0.0272169 0.0287310 0.0256907 0.0279492 0.0264177 0.0280182 0.0264095 0.0279515 0.0279737 0.0264500 0.0271868 0.0271681 0.0275427 0.0271651 0.0257944 0.0264337 0.0248968 0.0248968 0.0242967 0.0241497 0.0241497 
