130
GU362426_Gymnodinium_catenatum                                     0.0000000 0.0453852 0.0657629 0.0704396 0.0687350 0.0771982 0.0753400 0.0692548 0.0735235 0.0648034 0.0678165 0.0685163 0.0719183 0.0710370 0.0693360 0.0684234 0.0684234 0.0662062 0.0667317 0.0660768 0.0659056 0.0660048 0.0684697 0.0667245 0.0667539 0.0675427 0.0659088 0.0659585 0.0650543 0.0666814 0.0650022 0.0650022 0.0658820 0.0658789 0.0658262 0.0658262 0.0652651 0.0734150 0.0673365 0.0671420 0.0663017 0.0663017 0.0657945 0.0664584 0.0664507 0.0654814 0.0655304 0.0663804 0.0663804 0.0672750 0.0629271 0.0627677 0.0677219 0.0635248 0.0661045 0.0644122 0.0741534 0.0767301 0.0740518 0.0694647 0.0693972 0.0749182 0.0731400 0.0765994 0.0759497 0.0748590 0.0741067 0.0730197 0.0732963 0.0767826 0.0740543 0.0738026 0.0714263 0.0696560 0.0695807 0.0696832 0.0696832 0.0723205 0.0706435 0.0704210 0.0695768 0.0707409 0.0679900 0.0705254 0.0707125 0.0635138 0.0696896 0.0695770 0.0664972 0.0687953 0.0679002 0.0656252 0.0669545 0.0679300 0.0603360 0.0595258 0.0595258 0.0669458 0.0678525 0.0662580 0.0689926 0.0663280 0.0678982 0.0661830 0.0678827 0.0678874 0.0678217 0.0671157 0.0663431 0.0654060 0.0670665 0.0611833 0.0661708 0.0661134 0.0663477 0.0644378 0.0636872 0.0662377 0.0619164 0.0653243 0.0652772 0.0662244 0.0652657 0.0639750 0.0645017 0.0627661 0.0627661 0.0632000 0.0635979 0.0635979 
EF492511                                                           0.0453852 0.0000000 0.0450242 0.0637573 0.0620973 0.0676067 0.0649850 0.0632323 0.0632449 0.0613920 0.0618101 0.0625539 0.0616826 0.0608342 0.0591920 0.0583202 0.0583202 0.0602365 0.0607745 0.0601208 0.0599687 0.0600566 0.0625126 0.0608167 0.0608427 0.0599381 0.0600193 0.0600634 0.0591886 0.0591041 0.0590954 0.0590954 0.0598786 0.0583221 0.0582763 0.0582763 0.0575734 0.0664655 0.0605704 0.0604001 0.0579691 0.0579691 0.0573027 0.0578678 0.0613755 0.0587836 0.0604832 0.0596517 0.0596517 0.0604393 0.0531127 0.0520558 0.0537007 0.0513001 0.0521401 0.0503613 0.0680172 0.0705246 0.0679260 0.0619184 0.0627108 0.0654835 0.0654054 0.0687579 0.0681066 0.0670724 0.0654682 0.0653016 0.0655416 0.0689180 0.0662866 0.0660668 0.0653772 0.0637672 0.0636999 0.0646417 0.0646417 0.0646064 0.0646096 0.0627846 0.0635889 0.0630935 0.0620569 0.0628758 0.0622134 0.0585806 0.0620633 0.0611467 0.0589855 0.0612003 0.0619559 0.0581025 0.0577843 0.0603625 0.0529995 0.0522107 0.0522107 0.0594227 0.0602959 0.0587393 0.0613715 0.0587993 0.0603353 0.0586737 0.0603215 0.0603259 0.0594536 0.0587450 0.0588125 0.0579129 0.0587117 0.0553219 0.0586637 0.0586139 0.0588162 0.0569877 0.0578555 0.0587208 0.0545634 0.0578428 0.0561976 0.0569952 0.0577926 0.0564988 0.0570429 0.0553654 0.0553654 0.0557394 0.0561731 0.0561731 
JF791031                                                           0.0657629 0.0450242 0.0000000 0.0417404 0.0401420 0.0403561 0.0387320 0.0379081 0.0371010 0.0354121 0.0347912 0.0356089 0.0355469 0.0347718 0.0332023 0.0323917 0.0323917 0.0332642 0.0338933 0.0332008 0.0331194 0.0331657 0.0355865 0.0339877 0.0340013 0.0331704 0.0332157 0.0332390 0.0324274 0.0323808 0.0323767 0.0323767 0.0327996 0.0316200 0.0315953 0.0315953 0.0313402 0.0441879 0.0402012 0.0400914 0.0392997 0.0392997 0.0391939 0.0378800 0.0393260 0.0385200 0.0384915 0.0376954 0.0376954 0.0381878 0.0321849 0.0336614 0.0374988 0.0336118 0.0359645 0.0340445 0.0448790 0.0472877 0.0448196 0.0407242 0.0430753 0.0440182 0.0448893 0.0471874 0.0465046 0.0455712 0.0456233 0.0454946 0.0456566 0.0473098 0.0463889 0.0455128 0.0448365 0.0408622 0.0408204 0.0416982 0.0416982 0.0392013 0.0424000 0.0407880 0.0399730 0.0401722 0.0416023 0.0408219 0.0393479 0.0384019 0.0400355 0.0376208 0.0362133 0.0391791 0.0383834 0.0377393 0.0375613 0.0392255 0.0328931 0.0321257 0.0321257 0.0375558 0.0383771 0.0360779 0.0393258 0.0368880 0.0368396 0.0368106 0.0383921 0.0383954 0.0360264 0.0368542 0.0368964 0.0376183 0.0360595 0.0368294 0.0352429 0.0336643 0.0368980 0.0352092 0.0368078 0.0368391 0.0336927 0.0360172 0.0359922 0.0356583 0.0359876 0.0346232 0.0352429 0.0336485 0.0336485 0.0338719 0.0328804 0.0328804 
AY160124.1_Symbiodinium_sp._G15                                    0.0704396 0.0637573 0.0417404 0.0000000 0.0014078 0.0396512 0.0387953 0.0356721 0.0371928 0.0332388 0.0342247 0.0334197 0.0356935 0.0349044 0.0333623 0.0325656 0.0325656 0.0327227 0.0333437 0.0326614 0.0310548 0.0326274 0.0333992 0.0318371 0.0318496 0.0325667 0.0310813 0.0311026 0.0303107 0.0317921 0.0302642 0.0302642 0.0306517 0.0310453 0.0310215 0.0310215 0.0299788 0.0402169 0.0363360 0.0362393 0.0354686 0.0354686 0.0345131 0.0348436 0.0354916 0.0347085 0.0346834 0.0339090 0.0339090 0.0343423 0.0308831 0.0338635 0.0361046 0.0315347 0.0345983 0.0326993 0.0433777 0.0457422 0.0433212 0.0408322 0.0439173 0.0456742 0.0449645 0.0464504 0.0457768 0.0448607 0.0433232 0.0455822 0.0457422 0.0456668 0.0456648 0.0439614 0.0432943 0.0401748 0.0401345 0.0401332 0.0401332 0.0417381 0.0409661 0.0408707 0.0377598 0.0402651 0.0401238 0.0393582 0.0394541 0.0331459 0.0385867 0.0385283 0.0356059 0.0385657 0.0385226 0.0355687 0.0354007 0.0377929 0.0308303 0.0315920 0.0315920 0.0361585 0.0369629 0.0354655 0.0378877 0.0370334 0.0369856 0.0354260 0.0369769 0.0369801 0.0361816 0.0354673 0.0362726 0.0346877 0.0362180 0.0354498 0.0354212 0.0338672 0.0355087 0.0338565 0.0354234 0.0354529 0.0331359 0.0346482 0.0346245 0.0351026 0.0346202 0.0332744 0.0338883 0.0323254 0.0323254 0.0317625 0.0315715 0.0315715 
HE653239_Symbiodinium_voratum                                      0.0687350 0.0620973 0.0401420 0.0014078 0.0000000 0.0380792 0.0372296 0.0341184 0.0356348 0.0316994 0.0326719 0.0318715 0.0341389 0.0333533 0.0318167 0.0310243 0.0310243 0.0311736 0.0317991 0.0311152 0.0295178 0.0310829 0.0318519 0.0302967 0.0303085 0.0310252 0.0295430 0.0295632 0.0287754 0.0302538 0.0287313 0.0287313 0.0290986 0.0295089 0.0294863 0.0294863 0.0284231 0.0386515 0.0347846 0.0346923 0.0339244 0.0339244 0.0329471 0.0332620 0.0339463 0.0331667 0.0331427 0.0323715 0.0323715 0.0327844 0.0293552 0.0323282 0.0345638 0.0300097 0.0330617 0.0311517 0.0417997 0.0441555 0.0417454 0.0392707 0.0423459 0.0440900 0.0433802 0.0448637 0.0441887 0.0432804 0.0417472 0.0440016 0.0441555 0.0440828 0.0440810 0.0423882 0.0417196 0.0386110 0.0385723 0.0385712 0.0385712 0.0401684 0.0393990 0.0393075 0.0362082 0.0386974 0.0385621 0.0377990 0.0378907 0.0316111 0.0370300 0.0369742 0.0340553 0.0370099 0.0369687 0.0340199 0.0338597 0.0362398 0.0293051 0.0300640 0.0300640 0.0346152 0.0354152 0.0339215 0.0363306 0.0354826 0.0354369 0.0338837 0.0354286 0.0354317 0.0346372 0.0339231 0.0347241 0.0331468 0.0346719 0.0339065 0.0338792 0.0323317 0.0339626 0.0323215 0.0338813 0.0339094 0.0316016 0.0331092 0.0330866 0.0335427 0.0330826 0.0317334 0.0323518 0.0307961 0.0307961 0.0302260 0.0300446 0.0300446 
AJ271758.1_Symbiodinium_sp.                                        0.0771982 0.0676067 0.0403561 0.0396512 0.0380792 0.0000000 0.0136417 0.0158473 0.0121700 0.0151207 0.0158876 0.0136771 0.0107349 0.0100061 0.0085625 0.0078364 0.0078364 0.0144377 0.0151060 0.0144112 0.0129207 0.0143966 0.0136692 0.0122014 0.0122058 0.0114625 0.0114778 0.0114852 0.0107490 0.0107340 0.0107329 0.0107329 0.0108673 0.0100161 0.0100086 0.0100086 0.0101727 0.0453048 0.0413483 0.0412362 0.0404505 0.0404505 0.0395623 0.0390792 0.0396990 0.0396769 0.0388717 0.0388573 0.0388573 0.0393604 0.0310862 0.0318120 0.0363496 0.0309845 0.0348327 0.0329226 0.0452673 0.0476579 0.0452079 0.0419062 0.0465893 0.0467972 0.0452993 0.0475804 0.0469034 0.0459754 0.0460276 0.0467021 0.0468675 0.0476801 0.0467875 0.0450648 0.0443942 0.0396622 0.0396221 0.0397016 0.0397016 0.0420351 0.0428266 0.0419460 0.0395807 0.0397518 0.0411931 0.0404205 0.0405199 0.0380253 0.0396420 0.0395815 0.0366368 0.0388332 0.0388010 0.0396427 0.0379647 0.0388403 0.0356494 0.0364243 0.0364243 0.0371883 0.0380010 0.0364911 0.0389386 0.0380742 0.0372460 0.0364501 0.0380156 0.0380189 0.0379837 0.0364929 0.0373067 0.0357059 0.0372500 0.0357023 0.0364451 0.0348763 0.0365359 0.0348651 0.0364474 0.0364781 0.0349193 0.0356648 0.0356403 0.0361364 0.0356358 0.0342832 0.0348982 0.0333200 0.0333200 0.0327605 0.0325595 0.0325595 
AJ271759.1_Symbiodinium_sp.                                        0.0753400 0.0649850 0.0387320 0.0387953 0.0372296 0.0136417 0.0000000 0.0136307 0.0099824 0.0129080 0.0136652 0.0114699 0.0085537 0.0078306 0.0063963 0.0056765 0.0056765 0.0122222 0.0128945 0.0121998 0.0107230 0.0121874 0.0114634 0.0100071 0.0100107 0.0092753 0.0092876 0.0092935 0.0085649 0.0085529 0.0085521 0.0085521 0.0086580 0.0078384 0.0078326 0.0078326 0.0079604 0.0444245 0.0404834 0.0403740 0.0395913 0.0395913 0.0386923 0.0382045 0.0388421 0.0388205 0.0380189 0.0380049 0.0380049 0.0384955 0.0302639 0.0309880 0.0355106 0.0301651 0.0339987 0.0320862 0.0443879 0.0467691 0.0443297 0.0410438 0.0457096 0.0459129 0.0444191 0.0466932 0.0460166 0.0450948 0.0451458 0.0458199 0.0459816 0.0467907 0.0459034 0.0441899 0.0435198 0.0388061 0.0387670 0.0388446 0.0388446 0.0411695 0.0419579 0.0410826 0.0371594 0.0388934 0.0403319 0.0395621 0.0396590 0.0371772 0.0387864 0.0387275 0.0357902 0.0379814 0.0387218 0.0380077 0.0371182 0.0379883 0.0340408 0.0348114 0.0348114 0.0363447 0.0371535 0.0356483 0.0380841 0.0356824 0.0364008 0.0356084 0.0371677 0.0371710 0.0371366 0.0356501 0.0364600 0.0348663 0.0364048 0.0348628 0.0356035 0.0340412 0.0356919 0.0340303 0.0356058 0.0356356 0.0340830 0.0348264 0.0348024 0.0352855 0.0347981 0.0334461 0.0340624 0.0324911 0.0324911 0.0319285 0.0317332 0.0317332 
AJ271754.1_Symbiodinium_sp.                                        0.0692548 0.0632323 0.0379081 0.0356721 0.0341184 0.0158473 0.0136307 0.0000000 0.0121604 0.0092743 0.0100168 0.0078456 0.0107264 0.0099982 0.0085558 0.0078302 0.0078302 0.0085828 0.0092655 0.0085670 0.0071125 0.0085584 0.0078411 0.0064005 0.0064028 0.0071092 0.0056864 0.0056900 0.0049708 0.0063916 0.0049634 0.0049634 0.0050246 0.0056802 0.0056759 0.0056759 0.0057682 0.0396919 0.0357913 0.0356956 0.0349210 0.0349210 0.0339541 0.0334354 0.0341757 0.0341569 0.0333662 0.0333540 0.0333540 0.0337826 0.0249289 0.0256505 0.0316648 0.0248480 0.0301631 0.0282229 0.0404369 0.0427971 0.0403842 0.0371399 0.0417692 0.0419535 0.0404652 0.0427280 0.0420474 0.0411449 0.0404129 0.0410923 0.0412359 0.0428165 0.0403621 0.0402577 0.0395836 0.0349115 0.0348766 0.0364878 0.0364878 0.0372524 0.0380338 0.0371745 0.0348406 0.0349893 0.0364272 0.0356635 0.0357502 0.0333044 0.0348941 0.0348414 0.0319122 0.0340987 0.0348363 0.0333469 0.0332519 0.0341048 0.0302004 0.0309643 0.0309643 0.0324851 0.0332833 0.0325461 0.0341904 0.0318169 0.0325348 0.0317513 0.0332958 0.0332988 0.0332681 0.0317882 0.0325874 0.0310124 0.0325383 0.0279398 0.0317471 0.0302005 0.0318253 0.0301910 0.0317490 0.0317753 0.0302375 0.0309773 0.0309561 0.0313840 0.0309524 0.0295915 0.0302194 0.0286656 0.0286656 0.0280845 0.0279135 0.0279135 
AJ271756.1_Symbiodinium_sp.                                        0.0735235 0.0632449 0.0371010 0.0371928 0.0356348 0.0121700 0.0099824 0.0121604 0.0000000 0.0114404 0.0121909 0.0100079 0.0071080 0.0063888 0.0049609 0.0042454 0.0042454 0.0107529 0.0114295 0.0107331 0.0092672 0.0107223 0.0100022 0.0085534 0.0085564 0.0078262 0.0078366 0.0078416 0.0071173 0.0071074 0.0071067 0.0071067 0.0071945 0.0063952 0.0063905 0.0063905 0.0064944 0.0427908 0.0388683 0.0387637 0.0379847 0.0379847 0.0370634 0.0365655 0.0372377 0.0372171 0.0364202 0.0364068 0.0364068 0.0368755 0.0287035 0.0294261 0.0339315 0.0286100 0.0324254 0.0305036 0.0427557 0.0451256 0.0426999 0.0394347 0.0440804 0.0442756 0.0427857 0.0450526 0.0443751 0.0434623 0.0435112 0.0441864 0.0443416 0.0451462 0.0442665 0.0425658 0.0418947 0.0372033 0.0371660 0.0372401 0.0372401 0.0395549 0.0403395 0.0394718 0.0355682 0.0365146 0.0387233 0.0379569 0.0380494 0.0355852 0.0371846 0.0371283 0.0341975 0.0363844 0.0371228 0.0364096 0.0355289 0.0363910 0.0324655 0.0332325 0.0332325 0.0347590 0.0355625 0.0340626 0.0364825 0.0340949 0.0348124 0.0340245 0.0355761 0.0355792 0.0355464 0.0340642 0.0348688 0.0332845 0.0348162 0.0332813 0.0340199 0.0324657 0.0341040 0.0309340 0.0340220 0.0340504 0.0325055 0.0332466 0.0332239 0.0336837 0.0332198 0.0318656 0.0324860 0.0309235 0.0309235 0.0303539 0.0301688 0.0301688 
AJ271764.1_Symbiodinium_sp.                                        0.0648034 0.0613920 0.0354121 0.0332388 0.0316994 0.0151207 0.0129080 0.0092743 0.0114404 0.0000000 0.0092975 0.0071294 0.0100073 0.0092803 0.0078396 0.0071155 0.0071155 0.0078644 0.0085494 0.0078499 0.0063986 0.0078421 0.0071254 0.0056871 0.0056891 0.0063957 0.0049736 0.0049768 0.0042590 0.0056791 0.0042526 0.0042526 0.0043051 0.0049682 0.0049645 0.0049645 0.0050451 0.0372153 0.0333493 0.0332609 0.0324931 0.0324931 0.0314948 0.0309621 0.0309717 0.0317352 0.0301747 0.0309416 0.0309416 0.0313369 0.0240869 0.0233006 0.0307879 0.0240091 0.0292940 0.0273547 0.0363952 0.0387254 0.0363481 0.0331574 0.0377331 0.0378977 0.0364203 0.0386635 0.0379813 0.0371016 0.0371426 0.0378228 0.0379534 0.0387426 0.0378903 0.0362355 0.0355597 0.0309464 0.0309159 0.0325002 0.0325002 0.0332564 0.0340278 0.0331877 0.0308843 0.0310145 0.0324466 0.0316917 0.0317678 0.0293669 0.0309313 0.0308851 0.0279746 0.0301484 0.0308806 0.0309239 0.0300949 0.0301537 0.0270535 0.0278090 0.0278090 0.0285637 0.0293484 0.0278661 0.0302287 0.0278920 0.0286069 0.0278350 0.0293592 0.0293619 0.0293351 0.0278670 0.0286526 0.0271020 0.0286098 0.0255819 0.0278315 0.0263061 0.0278992 0.0262980 0.0278331 0.0278558 0.0263382 0.0270717 0.0270534 0.0274245 0.0270504 0.0256853 0.0263225 0.0247919 0.0247919 0.0241941 0.0240480 0.0240480 
L13718.1_Symbiodinium_meandrinae                                   0.0678165 0.0618101 0.0347912 0.0342247 0.0326719 0.0158876 0.0136652 0.0100168 0.0121909 0.0092975 0.0000000 0.0078651 0.0107533 0.0100232 0.0085771 0.0078497 0.0078497 0.0014192 0.0035449 0.0028406 0.0028342 0.0028377 0.0078607 0.0064165 0.0064188 0.0071268 0.0057006 0.0057042 0.0049832 0.0064075 0.0049757 0.0049757 0.0050372 0.0056943 0.0056900 0.0056900 0.0057828 0.0397984 0.0358867 0.0357904 0.0350136 0.0350136 0.0340456 0.0327071 0.0342663 0.0342475 0.0334545 0.0334422 0.0334422 0.0338731 0.0265039 0.0272277 0.0332743 0.0264175 0.0317650 0.0298320 0.0421105 0.0444849 0.0420553 0.0387861 0.0434413 0.0436340 0.0421400 0.0444128 0.0437323 0.0428196 0.0428678 0.0435460 0.0436993 0.0445053 0.0428262 0.0419229 0.0412489 0.0365487 0.0365120 0.0381356 0.0381356 0.0389044 0.0396905 0.0388225 0.0364741 0.0366307 0.0380721 0.0373042 0.0373953 0.0349289 0.0365303 0.0364749 0.0335357 0.0341687 0.0364695 0.0342127 0.0348735 0.0357355 0.0302797 0.0295229 0.0295229 0.0341022 0.0349066 0.0334032 0.0358256 0.0334349 0.0341547 0.0333657 0.0349199 0.0349230 0.0348907 0.0334047 0.0342101 0.0326238 0.0341584 0.0310729 0.0333612 0.0318046 0.0334438 0.0317945 0.0333633 0.0333911 0.0318437 0.0325866 0.0325642 0.0330162 0.0325603 0.0312000 0.0318245 0.0302599 0.0302599 0.0296852 0.0295037 0.0295037 
KU188508.1_Symbiodinium_sp.                                        0.0685163 0.0625539 0.0356089 0.0334197 0.0318715 0.0136771 0.0114699 0.0078456 0.0100079 0.0071294 0.0078651 0.0000000 0.0085756 0.0078506 0.0064126 0.0056910 0.0056910 0.0064329 0.0071227 0.0064211 0.0049755 0.0064146 0.0056904 0.0042579 0.0042594 0.0049731 0.0035464 0.0035486 0.0028344 0.0042583 0.0028344 0.0028344 0.0028693 0.0035478 0.0035451 0.0035451 0.0036027 0.0389753 0.0350746 0.0349808 0.0342062 0.0342062 0.0332275 0.0327031 0.0334604 0.0334420 0.0326517 0.0326397 0.0326397 0.0330595 0.0242157 0.0249382 0.0309539 0.0241371 0.0294517 0.0275032 0.0389369 0.0412929 0.0388861 0.0364271 0.0410572 0.0412384 0.0397487 0.0420131 0.0413306 0.0404302 0.0404755 0.0411557 0.0412997 0.0421001 0.0412301 0.0395448 0.0388689 0.0341969 0.0341628 0.0357726 0.0357726 0.0365375 0.0373188 0.0364611 0.0341275 0.0342731 0.0357132 0.0349494 0.0350343 0.0325912 0.0341799 0.0341283 0.0311958 0.0333850 0.0341232 0.0334081 0.0325398 0.0333909 0.0294882 0.0302520 0.0302520 0.0317730 0.0325705 0.0310733 0.0334748 0.0311026 0.0318216 0.0310385 0.0325827 0.0325857 0.0325557 0.0310746 0.0318731 0.0302990 0.0318250 0.0287584 0.0310344 0.0294882 0.0311108 0.0294789 0.0310363 0.0310620 0.0295244 0.0302647 0.0302440 0.0306624 0.0302404 0.0288756 0.0295067 0.0279537 0.0279537 0.0273681 0.0272013 0.0272013 
AB055917.1_Symbiodinium_sp.                                        0.0719183 0.0616826 0.0355469 0.0356935 0.0341389 0.0107349 0.0085537 0.0107264 0.0071080 0.0100073 0.0107533 0.0085756 0.0000000 0.0049675 0.0035424 0.0028294 0.0028294 0.0093163 0.0099978 0.0092991 0.0078390 0.0092898 0.0085707 0.0071256 0.0071282 0.0064013 0.0064098 0.0064138 0.0056921 0.0056841 0.0056836 0.0056836 0.0057538 0.0049725 0.0049688 0.0049688 0.0043255 0.0412761 0.0373612 0.0372609 0.0364834 0.0364834 0.0347612 0.0342474 0.0357367 0.0357170 0.0349224 0.0349096 0.0349096 0.0353590 0.0272229 0.0279459 0.0324460 0.0271343 0.0309417 0.0290064 0.0412423 0.0436074 0.0411885 0.0379347 0.0425729 0.0403615 0.0388762 0.0411332 0.0404514 0.0395572 0.0411571 0.0418349 0.0419811 0.0436273 0.0419104 0.0410593 0.0403857 0.0357037 0.0356680 0.0357389 0.0357389 0.0372225 0.0364582 0.0379702 0.0356311 0.0357834 0.0372219 0.0364568 0.0365455 0.0340917 0.0356858 0.0356319 0.0327000 0.0348882 0.0356266 0.0349124 0.0340378 0.0348945 0.0309800 0.0317455 0.0317455 0.0332694 0.0340700 0.0325713 0.0349821 0.0326021 0.0333204 0.0325348 0.0340828 0.0340859 0.0340545 0.0325727 0.0333743 0.0317950 0.0333240 0.0317920 0.0325305 0.0309801 0.0326108 0.0309704 0.0325325 0.0325595 0.0310181 0.0317589 0.0317372 0.0321764 0.0317334 0.0303737 0.0309995 0.0294416 0.0294416 0.0288640 0.0286880 0.0286880 
AJ271757.1_Symbiodinium_sp.                                        0.0710370 0.0608342 0.0347718 0.0349044 0.0333533 0.0100061 0.0078306 0.0099982 0.0063888 0.0092803 0.0100232 0.0078506 0.0049675 0.0000000 0.0028302 0.0021193 0.0021193 0.0085883 0.0092715 0.0085725 0.0071170 0.0085639 0.0078462 0.0064046 0.0064069 0.0056825 0.0056901 0.0056937 0.0049740 0.0049671 0.0049666 0.0049666 0.0050279 0.0042565 0.0042534 0.0042534 0.0043224 0.0404732 0.0365664 0.0364684 0.0356926 0.0356926 0.0347370 0.0342234 0.0349467 0.0349275 0.0341350 0.0341225 0.0341225 0.0345613 0.0264526 0.0271750 0.0316676 0.0263666 0.0301658 0.0282256 0.0404402 0.0428004 0.0403874 0.0371430 0.0417725 0.0419568 0.0404684 0.0427313 0.0420507 0.0411482 0.0411942 0.0418727 0.0412391 0.0428198 0.0419483 0.0402609 0.0395868 0.0349145 0.0348796 0.0349489 0.0349489 0.0372555 0.0380369 0.0371776 0.0348436 0.0349923 0.0364303 0.0356666 0.0357532 0.0333073 0.0348971 0.0348444 0.0319151 0.0341017 0.0348393 0.0341253 0.0332548 0.0341077 0.0302032 0.0309671 0.0309671 0.0324880 0.0332862 0.0317897 0.0341933 0.0318197 0.0325377 0.0317541 0.0332987 0.0333017 0.0332711 0.0317910 0.0325903 0.0310152 0.0325411 0.0310123 0.0317499 0.0302033 0.0318281 0.0301938 0.0317519 0.0317782 0.0302403 0.0309801 0.0309589 0.0313869 0.0309552 0.0295942 0.0302221 0.0286683 0.0286683 0.0280871 0.0279161 0.0279161 
AB863030.1_Symbiodinium_sp.                                        0.0693360 0.0591920 0.0332023 0.0333623 0.0318167 0.0085625 0.0063963 0.0085558 0.0049609 0.0078396 0.0085771 0.0064126 0.0035424 0.0028302 0.0000000 0.0007046 0.0007046 0.0071451 0.0078322 0.0071320 0.0056842 0.0071248 0.0064090 0.0049732 0.0049749 0.0042549 0.0042605 0.0042632 0.0035470 0.0035421 0.0035417 0.0035417 0.0035854 0.0028330 0.0028309 0.0028309 0.0028768 0.0389078 0.0350141 0.0349206 0.0341474 0.0341474 0.0331694 0.0326456 0.0334028 0.0333845 0.0325956 0.0325836 0.0325836 0.0330020 0.0249409 0.0256628 0.0301440 0.0248599 0.0286460 0.0266946 0.0388761 0.0412283 0.0388255 0.0355971 0.0402127 0.0403896 0.0389032 0.0411619 0.0404796 0.0395846 0.0396288 0.0403089 0.0404495 0.0412469 0.0403815 0.0387042 0.0380284 0.0333721 0.0333388 0.0334048 0.0334048 0.0357045 0.0364832 0.0356301 0.0333045 0.0334462 0.0348840 0.0341226 0.0342052 0.0317733 0.0333555 0.0333053 0.0303789 0.0325638 0.0333004 0.0325864 0.0317233 0.0325695 0.0286815 0.0294428 0.0294428 0.0309590 0.0317531 0.0302599 0.0326511 0.0302884 0.0310062 0.0302260 0.0317650 0.0317679 0.0317387 0.0302611 0.0310562 0.0294883 0.0310095 0.0294856 0.0302221 0.0286815 0.0302963 0.0286725 0.0302239 0.0302488 0.0287166 0.0294551 0.0294350 0.0298413 0.0294316 0.0280669 0.0286994 0.0271523 0.0271523 0.0265637 0.0264023 0.0264023 
AB016579.1_Symbiodinium_sp.                                        0.0684234 0.0583202 0.0323917 0.0325656 0.0310243 0.0078364 0.0056765 0.0078302 0.0042454 0.0071155 0.0078497 0.0056910 0.0028294 0.0021193 0.0007046 0.0000000 0.0000010 0.0064203 0.0071088 0.0064085 0.0049658 0.0064021 0.0056878 0.0042559 0.0042574 0.0035401 0.0035448 0.0035470 0.0028331 0.0028291 0.0028289 0.0028289 0.0028637 0.0021214 0.0021198 0.0021198 0.0021541 0.0380943 0.0342108 0.0341196 0.0333484 0.0333484 0.0323598 0.0318312 0.0326051 0.0325873 0.0318009 0.0317893 0.0317893 0.0321968 0.0241669 0.0248879 0.0293595 0.0240886 0.0278648 0.0259093 0.0380634 0.0404093 0.0380139 0.0347965 0.0394009 0.0395739 0.0380898 0.0403444 0.0396618 0.0387715 0.0388146 0.0394951 0.0396324 0.0404274 0.0395660 0.0378954 0.0372193 0.0325752 0.0325428 0.0326071 0.0326071 0.0349012 0.0356779 0.0348287 0.0325094 0.0326473 0.0340839 0.0333243 0.0334048 0.0309821 0.0325591 0.0325102 0.0295878 0.0317700 0.0325054 0.0317920 0.0309334 0.0317756 0.0278993 0.0286586 0.0286586 0.0301711 0.0309625 0.0294723 0.0318550 0.0294998 0.0302170 0.0294393 0.0309740 0.0309768 0.0309484 0.0294733 0.0302656 0.0287028 0.0302202 0.0287002 0.0294355 0.0278992 0.0295076 0.0278905 0.0294372 0.0294614 0.0279334 0.0286705 0.0286510 0.0290458 0.0286477 0.0272823 0.0279166 0.0263744 0.0263744 0.0257824 0.0256260 0.0256260 
AB016572.1_Symbiodinium_sp.                                        0.0684234 0.0583202 0.0323917 0.0325656 0.0310243 0.0078364 0.0056765 0.0078302 0.0042454 0.0071155 0.0078497 0.0056910 0.0028294 0.0021193 0.0007046 0.0000010 0.0000000 0.0064203 0.0071088 0.0064085 0.0049658 0.0064021 0.0056878 0.0042559 0.0042574 0.0035401 0.0035448 0.0035470 0.0028331 0.0028291 0.0028289 0.0028289 0.0028637 0.0021214 0.0021198 0.0021198 0.0021541 0.0380943 0.0342108 0.0341196 0.0333484 0.0333484 0.0323598 0.0318312 0.0326051 0.0325873 0.0318009 0.0317893 0.0317893 0.0321968 0.0241669 0.0248879 0.0293595 0.0240886 0.0278648 0.0259093 0.0380634 0.0404093 0.0380139 0.0347965 0.0394009 0.0395739 0.0380898 0.0403444 0.0396618 0.0387715 0.0388146 0.0394951 0.0396324 0.0404274 0.0395660 0.0378954 0.0372193 0.0325752 0.0325428 0.0326071 0.0326071 0.0349012 0.0356779 0.0348287 0.0325094 0.0326473 0.0340839 0.0333243 0.0334048 0.0309821 0.0325591 0.0325102 0.0295878 0.0317700 0.0325054 0.0317920 0.0309334 0.0317756 0.0278993 0.0286586 0.0286586 0.0301711 0.0309625 0.0294723 0.0318550 0.0294998 0.0302170 0.0294393 0.0309740 0.0309768 0.0309484 0.0294733 0.0302656 0.0287028 0.0302202 0.0287002 0.0294355 0.0278992 0.0295076 0.0278905 0.0294372 0.0294614 0.0279334 0.0286705 0.0286510 0.0290458 0.0286477 0.0272823 0.0279166 0.0263744 0.0263744 0.0257824 0.0256260 0.0256260 
L13717.1_Symbiodinium_corculorum                                   0.0662062 0.0602365 0.0332642 0.0327227 0.0311736 0.0144377 0.0122222 0.0085828 0.0107529 0.0078644 0.0014192 0.0064329 0.0093163 0.0085883 0.0071451 0.0064203 0.0064203 0.0000000 0.0021262 0.0014198 0.0014166 0.0014184 0.0064293 0.0049889 0.0049906 0.0056995 0.0042740 0.0042767 0.0035582 0.0049819 0.0035529 0.0035529 0.0035968 0.0042692 0.0042660 0.0042660 0.0043355 0.0375062 0.0343766 0.0342846 0.0335095 0.0335095 0.0325185 0.0311725 0.0327626 0.0327446 0.0319542 0.0319424 0.0319424 0.0323539 0.0250213 0.0257455 0.0317823 0.0249398 0.0302750 0.0283287 0.0405889 0.0429581 0.0405358 0.0372785 0.0419254 0.0421111 0.0406174 0.0428885 0.0422057 0.0412993 0.0413457 0.0420263 0.0421740 0.0429777 0.0413057 0.0404083 0.0397320 0.0350420 0.0350069 0.0366244 0.0366244 0.0373919 0.0381763 0.0373134 0.0349706 0.0351204 0.0365634 0.0357968 0.0358841 0.0334286 0.0350245 0.0349714 0.0320316 0.0326694 0.0349662 0.0327114 0.0333756 0.0342321 0.0287908 0.0280353 0.0280353 0.0326059 0.0334072 0.0319053 0.0343183 0.0319355 0.0326560 0.0318694 0.0334199 0.0334229 0.0333920 0.0319066 0.0327090 0.0311279 0.0326595 0.0295810 0.0318652 0.0303127 0.0319440 0.0303031 0.0318672 0.0318937 0.0303500 0.0310925 0.0310711 0.0315022 0.0310675 0.0297020 0.0303317 0.0287720 0.0287720 0.0281893 0.0280170 0.0280170 
AB055918.1_Symbiodinium_sp.                                        0.0667317 0.0607745 0.0338933 0.0333437 0.0317991 0.0151060 0.0128945 0.0092655 0.0114295 0.0085494 0.0035449 0.0071227 0.0099978 0.0092715 0.0078322 0.0071088 0.0071088 0.0021262 0.0000000 0.0021223 0.0021175 0.0021202 0.0071187 0.0056817 0.0056837 0.0063896 0.0049689 0.0049721 0.0042550 0.0056738 0.0042486 0.0042486 0.0043010 0.0049635 0.0049598 0.0049598 0.0050402 0.0388858 0.0349945 0.0349011 0.0341283 0.0341283 0.0331506 0.0318131 0.0333842 0.0333659 0.0325775 0.0325656 0.0325656 0.0329835 0.0256639 0.0263852 0.0324028 0.0255807 0.0309005 0.0289674 0.0411869 0.0435487 0.0411332 0.0378840 0.0425159 0.0427036 0.0412157 0.0434785 0.0427992 0.0418940 0.0419409 0.0426179 0.0427671 0.0435685 0.0426950 0.0410043 0.0403315 0.0356559 0.0356203 0.0372339 0.0372339 0.0379989 0.0387809 0.0379194 0.0355835 0.0357354 0.0371721 0.0364080 0.0364965 0.0340461 0.0356381 0.0355843 0.0326562 0.0348416 0.0355790 0.0333322 0.0339924 0.0348478 0.0294216 0.0286685 0.0286685 0.0332250 0.0340245 0.0325278 0.0349353 0.0325585 0.0332759 0.0324914 0.0340373 0.0340404 0.0340091 0.0325292 0.0333297 0.0317526 0.0332795 0.0302100 0.0324871 0.0309389 0.0325672 0.0309291 0.0324891 0.0325160 0.0309768 0.0317166 0.0316949 0.0321330 0.0316911 0.0295751 0.0309582 0.0294025 0.0294025 0.0288254 0.0286499 0.0286499 
X62650.1_S.pilosum                                                 0.0660768 0.0601208 0.0332008 0.0326614 0.0311152 0.0144112 0.0121998 0.0085670 0.0107331 0.0078499 0.0028406 0.0064211 0.0092991 0.0085725 0.0071320 0.0064085 0.0064085 0.0014198 0.0021223 0.0000000 0.0014140 0.0014158 0.0064175 0.0049797 0.0049815 0.0056891 0.0042661 0.0042688 0.0035517 0.0049728 0.0035464 0.0035464 0.0035901 0.0042614 0.0042583 0.0042583 0.0043275 0.0382077 0.0343119 0.0342202 0.0334466 0.0334466 0.0324565 0.0311127 0.0327011 0.0326832 0.0318943 0.0318826 0.0318826 0.0322926 0.0249747 0.0256976 0.0317231 0.0248936 0.0302186 0.0282754 0.0405123 0.0428769 0.0404594 0.0372086 0.0418466 0.0420316 0.0405406 0.0428076 0.0421259 0.0412215 0.0412677 0.0419472 0.0420943 0.0428964 0.0420231 0.0403324 0.0396572 0.0349762 0.0349412 0.0365555 0.0365555 0.0373216 0.0381045 0.0372434 0.0349051 0.0350543 0.0364947 0.0357296 0.0358166 0.0333660 0.0349588 0.0349059 0.0319714 0.0341618 0.0349007 0.0326502 0.0333133 0.0341679 0.0287371 0.0279831 0.0279831 0.0325450 0.0333448 0.0318456 0.0342538 0.0318757 0.0325949 0.0318099 0.0333573 0.0333603 0.0333296 0.0318469 0.0326477 0.0310697 0.0325984 0.0295258 0.0318057 0.0302562 0.0318842 0.0302466 0.0318076 0.0318340 0.0302933 0.0310344 0.0310132 0.0314427 0.0310095 0.0296463 0.0302751 0.0287184 0.0287184 0.0281365 0.0279648 0.0279648 
AB016723.1_Symbiodinium_sp.                                        0.0659056 0.0599687 0.0331194 0.0310548 0.0295178 0.0129207 0.0107230 0.0071125 0.0092672 0.0063986 0.0028342 0.0049755 0.0078390 0.0071170 0.0056842 0.0049658 0.0049658 0.0014166 0.0021175 0.0014140 0.0000000 0.0014126 0.0049727 0.0035436 0.0035449 0.0042508 0.0028334 0.0028352 0.0021230 0.0035387 0.0021199 0.0021199 0.0021459 0.0028303 0.0028282 0.0028282 0.0028740 0.0381146 0.0342288 0.0341376 0.0333659 0.0333659 0.0323770 0.0310361 0.0326222 0.0326044 0.0318175 0.0318059 0.0318059 0.0322139 0.0234147 0.0241355 0.0301303 0.0233389 0.0286331 0.0266825 0.0388582 0.0412093 0.0388077 0.0355808 0.0401942 0.0403709 0.0388853 0.0411429 0.0404609 0.0395664 0.0396105 0.0402904 0.0404308 0.0412278 0.0403629 0.0386865 0.0380109 0.0333568 0.0333236 0.0349260 0.0349260 0.0356881 0.0364665 0.0356138 0.0332893 0.0334309 0.0348681 0.0341070 0.0341896 0.0317588 0.0333403 0.0332901 0.0303650 0.0325489 0.0332852 0.0310444 0.0317089 0.0325547 0.0271578 0.0279163 0.0279163 0.0309449 0.0317387 0.0302462 0.0326362 0.0302746 0.0309922 0.0302123 0.0317506 0.0317534 0.0317243 0.0302474 0.0310421 0.0294750 0.0309954 0.0279406 0.0302084 0.0286685 0.0302826 0.0286595 0.0302102 0.0302351 0.0287036 0.0294417 0.0294216 0.0298276 0.0294182 0.0280542 0.0286864 0.0271401 0.0271401 0.0265517 0.0263904 0.0263904 
AB016724.1_Symbiodinium_sp.                                        0.0660048 0.0600566 0.0331657 0.0326274 0.0310829 0.0143966 0.0121874 0.0085584 0.0107223 0.0078421 0.0028377 0.0064146 0.0092898 0.0085639 0.0071248 0.0064021 0.0064021 0.0014184 0.0021202 0.0014158 0.0014126 0.0000000 0.0064110 0.0049747 0.0049765 0.0056834 0.0042619 0.0042645 0.0035481 0.0049678 0.0035428 0.0035428 0.0035865 0.0042572 0.0042540 0.0042540 0.0043231 0.0381677 0.0342761 0.0341846 0.0334118 0.0334118 0.0324222 0.0310796 0.0326670 0.0326492 0.0318611 0.0318495 0.0318495 0.0322586 0.0249490 0.0256711 0.0316903 0.0248680 0.0301874 0.0282459 0.0404698 0.0428319 0.0404170 0.0371699 0.0418030 0.0419876 0.0404981 0.0427627 0.0420816 0.0411783 0.0412244 0.0419034 0.0420501 0.0428513 0.0419791 0.0402903 0.0396157 0.0349398 0.0349049 0.0365174 0.0365174 0.0372826 0.0380647 0.0372046 0.0348688 0.0350177 0.0364567 0.0356924 0.0357792 0.0333313 0.0349224 0.0348696 0.0319381 0.0341263 0.0348645 0.0326162 0.0332787 0.0341324 0.0287074 0.0279542 0.0279542 0.0325113 0.0333102 0.0318126 0.0342181 0.0318426 0.0325611 0.0317769 0.0333227 0.0333257 0.0332950 0.0318139 0.0326137 0.0310375 0.0325646 0.0294952 0.0317727 0.0302249 0.0318510 0.0302153 0.0317746 0.0318010 0.0302619 0.0310023 0.0309811 0.0314097 0.0309774 0.0296155 0.0302438 0.0286887 0.0286887 0.0281072 0.0279360 0.0279360 
KU188515.1_Symbiodinium_sp.                                        0.0684697 0.0625126 0.0355865 0.0333992 0.0318519 0.0136692 0.0114634 0.0078411 0.0100022 0.0071254 0.0078607 0.0056904 0.0085707 0.0078462 0.0064090 0.0056878 0.0056878 0.0064293 0.0071187 0.0064175 0.0049727 0.0064110 0.0000000 0.0042555 0.0042570 0.0049703 0.0035444 0.0035466 0.0028328 0.0042559 0.0028328 0.0028328 0.0028677 0.0035458 0.0035431 0.0035431 0.0028780 0.0389509 0.0350529 0.0349592 0.0341851 0.0341851 0.0324228 0.0318936 0.0334398 0.0334214 0.0326316 0.0326197 0.0326197 0.0330390 0.0242012 0.0249232 0.0309351 0.0241226 0.0294338 0.0274864 0.0396961 0.0420546 0.0396443 0.0364046 0.0410316 0.0412125 0.0397238 0.0419867 0.0413047 0.0404049 0.0404501 0.0411300 0.0412738 0.0420736 0.0412043 0.0395202 0.0388447 0.0341758 0.0341417 0.0357505 0.0357505 0.0365148 0.0372957 0.0364385 0.0341065 0.0342519 0.0356911 0.0349279 0.0350127 0.0325713 0.0341588 0.0341073 0.0311767 0.0333645 0.0341023 0.0333876 0.0325199 0.0333704 0.0294703 0.0302336 0.0302336 0.0317536 0.0325506 0.0310543 0.0334541 0.0310836 0.0318022 0.0310195 0.0325628 0.0325657 0.0325358 0.0310556 0.0318535 0.0302805 0.0318055 0.0287409 0.0310155 0.0294703 0.0310918 0.0294610 0.0310173 0.0310430 0.0295065 0.0302463 0.0302256 0.0306435 0.0302220 0.0288580 0.0294887 0.0279368 0.0279368 0.0273515 0.0271849 0.0271849 
KU188511.1_Symbiodinium_sp.                                        0.0667245 0.0608167 0.0339877 0.0318371 0.0302967 0.0122014 0.0100071 0.0064005 0.0085534 0.0056871 0.0064165 0.0042579 0.0071256 0.0064046 0.0049732 0.0042559 0.0042559 0.0049889 0.0056817 0.0049797 0.0035436 0.0049747 0.0042555 0.0000000 0.0028314 0.0035420 0.0021217 0.0021230 0.0014131 0.0028307 0.0014131 0.0014131 0.0014305 0.0021225 0.0021209 0.0021209 0.0021552 0.0373612 0.0334794 0.0333902 0.0326194 0.0326194 0.0316191 0.0310850 0.0318758 0.0318584 0.0310728 0.0310615 0.0310615 0.0314598 0.0226799 0.0234008 0.0293911 0.0226064 0.0278948 0.0259375 0.0381048 0.0404533 0.0380552 0.0348341 0.0394435 0.0396168 0.0381313 0.0403882 0.0397050 0.0388136 0.0388568 0.0395379 0.0396755 0.0404714 0.0396090 0.0379364 0.0372597 0.0326105 0.0325780 0.0341775 0.0341775 0.0349390 0.0357165 0.0348663 0.0325445 0.0326828 0.0341208 0.0333604 0.0326778 0.0310156 0.0325944 0.0325453 0.0296198 0.0318043 0.0325406 0.0318264 0.0309668 0.0318099 0.0279293 0.0286895 0.0286895 0.0302036 0.0309959 0.0295041 0.0318895 0.0295317 0.0302497 0.0294710 0.0310074 0.0310102 0.0309818 0.0295052 0.0302984 0.0287338 0.0302528 0.0272013 0.0294672 0.0279293 0.0295395 0.0279206 0.0294690 0.0294932 0.0279635 0.0287014 0.0286818 0.0290775 0.0286786 0.0273119 0.0279467 0.0264027 0.0264027 0.0258104 0.0256536 0.0256536 
KU188514.1_Symbiodinium_sp.                                        0.0667539 0.0608427 0.0340013 0.0318496 0.0303085 0.0122058 0.0100107 0.0064028 0.0085564 0.0056891 0.0064188 0.0042594 0.0071282 0.0064069 0.0049749 0.0042574 0.0042574 0.0049906 0.0056837 0.0049815 0.0035449 0.0049765 0.0042570 0.0028314 0.0000000 0.0035432 0.0021224 0.0021238 0.0014136 0.0028317 0.0014136 0.0014136 0.0014310 0.0021233 0.0021217 0.0021217 0.0021552 0.0373761 0.0334926 0.0334034 0.0326322 0.0326322 0.0316316 0.0310975 0.0318883 0.0318709 0.0310850 0.0310736 0.0310736 0.0314723 0.0226885 0.0234097 0.0294025 0.0226150 0.0279056 0.0259476 0.0381200 0.0404696 0.0380704 0.0348479 0.0394593 0.0396327 0.0381465 0.0404044 0.0397209 0.0388291 0.0388723 0.0395537 0.0396915 0.0404877 0.0396249 0.0379515 0.0372745 0.0326233 0.0325908 0.0341909 0.0341909 0.0349529 0.0357307 0.0348801 0.0325573 0.0326956 0.0341342 0.0333735 0.0334543 0.0310277 0.0326072 0.0325581 0.0296314 0.0318167 0.0325533 0.0318388 0.0309789 0.0318224 0.0279401 0.0287006 0.0287006 0.0302154 0.0310080 0.0295155 0.0319021 0.0295432 0.0302614 0.0294824 0.0310195 0.0310223 0.0309939 0.0295166 0.0303102 0.0287449 0.0302646 0.0272118 0.0294787 0.0279401 0.0295510 0.0279313 0.0294804 0.0295047 0.0279743 0.0287125 0.0286929 0.0290889 0.0286896 0.0273224 0.0279575 0.0264129 0.0264129 0.0258203 0.0256634 0.0256634 
AF238256.1_Symbiodinium_sp._Type_A                                 0.0675427 0.0599381 0.0331704 0.0325667 0.0310252 0.0114625 0.0092753 0.0071092 0.0078262 0.0063957 0.0071268 0.0049731 0.0064013 0.0056825 0.0042549 0.0035401 0.0035401 0.0056995 0.0063896 0.0056891 0.0042508 0.0056834 0.0049703 0.0035420 0.0035432 0.0000000 0.0028321 0.0028339 0.0021220 0.0021191 0.0021189 0.0021189 0.0021449 0.0014124 0.0014114 0.0014114 0.0014340 0.0380957 0.0342119 0.0341208 0.0333495 0.0333495 0.0323608 0.0318322 0.0326062 0.0325884 0.0318019 0.0317903 0.0317903 0.0321979 0.0234034 0.0241238 0.0301157 0.0233277 0.0286192 0.0266694 0.0388390 0.0411888 0.0387885 0.0355634 0.0401744 0.0403510 0.0388660 0.0411225 0.0404408 0.0395468 0.0395909 0.0402705 0.0404108 0.0412073 0.0403429 0.0386674 0.0379922 0.0333405 0.0333073 0.0349088 0.0349088 0.0356706 0.0364485 0.0355963 0.0332730 0.0334144 0.0348509 0.0340903 0.0341728 0.0317433 0.0333240 0.0332738 0.0303501 0.0325330 0.0332689 0.0325555 0.0316934 0.0325388 0.0286546 0.0294152 0.0294152 0.0309298 0.0317232 0.0302314 0.0326202 0.0302598 0.0309770 0.0301976 0.0317350 0.0317379 0.0317088 0.0302326 0.0310269 0.0294606 0.0309803 0.0279270 0.0301937 0.0286546 0.0302678 0.0286456 0.0301955 0.0302204 0.0286896 0.0294274 0.0294073 0.0298129 0.0294039 0.0280405 0.0286725 0.0271269 0.0271269 0.0265387 0.0263776 0.0263776 
KU188513.1_Symbiodinium_sp.                                        0.0659088 0.0600193 0.0332157 0.0310813 0.0295430 0.0114778 0.0092876 0.0056864 0.0078366 0.0049736 0.0057006 0.0035464 0.0064098 0.0056901 0.0042605 0.0035448 0.0035448 0.0042740 0.0049689 0.0042661 0.0028334 0.0042619 0.0035444 0.0021217 0.0021224 0.0028321 0.0000000 0.0014146 0.0007056 0.0021219 0.0007056 0.0007056 0.0007149 0.0014143 0.0014132 0.0014132 0.0014361 0.0365961 0.0327192 0.0326322 0.0318623 0.0318623 0.0308507 0.0303115 0.0311191 0.0311022 0.0303180 0.0303069 0.0303069 0.0306955 0.0219372 0.0226582 0.0286422 0.0218662 0.0271473 0.0251838 0.0373394 0.0396849 0.0372909 0.0340764 0.0386808 0.0388505 0.0373654 0.0396211 0.0389369 0.0380487 0.0380910 0.0387732 0.0389081 0.0397027 0.0388429 0.0371746 0.0364968 0.0318536 0.0318220 0.0334180 0.0334180 0.0341789 0.0349553 0.0341078 0.0317893 0.0319241 0.0333626 0.0326031 0.0326818 0.0302622 0.0318379 0.0317901 0.0288649 0.0310494 0.0317854 0.0310709 0.0302147 0.0310548 0.0271809 0.0279401 0.0279401 0.0294524 0.0302430 0.0287523 0.0311325 0.0287791 0.0294973 0.0287200 0.0302542 0.0302570 0.0302292 0.0287533 0.0295447 0.0279831 0.0295003 0.0264530 0.0287164 0.0271808 0.0287867 0.0271724 0.0287180 0.0287416 0.0272141 0.0279517 0.0279326 0.0283178 0.0279294 0.0265604 0.0271978 0.0256566 0.0256566 0.0250604 0.0249082 0.0249082 
KU188510.1_Symbiodinium_sp.                                        0.0659585 0.0600634 0.0332390 0.0311026 0.0295632 0.0114852 0.0092935 0.0056900 0.0078416 0.0049768 0.0057042 0.0035486 0.0064138 0.0056937 0.0042632 0.0035470 0.0035470 0.0042767 0.0049721 0.0042688 0.0028352 0.0042645 0.0035466 0.0021230 0.0021238 0.0028339 0.0014146 0.0000000 0.0007066 0.0021232 0.0007066 0.0007066 0.0007153 0.0014152 0.0014141 0.0014141 0.0014361 0.0366215 0.0327417 0.0326546 0.0318842 0.0318842 0.0308722 0.0303328 0.0311405 0.0311235 0.0303387 0.0303276 0.0303276 0.0307168 0.0219519 0.0226733 0.0286617 0.0218808 0.0271657 0.0252010 0.0373654 0.0397127 0.0373168 0.0340998 0.0387076 0.0388776 0.0373914 0.0396488 0.0389641 0.0380752 0.0381175 0.0388002 0.0389352 0.0397305 0.0388700 0.0372004 0.0365221 0.0318755 0.0318438 0.0334411 0.0334411 0.0342024 0.0349795 0.0341313 0.0318110 0.0319461 0.0333856 0.0326255 0.0327043 0.0302828 0.0318598 0.0318118 0.0288846 0.0310706 0.0318072 0.0310922 0.0302352 0.0310761 0.0271993 0.0279591 0.0279591 0.0294725 0.0302636 0.0287718 0.0311539 0.0287987 0.0295174 0.0287395 0.0302749 0.0302776 0.0302498 0.0287728 0.0295649 0.0280021 0.0295204 0.0264709 0.0287359 0.0271992 0.0288063 0.0271907 0.0287375 0.0287612 0.0272326 0.0279706 0.0279515 0.0283373 0.0279483 0.0265785 0.0272162 0.0256739 0.0256739 0.0250773 0.0249250 0.0249250 
KU188509.1_Symbiodinium_sp.                                        0.0650543 0.0591886 0.0324274 0.0303107 0.0287754 0.0107490 0.0085649 0.0049708 0.0071173 0.0042590 0.0049832 0.0028344 0.0056921 0.0049740 0.0035470 0.0028331 0.0028331 0.0035582 0.0042550 0.0035517 0.0021230 0.0035481 0.0028328 0.0014131 0.0014136 0.0021220 0.0007056 0.0007066 0.0000000 0.0014132 0.0000010 0.0000010 0.0000010 0.0007060 0.0007056 0.0007056 0.0007177 0.0358129 0.0319432 0.0318584 0.0310900 0.0310900 0.0300675 0.0295233 0.0303476 0.0303311 0.0295488 0.0295380 0.0295380 0.0299164 0.0211849 0.0219054 0.0278800 0.0211164 0.0263873 0.0244186 0.0365556 0.0388967 0.0365081 0.0333022 0.0378988 0.0380648 0.0365809 0.0388342 0.0381493 0.0372650 0.0373063 0.0379893 0.0381211 0.0389140 0.0380574 0.0363945 0.0357159 0.0310815 0.0310507 0.0326424 0.0326424 0.0334021 0.0341771 0.0333328 0.0310188 0.0311501 0.0325884 0.0318301 0.0319068 0.0294945 0.0310662 0.0310196 0.0280964 0.0302797 0.0310151 0.0303007 0.0294483 0.0302850 0.0264199 0.0271777 0.0271777 0.0286874 0.0294759 0.0279870 0.0303607 0.0280131 0.0287310 0.0279556 0.0294867 0.0294894 0.0294624 0.0279879 0.0287772 0.0272194 0.0287340 0.0256925 0.0279521 0.0264198 0.0280204 0.0264116 0.0279537 0.0279766 0.0264521 0.0271889 0.0271704 0.0275447 0.0271673 0.0257968 0.0264363 0.0248987 0.0248987 0.0242989 0.0241515 0.0241515 
