130
GU362426_Gymnodinium_catenatum                                     0.0000000 0.0454269 0.0658473 0.0705480 0.0688386 0.0773251 0.0754648 0.0693628 0.0736411 0.0648958 0.0679220 0.0686213 0.0720302 0.0711473 0.0694417 0.0685273 0.0685273 0.0663067 0.0668310 0.0661780 0.0660034 0.0661053 0.0685759 0.0668244 0.0668547 0.0676457 0.0660078 0.0660568 0.0651517 0.0667814 0.0650992 0.0650992 0.0659826 0.0659779 0.0659247 0.0659247 0.0653588 0.0735267 0.0674315 0.0672354 0.0663934 0.0663934 0.0658829 0.0665506 0.0665442 0.0655716 0.0656199 0.0664722 0.0664722 0.0673722 0.0630111 0.0628480 0.0678149 0.0636072 0.0661962 0.0645002 0.0742658 0.0768462 0.0741605 0.0695557 0.0694889 0.0750319 0.0732477 0.0767184 0.0760664 0.0749712 0.0742183 0.0731225 0.0734054 0.0769006 0.0741693 0.0739128 0.0715286 0.0697483 0.0696722 0.0697761 0.0697761 0.0724309 0.0707466 0.0705225 0.0696735 0.0708429 0.0680834 0.0706251 0.0708176 0.0635946 0.0697931 0.0696704 0.0665842 0.0688933 0.0679931 0.0657140 0.0670438 0.0680194 0.0604125 0.0596010 0.0596010 0.0670354 0.0679442 0.0663456 0.0690902 0.0664185 0.0679887 0.0662727 0.0679774 0.0679805 0.0679121 0.0672067 0.0664367 0.0654941 0.0671602 0.0612599 0.0662609 0.0662017 0.0664386 0.0645193 0.0637700 0.0663271 0.0619914 0.0654090 0.0653638 0.0663169 0.0653506 0.0640598 0.0645876 0.0628461 0.0628461 0.0632788 0.0636795 0.0636795 
EF492511                                                           0.0454269 0.0000000 0.0450576 0.0638281 0.0621643 0.0676884 0.0650634 0.0633064 0.0633177 0.0614606 0.0618822 0.0626260 0.0617510 0.0609016 0.0592560 0.0583830 0.0583830 0.0603047 0.0608417 0.0601897 0.0600347 0.0601248 0.0625857 0.0608848 0.0609116 0.0600057 0.0600867 0.0601301 0.0592541 0.0591693 0.0591602 0.0591602 0.0599468 0.0583859 0.0583396 0.0583396 0.0576342 0.0665388 0.0606301 0.0604595 0.0580249 0.0580249 0.0573564 0.0579243 0.0614392 0.0588407 0.0605437 0.0597099 0.0597099 0.0605008 0.0531622 0.0521007 0.0537481 0.0513437 0.0521867 0.0504052 0.0680940 0.0706038 0.0679995 0.0619788 0.0627764 0.0655560 0.0654757 0.0688371 0.0681838 0.0671462 0.0655368 0.0653677 0.0656131 0.0689962 0.0663629 0.0661393 0.0654458 0.0638309 0.0637628 0.0647079 0.0647079 0.0646792 0.0646782 0.0628505 0.0636533 0.0631626 0.0621181 0.0629392 0.0622806 0.0586384 0.0621301 0.0612045 0.0590395 0.0612635 0.0620173 0.0581584 0.0578367 0.0604185 0.0530464 0.0522568 0.0522568 0.0594792 0.0603539 0.0587942 0.0614334 0.0588566 0.0603922 0.0587304 0.0603821 0.0603851 0.0595093 0.0588009 0.0588726 0.0579685 0.0587703 0.0553717 0.0587208 0.0586695 0.0588739 0.0570378 0.0579090 0.0587772 0.0546108 0.0578955 0.0562497 0.0570517 0.0578455 0.0565518 0.0570969 0.0554147 0.0554147 0.0557874 0.0562236 0.0562236 
JF791031                                                           0.0658473 0.0450576 0.0000000 0.0417693 0.0401685 0.0403859 0.0387607 0.0379363 0.0371266 0.0354354 0.0348153 0.0356333 0.0355698 0.0347942 0.0332229 0.0324117 0.0324117 0.0332861 0.0339149 0.0332232 0.0331403 0.0331877 0.0356116 0.0340099 0.0340240 0.0331922 0.0332375 0.0332604 0.0324482 0.0324014 0.0323971 0.0323971 0.0328215 0.0316398 0.0316149 0.0316149 0.0313585 0.0442190 0.0402255 0.0401156 0.0393231 0.0393231 0.0392162 0.0379013 0.0393512 0.0385428 0.0385147 0.0377172 0.0377172 0.0382114 0.0322023 0.0336791 0.0375197 0.0336291 0.0359849 0.0340630 0.0449117 0.0473220 0.0448502 0.0407482 0.0431032 0.0440477 0.0449219 0.0472211 0.0465369 0.0456015 0.0456530 0.0455210 0.0456864 0.0473439 0.0464226 0.0455452 0.0448678 0.0408864 0.0408442 0.0417242 0.0417242 0.0392257 0.0424252 0.0408157 0.0399972 0.0401998 0.0416274 0.0408470 0.0393746 0.0384254 0.0400627 0.0376410 0.0362317 0.0392031 0.0384051 0.0377611 0.0375821 0.0392487 0.0329097 0.0321418 0.0321418 0.0375768 0.0383989 0.0360973 0.0393498 0.0369094 0.0368594 0.0368316 0.0384154 0.0384179 0.0360456 0.0368746 0.0369194 0.0376401 0.0360810 0.0368502 0.0352624 0.0336816 0.0369196 0.0352264 0.0368277 0.0368599 0.0337093 0.0360359 0.0360118 0.0356781 0.0360064 0.0346420 0.0352624 0.0336652 0.0336652 0.0338876 0.0328966 0.0328966 
AY160124.1_Symbiodinium_sp._G15                                    0.0705480 0.0638281 0.0417693 0.0000000 0.0014078 0.0396793 0.0388233 0.0356980 0.0372178 0.0332602 0.0342484 0.0334421 0.0357160 0.0349263 0.0333823 0.0325850 0.0325850 0.0327443 0.0333650 0.0326834 0.0310740 0.0326491 0.0334222 0.0318575 0.0318703 0.0325881 0.0311012 0.0311222 0.0303296 0.0318123 0.0302828 0.0302828 0.0306717 0.0310647 0.0310407 0.0310407 0.0299957 0.0402435 0.0363564 0.0362597 0.0354882 0.0354882 0.0345305 0.0348623 0.0355127 0.0347275 0.0347028 0.0339272 0.0339272 0.0343620 0.0309006 0.0338827 0.0361248 0.0315516 0.0346181 0.0327172 0.0434103 0.0457763 0.0433518 0.0408580 0.0439478 0.0457070 0.0449997 0.0464860 0.0458111 0.0448930 0.0433521 0.0456123 0.0457756 0.0456984 0.0457005 0.0439928 0.0433246 0.0401991 0.0401584 0.0401582 0.0401582 0.0417677 0.0409934 0.0408990 0.0377833 0.0402934 0.0401481 0.0393825 0.0394814 0.0331652 0.0386129 0.0385500 0.0356244 0.0385909 0.0385457 0.0355892 0.0354210 0.0378153 0.0308458 0.0316082 0.0316082 0.0361788 0.0369840 0.0354848 0.0379110 0.0370555 0.0370061 0.0354463 0.0369995 0.0370019 0.0362022 0.0354870 0.0362948 0.0347073 0.0362402 0.0354709 0.0354418 0.0338857 0.0355295 0.0338731 0.0354426 0.0354730 0.0331529 0.0346663 0.0346435 0.0351240 0.0346385 0.0332926 0.0339071 0.0323416 0.0323416 0.0317767 0.0315872 0.0315872 
HE653239_Symbiodinium_voratum                                      0.0688386 0.0621643 0.0401685 0.0014078 0.0000000 0.0381050 0.0372553 0.0341421 0.0356576 0.0317188 0.0326935 0.0318918 0.0341594 0.0333732 0.0318348 0.0310418 0.0310418 0.0311932 0.0318184 0.0311352 0.0295351 0.0311026 0.0318728 0.0303151 0.0303272 0.0310447 0.0295610 0.0295808 0.0287925 0.0302721 0.0287481 0.0287481 0.0291167 0.0295264 0.0295036 0.0295036 0.0284382 0.0386758 0.0348031 0.0347108 0.0339421 0.0339421 0.0329626 0.0332788 0.0339655 0.0331839 0.0331603 0.0323879 0.0323879 0.0328022 0.0293709 0.0323456 0.0345820 0.0300248 0.0330795 0.0311678 0.0418298 0.0441871 0.0417735 0.0392943 0.0423740 0.0441203 0.0434128 0.0448967 0.0442203 0.0433102 0.0417738 0.0440292 0.0441864 0.0441119 0.0441141 0.0424172 0.0417475 0.0386331 0.0385941 0.0385940 0.0385940 0.0401957 0.0394241 0.0393335 0.0362297 0.0387234 0.0385842 0.0378211 0.0379158 0.0316285 0.0370541 0.0369939 0.0340720 0.0370330 0.0369898 0.0340385 0.0338781 0.0362602 0.0293189 0.0300785 0.0300785 0.0346335 0.0354344 0.0339390 0.0363518 0.0355026 0.0354554 0.0339021 0.0354491 0.0354515 0.0346559 0.0339409 0.0347442 0.0331645 0.0346921 0.0339256 0.0338979 0.0323483 0.0339815 0.0323364 0.0338987 0.0339276 0.0316168 0.0331255 0.0331038 0.0335621 0.0330990 0.0317498 0.0323688 0.0308106 0.0308106 0.0302386 0.0300586 0.0300586 
AJ271758.1_Symbiodinium_sp.                                        0.0773251 0.0676884 0.0403859 0.0396793 0.0381050 0.0000000 0.0136450 0.0158515 0.0121723 0.0151241 0.0158915 0.0136800 0.0107365 0.0100075 0.0085635 0.0078373 0.0078373 0.0144408 0.0151089 0.0144145 0.0129230 0.0143997 0.0136723 0.0122036 0.0122082 0.0114646 0.0114799 0.0114872 0.0107508 0.0107357 0.0107345 0.0107345 0.0108694 0.0100177 0.0100101 0.0100101 0.0101739 0.0453412 0.0413774 0.0412652 0.0404786 0.0404786 0.0395881 0.0391038 0.0397290 0.0397043 0.0388996 0.0388837 0.0388837 0.0393886 0.0311054 0.0318326 0.0363728 0.0310024 0.0348552 0.0329432 0.0453065 0.0476991 0.0452449 0.0419380 0.0466283 0.0468371 0.0453406 0.0476233 0.0469447 0.0460145 0.0460662 0.0467390 0.0469080 0.0477210 0.0468302 0.0451029 0.0444311 0.0396897 0.0396493 0.0397301 0.0397301 0.0420701 0.0428600 0.0419806 0.0396099 0.0397834 0.0412234 0.0404507 0.0405533 0.0380537 0.0396741 0.0396090 0.0366607 0.0388631 0.0388300 0.0396699 0.0379901 0.0388684 0.0356732 0.0364489 0.0364489 0.0372139 0.0380276 0.0365156 0.0389676 0.0381018 0.0372711 0.0364758 0.0380438 0.0380463 0.0380096 0.0365180 0.0373343 0.0357307 0.0372777 0.0357271 0.0364710 0.0348998 0.0365621 0.0348867 0.0364719 0.0365035 0.0349424 0.0356880 0.0356644 0.0361631 0.0356591 0.0343063 0.0349221 0.0333409 0.0333409 0.0327795 0.0325798 0.0325798 
AJ271759.1_Symbiodinium_sp.                                        0.0754648 0.0650634 0.0387607 0.0388233 0.0372553 0.0136450 0.0000000 0.0136343 0.0099843 0.0129110 0.0136686 0.0114723 0.0085550 0.0078317 0.0063971 0.0056772 0.0056772 0.0122248 0.0128980 0.0122026 0.0107249 0.0121901 0.0114660 0.0100090 0.0100127 0.0092770 0.0092893 0.0092951 0.0085663 0.0085543 0.0085534 0.0085534 0.0086596 0.0078397 0.0078338 0.0078338 0.0079614 0.0444608 0.0405125 0.0404030 0.0396194 0.0396194 0.0387182 0.0382292 0.0388720 0.0388479 0.0380467 0.0380312 0.0380312 0.0385237 0.0302831 0.0310086 0.0355337 0.0301831 0.0340212 0.0321068 0.0444269 0.0468101 0.0443667 0.0410755 0.0457485 0.0459526 0.0444603 0.0467359 0.0460578 0.0451338 0.0451843 0.0458568 0.0460220 0.0468315 0.0459460 0.0442280 0.0435566 0.0388337 0.0387942 0.0388730 0.0388730 0.0412044 0.0419913 0.0411171 0.0371859 0.0389249 0.0403621 0.0395923 0.0396923 0.0372055 0.0388185 0.0387549 0.0358140 0.0380111 0.0387506 0.0380340 0.0371436 0.0380163 0.0340637 0.0348352 0.0348352 0.0363703 0.0371801 0.0356729 0.0381130 0.0357083 0.0364259 0.0356340 0.0371958 0.0371982 0.0371625 0.0356751 0.0364875 0.0348911 0.0364323 0.0348876 0.0356294 0.0340646 0.0357180 0.0340519 0.0356303 0.0356610 0.0341061 0.0348496 0.0348266 0.0353122 0.0348215 0.0334692 0.0340863 0.0325120 0.0325120 0.0319476 0.0317535 0.0317535 
AJ271754.1_Symbiodinium_sp.                                        0.0693628 0.0633064 0.0379363 0.0356980 0.0341421 0.0158515 0.0136343 0.0000000 0.0121630 0.0092760 0.0100187 0.0078468 0.0107284 0.0099999 0.0085570 0.0078314 0.0078314 0.0085842 0.0092669 0.0085686 0.0071134 0.0085599 0.0078425 0.0064014 0.0064037 0.0071102 0.0056872 0.0056907 0.0049714 0.0063925 0.0049640 0.0049640 0.0050253 0.0056809 0.0056766 0.0056766 0.0057687 0.0397241 0.0358167 0.0357209 0.0349454 0.0349454 0.0339765 0.0334567 0.0342017 0.0341807 0.0333903 0.0333768 0.0333768 0.0338070 0.0249431 0.0256658 0.0316846 0.0248612 0.0301823 0.0282402 0.0404715 0.0428335 0.0404169 0.0371677 0.0418037 0.0419887 0.0405016 0.0427660 0.0420839 0.0411795 0.0404471 0.0411251 0.0412717 0.0428528 0.0403969 0.0402913 0.0396160 0.0349354 0.0349002 0.0365140 0.0365140 0.0372830 0.0380630 0.0372047 0.0348659 0.0350167 0.0364536 0.0356898 0.0357792 0.0333289 0.0349220 0.0348652 0.0319326 0.0341245 0.0348613 0.0333686 0.0332738 0.0341290 0.0302200 0.0309846 0.0309846 0.0325071 0.0333062 0.0325678 0.0342154 0.0318391 0.0325564 0.0317732 0.0333201 0.0333223 0.0332905 0.0318096 0.0326111 0.0310336 0.0325620 0.0279567 0.0317693 0.0302205 0.0318477 0.0302094 0.0317700 0.0317971 0.0302572 0.0309971 0.0309767 0.0314069 0.0309724 0.0296112 0.0302397 0.0286834 0.0286834 0.0281005 0.0279306 0.0279306 
AJ271756.1_Symbiodinium_sp.                                        0.0736411 0.0633177 0.0371266 0.0372178 0.0356576 0.0121723 0.0099843 0.0121630 0.0000000 0.0114425 0.0121932 0.0100095 0.0071088 0.0063895 0.0049613 0.0042457 0.0042457 0.0107547 0.0114312 0.0107350 0.0092684 0.0107241 0.0100041 0.0085546 0.0085577 0.0078273 0.0078377 0.0078426 0.0071182 0.0071082 0.0071075 0.0071075 0.0071955 0.0063959 0.0063911 0.0063911 0.0064949 0.0428236 0.0388941 0.0387896 0.0380097 0.0380097 0.0370862 0.0365871 0.0372644 0.0372414 0.0364450 0.0364301 0.0364301 0.0369006 0.0287202 0.0294441 0.0339518 0.0286256 0.0324452 0.0305215 0.0427911 0.0451628 0.0427333 0.0394632 0.0441156 0.0443115 0.0428231 0.0450914 0.0444124 0.0434976 0.0435460 0.0442197 0.0443782 0.0451832 0.0443052 0.0426002 0.0419279 0.0372278 0.0371902 0.0372654 0.0372654 0.0395863 0.0403695 0.0395028 0.0355917 0.0365429 0.0387503 0.0379838 0.0380793 0.0356104 0.0372134 0.0371527 0.0342185 0.0364110 0.0371485 0.0364329 0.0355514 0.0364159 0.0324857 0.0332535 0.0332535 0.0347817 0.0355862 0.0340843 0.0365082 0.0341179 0.0348346 0.0340472 0.0356011 0.0356034 0.0355694 0.0340863 0.0348933 0.0333064 0.0348407 0.0333032 0.0340429 0.0324864 0.0341272 0.0309517 0.0340437 0.0340728 0.0325259 0.0332670 0.0332452 0.0337074 0.0332404 0.0318859 0.0325070 0.0309419 0.0309419 0.0303705 0.0301866 0.0301866 
AJ271764.1_Symbiodinium_sp.                                        0.0648958 0.0614606 0.0354354 0.0332602 0.0317188 0.0151241 0.0129110 0.0092760 0.0114425 0.0000000 0.0092990 0.0071304 0.0100087 0.0092816 0.0078405 0.0071163 0.0071163 0.0078654 0.0085503 0.0078511 0.0063992 0.0078431 0.0071265 0.0056877 0.0056897 0.0063964 0.0049741 0.0049772 0.0042594 0.0056797 0.0042530 0.0042530 0.0043055 0.0049686 0.0049649 0.0049649 0.0050454 0.0372423 0.0333702 0.0332817 0.0325132 0.0325132 0.0315129 0.0309792 0.0309910 0.0317547 0.0301924 0.0309602 0.0309602 0.0313569 0.0240990 0.0233116 0.0308051 0.0240202 0.0293106 0.0273696 0.0364210 0.0387528 0.0363723 0.0331775 0.0377589 0.0379240 0.0364478 0.0386922 0.0380088 0.0371274 0.0371679 0.0378469 0.0379803 0.0387698 0.0379189 0.0362605 0.0355837 0.0309632 0.0309324 0.0325189 0.0325189 0.0332789 0.0340491 0.0332099 0.0309023 0.0310343 0.0324654 0.0317105 0.0317890 0.0293843 0.0309516 0.0309018 0.0279885 0.0301669 0.0308984 0.0309403 0.0301121 0.0301708 0.0270673 0.0278235 0.0278235 0.0285790 0.0293645 0.0278806 0.0302465 0.0279075 0.0286218 0.0278503 0.0293764 0.0293785 0.0293507 0.0278819 0.0286694 0.0271167 0.0286266 0.0255948 0.0278471 0.0263199 0.0279150 0.0263103 0.0278476 0.0278709 0.0263517 0.0270853 0.0270676 0.0274406 0.0270640 0.0256988 0.0263365 0.0248037 0.0248037 0.0242045 0.0240594 0.0240594 
L13718.1_Symbiodinium_meandrinae                                   0.0679220 0.0618822 0.0348153 0.0342484 0.0326935 0.0158915 0.0136686 0.0100187 0.0121932 0.0092990 0.0000000 0.0078662 0.0107550 0.0100247 0.0085782 0.0078507 0.0078507 0.0014193 0.0035451 0.0028409 0.0028343 0.0028380 0.0078619 0.0064172 0.0064196 0.0071278 0.0057012 0.0057048 0.0049837 0.0064082 0.0049762 0.0049762 0.0050379 0.0056949 0.0056906 0.0056906 0.0057832 0.0398298 0.0359114 0.0358151 0.0350374 0.0350374 0.0340673 0.0327271 0.0342917 0.0342706 0.0334780 0.0334644 0.0334644 0.0338969 0.0265187 0.0272438 0.0332949 0.0264314 0.0317849 0.0298500 0.0421461 0.0445224 0.0420890 0.0388148 0.0434769 0.0436704 0.0421777 0.0444519 0.0437700 0.0428553 0.0429030 0.0435797 0.0437362 0.0445427 0.0428635 0.0419576 0.0412824 0.0365735 0.0365364 0.0381628 0.0381628 0.0389361 0.0397207 0.0388538 0.0365003 0.0366591 0.0380994 0.0373313 0.0374254 0.0349543 0.0365593 0.0364995 0.0335569 0.0341930 0.0364954 0.0342348 0.0348962 0.0357607 0.0302986 0.0295413 0.0295413 0.0341250 0.0349304 0.0334250 0.0358516 0.0334581 0.0341771 0.0333885 0.0349451 0.0349474 0.0349139 0.0334270 0.0342348 0.0326459 0.0341830 0.0310927 0.0333843 0.0318254 0.0334672 0.0318136 0.0333851 0.0334137 0.0318642 0.0326072 0.0325857 0.0330400 0.0325810 0.0312205 0.0318457 0.0302784 0.0302784 0.0297019 0.0295216 0.0295216 
KU188508.1_Symbiodinium_sp.                                        0.0686213 0.0626260 0.0356333 0.0334421 0.0318918 0.0136800 0.0114723 0.0078468 0.0100095 0.0071304 0.0078662 0.0000000 0.0085767 0.0078515 0.0064132 0.0056915 0.0056915 0.0064336 0.0071234 0.0064219 0.0049758 0.0064154 0.0056911 0.0042582 0.0042597 0.0049736 0.0035467 0.0035488 0.0028345 0.0042586 0.0028345 0.0028345 0.0028696 0.0035480 0.0035454 0.0035454 0.0036028 0.0390051 0.0350980 0.0350041 0.0342287 0.0342287 0.0332479 0.0327225 0.0334844 0.0334638 0.0326739 0.0326606 0.0326606 0.0330820 0.0242285 0.0249520 0.0309720 0.0241489 0.0294691 0.0275189 0.0389681 0.0413259 0.0389155 0.0364528 0.0410893 0.0412712 0.0397827 0.0420485 0.0413647 0.0404624 0.0405071 0.0411860 0.0413331 0.0421338 0.0412654 0.0395761 0.0388990 0.0342188 0.0341843 0.0357968 0.0357968 0.0365659 0.0373459 0.0364891 0.0341507 0.0342984 0.0357375 0.0349736 0.0350612 0.0326137 0.0342057 0.0341501 0.0312144 0.0334088 0.0341462 0.0334289 0.0325598 0.0334132 0.0295060 0.0302706 0.0302706 0.0317932 0.0325916 0.0310926 0.0334978 0.0311230 0.0318414 0.0310586 0.0326051 0.0326073 0.0325761 0.0310942 0.0318949 0.0303184 0.0318468 0.0287757 0.0310548 0.0295065 0.0311314 0.0294956 0.0310554 0.0310819 0.0295424 0.0302827 0.0302628 0.0306834 0.0302586 0.0288936 0.0295253 0.0279698 0.0279698 0.0273825 0.0272169 0.0272169 
AB055917.1_Symbiodinium_sp.                                        0.0720302 0.0617510 0.0355698 0.0357160 0.0341594 0.0107365 0.0085550 0.0107284 0.0071088 0.0100087 0.0107550 0.0085767 0.0000000 0.0049679 0.0035425 0.0028295 0.0028295 0.0093175 0.0099989 0.0093005 0.0078397 0.0092910 0.0085720 0.0071264 0.0071290 0.0064019 0.0064104 0.0064144 0.0056926 0.0056846 0.0056840 0.0056840 0.0057544 0.0049729 0.0049692 0.0049692 0.0043257 0.0413061 0.0373846 0.0372843 0.0365060 0.0365060 0.0347810 0.0342662 0.0357609 0.0357389 0.0349449 0.0349306 0.0349306 0.0353817 0.0272377 0.0279619 0.0324643 0.0271480 0.0309594 0.0290224 0.0412748 0.0436416 0.0412191 0.0379606 0.0426052 0.0403901 0.0389061 0.0411643 0.0404812 0.0395852 0.0411863 0.0418626 0.0420119 0.0436613 0.0419432 0.0410908 0.0404161 0.0357258 0.0356897 0.0357618 0.0357618 0.0372487 0.0364815 0.0379985 0.0356546 0.0358091 0.0372465 0.0364812 0.0365728 0.0341145 0.0357121 0.0356539 0.0327188 0.0349123 0.0356499 0.0349334 0.0340580 0.0349170 0.0309981 0.0317643 0.0317643 0.0332898 0.0340913 0.0325908 0.0350055 0.0326228 0.0333404 0.0325552 0.0341055 0.0341078 0.0340752 0.0325926 0.0333965 0.0318147 0.0333462 0.0318116 0.0325512 0.0309987 0.0326317 0.0309873 0.0325519 0.0325797 0.0310364 0.0317772 0.0317563 0.0321978 0.0317518 0.0303920 0.0310184 0.0294580 0.0294580 0.0288787 0.0287038 0.0287038 
AJ271757.1_Symbiodinium_sp.                                        0.0711473 0.0609016 0.0347942 0.0349263 0.0333732 0.0100075 0.0078317 0.0099999 0.0063895 0.0092816 0.0100247 0.0078515 0.0049679 0.0000000 0.0028303 0.0021193 0.0021193 0.0085894 0.0092724 0.0085737 0.0071176 0.0085650 0.0078472 0.0064052 0.0064076 0.0056831 0.0056906 0.0056942 0.0049744 0.0049674 0.0049669 0.0049669 0.0050284 0.0042568 0.0042536 0.0042536 0.0043226 0.0405025 0.0365892 0.0364911 0.0357145 0.0357145 0.0347568 0.0342422 0.0349703 0.0349488 0.0341568 0.0341429 0.0341429 0.0345833 0.0264668 0.0271905 0.0316853 0.0263798 0.0301830 0.0282410 0.0404719 0.0428338 0.0404173 0.0371682 0.0418040 0.0419890 0.0405020 0.0427663 0.0420842 0.0411798 0.0412254 0.0419024 0.0412721 0.0428530 0.0419832 0.0402917 0.0396164 0.0349360 0.0349008 0.0349711 0.0349711 0.0372835 0.0380635 0.0372052 0.0348665 0.0350173 0.0364541 0.0356903 0.0357798 0.0333295 0.0349226 0.0348658 0.0319333 0.0341251 0.0348619 0.0341457 0.0332744 0.0341296 0.0302207 0.0309853 0.0309853 0.0325078 0.0333069 0.0318086 0.0342160 0.0318398 0.0325570 0.0317739 0.0333207 0.0333230 0.0332911 0.0318103 0.0326117 0.0310343 0.0325627 0.0310313 0.0317700 0.0302212 0.0318484 0.0302101 0.0317707 0.0317978 0.0302579 0.0309978 0.0309774 0.0314076 0.0309731 0.0296119 0.0302404 0.0286841 0.0286841 0.0281012 0.0279313 0.0279313 
AB863030.1_Symbiodinium_sp.                                        0.0694417 0.0592560 0.0332229 0.0333823 0.0318348 0.0085635 0.0063971 0.0085570 0.0049613 0.0078405 0.0085782 0.0064132 0.0035425 0.0028303 0.0000000 0.0007046 0.0007046 0.0071458 0.0078328 0.0071328 0.0056846 0.0071256 0.0064097 0.0049735 0.0049753 0.0042552 0.0042608 0.0042635 0.0035472 0.0035422 0.0035419 0.0035419 0.0035856 0.0028331 0.0028310 0.0028310 0.0028768 0.0389349 0.0350350 0.0349414 0.0341674 0.0341674 0.0331874 0.0326626 0.0334244 0.0334040 0.0326155 0.0326023 0.0326023 0.0330222 0.0249536 0.0256767 0.0301600 0.0248717 0.0286616 0.0267085 0.0389056 0.0412594 0.0388532 0.0356203 0.0402420 0.0404196 0.0389345 0.0411944 0.0405108 0.0396140 0.0396577 0.0403365 0.0404800 0.0412778 0.0404140 0.0387328 0.0380559 0.0333917 0.0333582 0.0334252 0.0334252 0.0357304 0.0365077 0.0356556 0.0333254 0.0334691 0.0349059 0.0341444 0.0342297 0.0317936 0.0333790 0.0333248 0.0303954 0.0325853 0.0333211 0.0326049 0.0317412 0.0325896 0.0286974 0.0294594 0.0294594 0.0309770 0.0317720 0.0302771 0.0326719 0.0303067 0.0310238 0.0302441 0.0317851 0.0317873 0.0317570 0.0302786 0.0310758 0.0295057 0.0310292 0.0295029 0.0302404 0.0286977 0.0303148 0.0286873 0.0302410 0.0302667 0.0287326 0.0294711 0.0294518 0.0298601 0.0294477 0.0280829 0.0287160 0.0271666 0.0271666 0.0265764 0.0264160 0.0264160 
AB016579.1_Symbiodinium_sp.                                        0.0685273 0.0583830 0.0324117 0.0325850 0.0310418 0.0078373 0.0056772 0.0078314 0.0042457 0.0071163 0.0078507 0.0056915 0.0028295 0.0021193 0.0007046 0.0000000 0.0000010 0.0064209 0.0071093 0.0064092 0.0049661 0.0064028 0.0056884 0.0042562 0.0042578 0.0035403 0.0035450 0.0035472 0.0028332 0.0028293 0.0028290 0.0028290 0.0028639 0.0021215 0.0021199 0.0021199 0.0021541 0.0381207 0.0342310 0.0341399 0.0333679 0.0333679 0.0323773 0.0318477 0.0326261 0.0326062 0.0318202 0.0318074 0.0318074 0.0322163 0.0241792 0.0249013 0.0293750 0.0241000 0.0278798 0.0259227 0.0380921 0.0404396 0.0380408 0.0348191 0.0394295 0.0396031 0.0381203 0.0403761 0.0396922 0.0388001 0.0388428 0.0395219 0.0396622 0.0404576 0.0395977 0.0379233 0.0372461 0.0325942 0.0325616 0.0326269 0.0326269 0.0349264 0.0357017 0.0348535 0.0325297 0.0326696 0.0341052 0.0333455 0.0334286 0.0310018 0.0325819 0.0325292 0.0296037 0.0317908 0.0325255 0.0318100 0.0309508 0.0317950 0.0279146 0.0286747 0.0286747 0.0301886 0.0309808 0.0294889 0.0318752 0.0295176 0.0302341 0.0294567 0.0309935 0.0309957 0.0309661 0.0294903 0.0302847 0.0287196 0.0302392 0.0287169 0.0294532 0.0279150 0.0295255 0.0279048 0.0294538 0.0294787 0.0279488 0.0286860 0.0286672 0.0290641 0.0286634 0.0272978 0.0279327 0.0263881 0.0263881 0.0257946 0.0256392 0.0256392 
AB016572.1_Symbiodinium_sp.                                        0.0685273 0.0583830 0.0324117 0.0325850 0.0310418 0.0078373 0.0056772 0.0078314 0.0042457 0.0071163 0.0078507 0.0056915 0.0028295 0.0021193 0.0007046 0.0000010 0.0000000 0.0064209 0.0071093 0.0064092 0.0049661 0.0064028 0.0056884 0.0042562 0.0042578 0.0035403 0.0035450 0.0035472 0.0028332 0.0028293 0.0028290 0.0028290 0.0028639 0.0021215 0.0021199 0.0021199 0.0021541 0.0381207 0.0342310 0.0341399 0.0333679 0.0333679 0.0323773 0.0318477 0.0326261 0.0326062 0.0318202 0.0318074 0.0318074 0.0322163 0.0241792 0.0249013 0.0293750 0.0241000 0.0278798 0.0259227 0.0380921 0.0404396 0.0380408 0.0348191 0.0394295 0.0396031 0.0381203 0.0403761 0.0396922 0.0388001 0.0388428 0.0395219 0.0396622 0.0404576 0.0395977 0.0379233 0.0372461 0.0325942 0.0325616 0.0326269 0.0326269 0.0349264 0.0357017 0.0348535 0.0325297 0.0326696 0.0341052 0.0333455 0.0334286 0.0310018 0.0325819 0.0325292 0.0296037 0.0317908 0.0325255 0.0318100 0.0309508 0.0317950 0.0279146 0.0286747 0.0286747 0.0301886 0.0309808 0.0294889 0.0318752 0.0295176 0.0302341 0.0294567 0.0309935 0.0309957 0.0309661 0.0294903 0.0302847 0.0287196 0.0302392 0.0287169 0.0294532 0.0279150 0.0295255 0.0279048 0.0294538 0.0294787 0.0279488 0.0286860 0.0286672 0.0290641 0.0286634 0.0272978 0.0279327 0.0263881 0.0263881 0.0257946 0.0256392 0.0256392 
L13717.1_Symbiodinium_corculorum                                   0.0663067 0.0603047 0.0332861 0.0327443 0.0311932 0.0144408 0.0122248 0.0085842 0.0107547 0.0078654 0.0014193 0.0064336 0.0093175 0.0085894 0.0071458 0.0064209 0.0064209 0.0000000 0.0021263 0.0014199 0.0014166 0.0014185 0.0064301 0.0049893 0.0049911 0.0057001 0.0042743 0.0042770 0.0035584 0.0049823 0.0035531 0.0035531 0.0035971 0.0042695 0.0042663 0.0042663 0.0043357 0.0375344 0.0343992 0.0343071 0.0335312 0.0335312 0.0325381 0.0311906 0.0327858 0.0327657 0.0319756 0.0319626 0.0319626 0.0323756 0.0250346 0.0257599 0.0318010 0.0249521 0.0302931 0.0283450 0.0406219 0.0429929 0.0405669 0.0373050 0.0419583 0.0421447 0.0406523 0.0429249 0.0422406 0.0413323 0.0413782 0.0420574 0.0422082 0.0430123 0.0413403 0.0404404 0.0397629 0.0350646 0.0350291 0.0366492 0.0366492 0.0374211 0.0382041 0.0373422 0.0349945 0.0351465 0.0365884 0.0358217 0.0359118 0.0334518 0.0350511 0.0349938 0.0320508 0.0326916 0.0349899 0.0327315 0.0333963 0.0342550 0.0288079 0.0280519 0.0280519 0.0326267 0.0334290 0.0319252 0.0343421 0.0319566 0.0326764 0.0318902 0.0334429 0.0334452 0.0334131 0.0319269 0.0327315 0.0311479 0.0326820 0.0295989 0.0318863 0.0303316 0.0319653 0.0303204 0.0318870 0.0319142 0.0303686 0.0311111 0.0310906 0.0315239 0.0310862 0.0297205 0.0303509 0.0287886 0.0287886 0.0282042 0.0280331 0.0280331 
AB055918.1_Symbiodinium_sp.                                        0.0668310 0.0608417 0.0339149 0.0333650 0.0318184 0.0151089 0.0128980 0.0092669 0.0114312 0.0085503 0.0035451 0.0071234 0.0099989 0.0092724 0.0078328 0.0071093 0.0071093 0.0021263 0.0000000 0.0021224 0.0021176 0.0021203 0.0071195 0.0056821 0.0056842 0.0063901 0.0049693 0.0049724 0.0042552 0.0056741 0.0042488 0.0042488 0.0043013 0.0049637 0.0049600 0.0049600 0.0050404 0.0389143 0.0350166 0.0349232 0.0341496 0.0341496 0.0331699 0.0318308 0.0334070 0.0333866 0.0325986 0.0325854 0.0325854 0.0330048 0.0256770 0.0263994 0.0324211 0.0255927 0.0309183 0.0289834 0.0412194 0.0435830 0.0411638 0.0379099 0.0425483 0.0427367 0.0412501 0.0435143 0.0428336 0.0419265 0.0419729 0.0426484 0.0428008 0.0436026 0.0427307 0.0410359 0.0403620 0.0356780 0.0356421 0.0372583 0.0372583 0.0380277 0.0388082 0.0379478 0.0356070 0.0357611 0.0371967 0.0364325 0.0365238 0.0340690 0.0356643 0.0356063 0.0326750 0.0348657 0.0356023 0.0333518 0.0340127 0.0348704 0.0294384 0.0286848 0.0286848 0.0332455 0.0340459 0.0325473 0.0349586 0.0325793 0.0332959 0.0325118 0.0340600 0.0340623 0.0340298 0.0325491 0.0333519 0.0317723 0.0333017 0.0302276 0.0325078 0.0309574 0.0325881 0.0309460 0.0325085 0.0325363 0.0309950 0.0317349 0.0317140 0.0321543 0.0317096 0.0295927 0.0309771 0.0294188 0.0294188 0.0288400 0.0286657 0.0286657 
X62650.1_S.pilosum                                                 0.0661780 0.0601897 0.0332232 0.0326834 0.0311352 0.0144145 0.0122026 0.0085686 0.0107350 0.0078511 0.0028409 0.0064219 0.0093005 0.0085737 0.0071328 0.0064092 0.0064092 0.0014199 0.0021224 0.0000000 0.0014141 0.0014159 0.0064184 0.0049802 0.0049821 0.0056897 0.0042666 0.0042692 0.0035520 0.0049733 0.0035467 0.0035467 0.0035905 0.0042618 0.0042586 0.0042586 0.0043277 0.0382372 0.0343349 0.0342432 0.0334688 0.0334688 0.0324766 0.0311312 0.0327247 0.0327047 0.0319162 0.0319032 0.0319032 0.0323147 0.0249883 0.0257124 0.0317422 0.0249062 0.0302371 0.0282921 0.0405458 0.0429123 0.0404910 0.0372356 0.0418801 0.0420658 0.0405761 0.0428445 0.0421614 0.0412550 0.0413008 0.0419789 0.0421290 0.0429316 0.0420600 0.0403650 0.0396886 0.0349993 0.0349639 0.0365809 0.0365809 0.0373513 0.0381328 0.0372727 0.0349295 0.0350809 0.0365202 0.0357550 0.0358448 0.0333896 0.0349858 0.0349288 0.0319911 0.0341868 0.0349249 0.0326706 0.0333344 0.0341913 0.0287547 0.0280000 0.0280000 0.0325663 0.0333669 0.0318659 0.0342780 0.0318972 0.0326157 0.0318311 0.0333808 0.0333831 0.0333511 0.0318676 0.0326706 0.0310902 0.0326214 0.0295441 0.0318272 0.0302754 0.0319059 0.0302643 0.0318279 0.0318550 0.0303123 0.0310535 0.0310331 0.0314648 0.0310287 0.0296653 0.0302947 0.0287354 0.0287354 0.0281518 0.0279813 0.0279813 
AB016723.1_Symbiodinium_sp.                                        0.0660034 0.0600347 0.0331403 0.0310740 0.0295351 0.0129230 0.0107249 0.0071134 0.0092684 0.0063992 0.0028343 0.0049758 0.0078397 0.0071176 0.0056846 0.0049661 0.0049661 0.0014166 0.0021176 0.0014141 0.0000000 0.0014127 0.0049731 0.0035438 0.0035451 0.0042511 0.0028336 0.0028353 0.0021231 0.0035389 0.0021199 0.0021199 0.0021461 0.0028304 0.0028283 0.0028283 0.0028740 0.0381423 0.0342503 0.0341590 0.0333866 0.0333866 0.0323956 0.0310533 0.0326444 0.0326244 0.0318380 0.0318251 0.0318251 0.0322345 0.0234262 0.0241480 0.0301468 0.0233495 0.0286490 0.0266967 0.0388882 0.0412409 0.0388359 0.0356046 0.0402241 0.0404015 0.0389171 0.0411760 0.0404927 0.0395964 0.0396400 0.0403185 0.0404619 0.0412593 0.0403960 0.0387156 0.0380390 0.0333769 0.0333434 0.0349482 0.0349482 0.0357145 0.0364915 0.0356398 0.0333108 0.0334543 0.0348905 0.0341293 0.0342146 0.0317796 0.0333643 0.0333101 0.0303820 0.0325709 0.0333064 0.0310622 0.0317272 0.0325752 0.0271728 0.0279321 0.0279321 0.0309634 0.0317580 0.0302638 0.0326575 0.0302933 0.0310102 0.0302308 0.0317711 0.0317733 0.0317430 0.0302653 0.0310621 0.0294928 0.0310155 0.0279563 0.0302272 0.0286852 0.0303015 0.0286747 0.0302278 0.0302534 0.0287200 0.0294582 0.0294389 0.0298469 0.0294348 0.0280705 0.0287034 0.0271547 0.0271547 0.0265647 0.0264045 0.0264045 
AB016724.1_Symbiodinium_sp.                                        0.0661053 0.0601248 0.0331877 0.0326491 0.0311026 0.0143997 0.0121901 0.0085599 0.0107241 0.0078431 0.0028380 0.0064154 0.0092910 0.0085650 0.0071256 0.0064028 0.0064028 0.0014185 0.0021203 0.0014159 0.0014127 0.0000000 0.0064119 0.0049752 0.0049770 0.0056840 0.0042623 0.0042649 0.0035484 0.0049682 0.0035431 0.0035431 0.0035869 0.0042575 0.0042543 0.0042543 0.0043233 0.0381968 0.0342987 0.0342072 0.0334336 0.0334336 0.0324419 0.0310978 0.0326903 0.0326703 0.0318827 0.0318697 0.0318697 0.0322803 0.0249623 0.0256856 0.0317090 0.0248803 0.0302056 0.0282623 0.0405030 0.0428668 0.0404483 0.0371964 0.0418360 0.0420213 0.0405331 0.0427992 0.0421167 0.0412114 0.0412571 0.0419346 0.0420844 0.0428861 0.0420155 0.0403225 0.0396468 0.0349625 0.0349272 0.0365423 0.0365423 0.0373119 0.0380926 0.0372335 0.0348928 0.0350439 0.0364818 0.0357174 0.0358070 0.0333546 0.0349491 0.0348922 0.0319574 0.0341509 0.0348883 0.0326363 0.0332995 0.0341554 0.0287247 0.0279708 0.0279708 0.0325322 0.0333320 0.0318325 0.0342420 0.0318638 0.0325816 0.0317978 0.0333458 0.0333481 0.0333162 0.0318342 0.0326363 0.0310576 0.0325872 0.0295132 0.0317939 0.0302438 0.0318724 0.0302327 0.0317946 0.0318217 0.0302806 0.0310210 0.0310006 0.0314314 0.0309963 0.0296341 0.0302631 0.0287055 0.0287055 0.0281223 0.0279521 0.0279521 
KU188515.1_Symbiodinium_sp.                                        0.0685759 0.0625857 0.0356116 0.0334222 0.0318728 0.0136723 0.0114660 0.0078425 0.0100041 0.0071265 0.0078619 0.0056911 0.0085720 0.0078472 0.0064097 0.0056884 0.0056884 0.0064301 0.0071195 0.0064184 0.0049731 0.0064119 0.0000000 0.0042559 0.0042574 0.0049709 0.0035447 0.0035469 0.0028330 0.0042563 0.0028330 0.0028330 0.0028680 0.0035461 0.0035434 0.0035434 0.0028781 0.0389814 0.0350769 0.0349831 0.0342082 0.0342082 0.0324430 0.0319128 0.0334644 0.0334439 0.0326544 0.0326412 0.0326412 0.0330620 0.0242144 0.0249375 0.0309537 0.0241349 0.0294518 0.0275026 0.0397290 0.0420893 0.0396754 0.0364310 0.0410644 0.0412460 0.0397585 0.0420229 0.0413395 0.0404378 0.0404825 0.0411610 0.0413079 0.0421081 0.0412403 0.0395522 0.0388755 0.0341984 0.0341639 0.0357753 0.0357753 0.0365439 0.0373234 0.0364672 0.0341303 0.0342779 0.0357161 0.0349527 0.0350402 0.0325943 0.0341853 0.0341297 0.0311959 0.0333888 0.0341259 0.0334090 0.0325405 0.0333933 0.0294886 0.0302527 0.0302527 0.0317743 0.0325722 0.0310741 0.0334778 0.0311046 0.0318225 0.0310402 0.0325857 0.0325879 0.0325568 0.0310758 0.0318759 0.0303005 0.0318279 0.0287587 0.0310364 0.0294891 0.0311130 0.0294783 0.0310371 0.0310635 0.0295249 0.0302649 0.0302450 0.0306651 0.0302408 0.0288765 0.0295079 0.0279533 0.0279533 0.0273664 0.0272009 0.0272009 
KU188511.1_Symbiodinium_sp.                                        0.0668244 0.0608848 0.0340099 0.0318575 0.0303151 0.0122036 0.0100090 0.0064014 0.0085546 0.0056877 0.0064172 0.0042582 0.0071264 0.0064052 0.0049735 0.0042562 0.0042562 0.0049893 0.0056821 0.0049802 0.0035438 0.0049752 0.0042559 0.0000000 0.0028316 0.0035422 0.0021218 0.0021231 0.0014131 0.0028308 0.0014131 0.0014131 0.0014306 0.0021226 0.0021210 0.0021210 0.0021552 0.0373886 0.0335006 0.0334115 0.0326398 0.0326398 0.0316375 0.0311025 0.0318977 0.0318783 0.0310930 0.0310804 0.0310804 0.0314803 0.0226911 0.0234131 0.0294074 0.0226168 0.0279105 0.0259516 0.0381344 0.0404847 0.0380831 0.0348577 0.0394732 0.0396471 0.0381627 0.0404210 0.0397365 0.0388432 0.0388860 0.0395658 0.0397063 0.0405026 0.0396417 0.0379653 0.0372874 0.0326304 0.0325976 0.0341995 0.0341995 0.0349651 0.0357413 0.0348920 0.0325657 0.0327059 0.0341430 0.0333825 0.0327018 0.0310360 0.0326180 0.0325651 0.0296366 0.0318260 0.0325615 0.0318452 0.0309849 0.0318302 0.0279454 0.0287063 0.0287063 0.0302219 0.0310150 0.0295215 0.0319105 0.0295502 0.0302675 0.0294892 0.0310277 0.0310299 0.0310003 0.0295229 0.0303182 0.0287514 0.0302727 0.0272168 0.0294857 0.0279457 0.0295581 0.0279355 0.0294863 0.0295113 0.0279797 0.0287177 0.0286989 0.0290966 0.0286950 0.0273280 0.0279635 0.0264171 0.0264171 0.0258232 0.0256675 0.0256675 
KU188514.1_Symbiodinium_sp.                                        0.0668547 0.0609116 0.0340240 0.0318703 0.0303272 0.0122082 0.0100127 0.0064037 0.0085577 0.0056897 0.0064196 0.0042597 0.0071290 0.0064076 0.0049753 0.0042578 0.0042578 0.0049911 0.0056842 0.0049821 0.0035451 0.0049770 0.0042574 0.0028316 0.0000000 0.0035435 0.0021226 0.0021239 0.0014137 0.0028318 0.0014137 0.0014137 0.0014311 0.0021234 0.0021218 0.0021218 0.0021552 0.0374040 0.0335143 0.0334250 0.0326530 0.0326530 0.0316505 0.0311153 0.0319106 0.0318911 0.0311055 0.0310929 0.0310929 0.0314931 0.0227000 0.0234223 0.0294191 0.0226257 0.0279216 0.0259619 0.0381501 0.0405014 0.0380987 0.0348718 0.0394894 0.0396635 0.0381784 0.0404377 0.0397529 0.0388592 0.0389020 0.0395821 0.0397227 0.0405194 0.0396581 0.0379808 0.0373027 0.0326436 0.0326108 0.0342134 0.0342134 0.0349794 0.0357559 0.0349062 0.0325788 0.0327191 0.0341568 0.0333960 0.0334793 0.0310485 0.0326312 0.0325783 0.0296485 0.0318388 0.0325746 0.0318580 0.0309973 0.0318430 0.0279565 0.0287177 0.0287177 0.0302340 0.0310275 0.0295333 0.0319234 0.0295620 0.0302796 0.0295010 0.0310402 0.0310424 0.0310128 0.0295347 0.0303303 0.0287628 0.0302848 0.0272276 0.0294975 0.0279568 0.0295700 0.0279466 0.0294981 0.0295231 0.0279908 0.0287291 0.0287103 0.0291083 0.0287064 0.0273389 0.0279746 0.0264276 0.0264276 0.0258335 0.0256776 0.0256776 
AF238256.1_Symbiodinium_sp._Type_A                                 0.0676457 0.0600057 0.0331922 0.0325881 0.0310447 0.0114646 0.0092770 0.0071102 0.0078273 0.0063964 0.0071278 0.0049736 0.0064019 0.0056831 0.0042552 0.0035403 0.0035403 0.0057001 0.0063901 0.0056897 0.0042511 0.0056840 0.0049709 0.0035422 0.0035435 0.0000000 0.0028323 0.0028341 0.0021222 0.0021192 0.0021190 0.0021190 0.0021451 0.0014125 0.0014114 0.0014114 0.0014340 0.0381244 0.0342343 0.0341431 0.0333710 0.0333710 0.0323803 0.0318507 0.0326292 0.0326093 0.0318232 0.0318103 0.0318103 0.0322194 0.0234154 0.0241369 0.0301329 0.0233388 0.0286358 0.0266843 0.0388700 0.0412215 0.0388177 0.0355880 0.0402053 0.0403825 0.0388988 0.0411567 0.0404737 0.0395778 0.0396214 0.0402996 0.0404429 0.0412399 0.0403770 0.0386975 0.0380212 0.0333614 0.0333279 0.0349319 0.0349319 0.0356979 0.0364745 0.0356232 0.0332953 0.0334387 0.0348742 0.0341135 0.0341986 0.0317648 0.0333487 0.0332947 0.0303678 0.0325558 0.0332910 0.0325754 0.0317125 0.0325601 0.0286716 0.0294329 0.0294329 0.0309491 0.0317433 0.0302498 0.0326423 0.0302793 0.0309958 0.0302168 0.0317564 0.0317586 0.0317283 0.0302513 0.0310477 0.0294791 0.0310011 0.0279434 0.0302132 0.0286720 0.0302874 0.0286615 0.0302138 0.0302394 0.0287068 0.0294446 0.0294253 0.0298329 0.0294213 0.0280575 0.0286902 0.0271422 0.0271422 0.0265524 0.0263923 0.0263923 
KU188513.1_Symbiodinium_sp.                                        0.0660078 0.0600867 0.0332375 0.0311012 0.0295610 0.0114799 0.0092893 0.0056872 0.0078377 0.0049741 0.0057012 0.0035467 0.0064104 0.0056906 0.0042608 0.0035450 0.0035450 0.0042743 0.0049693 0.0042666 0.0028336 0.0042623 0.0035447 0.0021218 0.0021226 0.0028323 0.0000000 0.0014147 0.0007056 0.0021220 0.0007056 0.0007056 0.0007149 0.0014143 0.0014133 0.0014133 0.0014361 0.0366231 0.0327401 0.0326530 0.0318824 0.0318824 0.0308688 0.0303287 0.0311406 0.0311216 0.0303378 0.0303255 0.0303255 0.0307155 0.0219482 0.0226701 0.0286582 0.0218764 0.0271627 0.0251975 0.0373686 0.0397159 0.0373183 0.0340995 0.0387100 0.0388803 0.0373963 0.0396534 0.0389679 0.0380779 0.0381198 0.0388007 0.0389384 0.0397334 0.0388751 0.0372030 0.0365241 0.0318731 0.0318412 0.0334397 0.0334397 0.0342045 0.0349797 0.0341331 0.0318100 0.0319468 0.0333844 0.0326247 0.0327060 0.0302822 0.0318611 0.0318095 0.0288813 0.0310706 0.0318059 0.0310894 0.0302324 0.0310747 0.0271966 0.0279565 0.0279565 0.0294703 0.0302618 0.0287693 0.0311531 0.0287972 0.0295148 0.0287378 0.0302741 0.0302763 0.0302474 0.0287706 0.0295641 0.0280003 0.0295198 0.0264681 0.0287344 0.0271969 0.0288049 0.0271870 0.0287350 0.0287593 0.0272299 0.0279676 0.0279492 0.0283364 0.0279455 0.0265762 0.0272142 0.0256706 0.0256706 0.0250729 0.0249217 0.0249217 
KU188510.1_Symbiodinium_sp.                                        0.0660568 0.0601301 0.0332604 0.0311222 0.0295808 0.0114872 0.0092951 0.0056907 0.0078426 0.0049772 0.0057048 0.0035488 0.0064144 0.0056942 0.0042635 0.0035472 0.0035472 0.0042770 0.0049724 0.0042692 0.0028353 0.0042649 0.0035469 0.0021231 0.0021239 0.0028341 0.0014147 0.0000000 0.0007066 0.0021233 0.0007066 0.0007066 0.0007154 0.0014152 0.0014142 0.0014142 0.0014361 0.0366481 0.0327622 0.0326751 0.0319039 0.0319039 0.0308899 0.0303495 0.0311616 0.0311426 0.0303582 0.0303459 0.0303459 0.0307364 0.0219626 0.0226850 0.0286773 0.0218907 0.0271807 0.0252144 0.0373942 0.0397432 0.0373438 0.0341225 0.0387364 0.0389070 0.0374219 0.0396806 0.0389946 0.0381040 0.0381459 0.0388272 0.0389651 0.0397608 0.0389017 0.0372283 0.0365490 0.0318946 0.0318626 0.0334623 0.0334623 0.0342276 0.0350034 0.0341562 0.0318314 0.0319684 0.0334070 0.0326467 0.0327281 0.0303025 0.0318826 0.0318309 0.0289007 0.0310915 0.0318273 0.0311103 0.0302526 0.0310956 0.0272147 0.0279751 0.0279751 0.0294900 0.0302820 0.0287885 0.0311741 0.0288165 0.0295345 0.0287570 0.0302944 0.0302965 0.0302677 0.0287898 0.0295839 0.0280190 0.0295395 0.0264857 0.0287536 0.0272150 0.0288242 0.0272051 0.0287542 0.0287785 0.0272481 0.0279862 0.0279678 0.0283555 0.0279641 0.0265939 0.0272323 0.0256876 0.0256876 0.0250896 0.0249382 0.0249382 
KU188509.1_Symbiodinium_sp.                                        0.0651517 0.0592541 0.0324482 0.0303296 0.0287925 0.0107508 0.0085663 0.0049714 0.0071182 0.0042594 0.0049837 0.0028345 0.0056926 0.0049744 0.0035472 0.0028332 0.0028332 0.0035584 0.0042552 0.0035520 0.0021231 0.0035484 0.0028330 0.0014131 0.0014137 0.0021222 0.0007056 0.0007066 0.0000000 0.0014133 0.0000010 0.0000010 0.0000010 0.0007060 0.0007056 0.0007056 0.0007177 0.0358388 0.0319631 0.0318783 0.0311091 0.0311091 0.0300847 0.0295395 0.0303681 0.0303496 0.0295676 0.0295557 0.0295557 0.0299354 0.0211952 0.0219167 0.0278951 0.0211258 0.0264018 0.0244315 0.0365836 0.0389264 0.0365344 0.0333242 0.0379268 0.0380934 0.0366106 0.0388652 0.0381790 0.0372930 0.0373339 0.0380156 0.0381502 0.0389435 0.0380883 0.0364216 0.0357421 0.0311000 0.0310689 0.0326631 0.0326631 0.0334265 0.0342003 0.0333569 0.0310386 0.0311718 0.0326091 0.0318507 0.0319299 0.0295136 0.0310884 0.0310381 0.0281119 0.0302999 0.0310346 0.0303182 0.0294651 0.0303039 0.0264348 0.0271932 0.0271932 0.0287044 0.0294936 0.0280031 0.0303802 0.0280302 0.0287476 0.0279725 0.0295057 0.0295077 0.0294797 0.0280044 0.0287956 0.0272357 0.0287525 0.0257068 0.0279692 0.0264350 0.0280377 0.0264254 0.0279698 0.0279933 0.0264671 0.0272039 0.0271861 0.0275624 0.0271825 0.0258117 0.0264518 0.0249119 0.0249119 0.0243107 0.0241643 0.0241643 
