130
GU362426_Gymnodinium_catenatum                                     0.0000000 0.0453860 0.0657706 0.0704425 0.0687376 0.0772103 0.0753489 0.0692639 0.0735339 0.0648102 0.0678241 0.0685247 0.0719280 0.0710465 0.0693451 0.0684321 0.0684321 0.0662150 0.0667391 0.0660840 0.0659132 0.0660116 0.0684784 0.0667319 0.0667622 0.0675511 0.0659172 0.0659664 0.0650618 0.0666892 0.0650094 0.0650094 0.0658914 0.0658863 0.0658332 0.0658332 0.0652697 0.0734235 0.0673444 0.0671487 0.0663085 0.0663085 0.0657986 0.0664635 0.0664562 0.0654884 0.0655369 0.0663877 0.0663877 0.0672845 0.0629338 0.0627749 0.0677324 0.0635321 0.0661157 0.0644235 0.0741603 0.0767385 0.0740625 0.0694725 0.0694042 0.0749249 0.0731481 0.0766106 0.0759583 0.0748679 0.0741168 0.0730239 0.0733030 0.0767907 0.0740653 0.0738145 0.0714329 0.0696680 0.0695919 0.0696916 0.0696916 0.0723320 0.0706511 0.0704317 0.0695874 0.0707471 0.0679985 0.0705342 0.0707200 0.0635200 0.0696974 0.0695856 0.0665059 0.0688047 0.0679102 0.0656372 0.0669624 0.0679388 0.0603446 0.0595345 0.0595345 0.0669545 0.0678623 0.0662670 0.0690025 0.0663359 0.0679076 0.0661911 0.0678911 0.0678980 0.0678308 0.0671241 0.0663474 0.0654140 0.0670749 0.0611906 0.0661782 0.0661219 0.0663571 0.0644447 0.0636958 0.0662450 0.0619234 0.0653320 0.0652857 0.0662344 0.0652731 0.0639825 0.0645086 0.0627737 0.0627737 0.0632066 0.0636054 0.0636054 
EF492511                                                           0.0453860 0.0000000 0.0450268 0.0637624 0.0621020 0.0676137 0.0649887 0.0632371 0.0632498 0.0613940 0.0618136 0.0625585 0.0616871 0.0608385 0.0591961 0.0583241 0.0583241 0.0602413 0.0607780 0.0601241 0.0599724 0.0600595 0.0625174 0.0608204 0.0608473 0.0599428 0.0600239 0.0600676 0.0591926 0.0591083 0.0590989 0.0590989 0.0598839 0.0583259 0.0582798 0.0582798 0.0575751 0.0664720 0.0605765 0.0604051 0.0579744 0.0579744 0.0573060 0.0578719 0.0613806 0.0587889 0.0604893 0.0596572 0.0596572 0.0604468 0.0531165 0.0520589 0.0537053 0.0513035 0.0521453 0.0503666 0.0680199 0.0705284 0.0679320 0.0619220 0.0627131 0.0654867 0.0654096 0.0687645 0.0681109 0.0670771 0.0654747 0.0653023 0.0655445 0.0689219 0.0662931 0.0660743 0.0653797 0.0637747 0.0637065 0.0646472 0.0646472 0.0646134 0.0646130 0.0627911 0.0635952 0.0630955 0.0620639 0.0628807 0.0622172 0.0585841 0.0620674 0.0611516 0.0589900 0.0612057 0.0619616 0.0581103 0.0577875 0.0603675 0.0530047 0.0522161 0.0522161 0.0594277 0.0603017 0.0587446 0.0613775 0.0588036 0.0603408 0.0586781 0.0603262 0.0603325 0.0594589 0.0587491 0.0588137 0.0579174 0.0587165 0.0553257 0.0586675 0.0586188 0.0588217 0.0569912 0.0578602 0.0587246 0.0545659 0.0578470 0.0562027 0.0570014 0.0577965 0.0565028 0.0570465 0.0553696 0.0553696 0.0557427 0.0561772 0.0561772 
JF791031                                                           0.0657706 0.0450268 0.0000000 0.0417466 0.0401477 0.0403625 0.0387364 0.0379140 0.0371060 0.0354152 0.0347944 0.0356136 0.0355514 0.0347762 0.0332064 0.0323956 0.0323956 0.0332680 0.0338965 0.0332038 0.0331226 0.0331685 0.0355914 0.0339918 0.0340059 0.0331748 0.0332202 0.0332432 0.0324315 0.0323849 0.0323805 0.0323805 0.0328045 0.0316238 0.0315990 0.0315990 0.0313430 0.0441929 0.0402064 0.0400959 0.0393042 0.0393042 0.0391971 0.0378842 0.0393297 0.0385246 0.0384958 0.0376993 0.0376993 0.0381930 0.0321874 0.0336649 0.0375025 0.0336146 0.0359684 0.0340485 0.0448814 0.0472910 0.0448242 0.0407270 0.0430785 0.0440211 0.0448920 0.0471928 0.0465084 0.0455752 0.0456294 0.0454978 0.0456612 0.0473144 0.0463939 0.0455182 0.0448398 0.0408675 0.0408252 0.0417025 0.0417025 0.0392072 0.0424044 0.0407937 0.0399777 0.0401740 0.0416072 0.0408256 0.0393509 0.0384053 0.0400386 0.0376244 0.0362165 0.0391840 0.0383872 0.0377446 0.0375645 0.0392288 0.0328964 0.0321290 0.0321290 0.0375594 0.0383813 0.0360817 0.0393301 0.0368911 0.0368436 0.0368137 0.0383954 0.0384000 0.0360302 0.0368571 0.0368975 0.0376214 0.0360629 0.0368335 0.0352455 0.0336675 0.0369019 0.0352118 0.0368111 0.0368418 0.0336951 0.0360203 0.0359956 0.0356627 0.0359905 0.0346261 0.0352455 0.0336513 0.0336513 0.0338742 0.0328833 0.0328833 
AY160124.1_Symbiodinium_sp._G15                                    0.0704425 0.0637624 0.0417466 0.0000000 0.0014078 0.0396583 0.0388003 0.0356772 0.0371984 0.0332415 0.0342282 0.0334239 0.0356987 0.0349094 0.0333669 0.0325700 0.0325700 0.0327267 0.0333471 0.0326646 0.0310582 0.0326304 0.0334035 0.0318407 0.0318536 0.0325706 0.0310852 0.0311063 0.0303142 0.0317957 0.0302674 0.0302674 0.0306560 0.0310487 0.0310247 0.0310247 0.0299809 0.0402204 0.0363396 0.0362424 0.0354717 0.0354717 0.0345147 0.0348457 0.0354940 0.0347116 0.0346863 0.0339116 0.0339116 0.0343460 0.0308847 0.0338660 0.0361084 0.0315367 0.0346024 0.0327034 0.0433793 0.0457446 0.0433249 0.0408361 0.0439216 0.0456783 0.0449671 0.0464557 0.0457806 0.0448648 0.0433283 0.0455859 0.0457472 0.0456723 0.0456699 0.0439670 0.0432979 0.0401803 0.0401395 0.0401368 0.0401368 0.0417447 0.0409692 0.0408764 0.0377634 0.0402671 0.0401289 0.0393621 0.0394572 0.0331478 0.0385900 0.0385321 0.0356093 0.0385703 0.0385270 0.0355740 0.0354030 0.0377963 0.0308337 0.0315955 0.0315955 0.0361623 0.0369672 0.0354694 0.0378922 0.0370366 0.0369897 0.0354293 0.0369805 0.0369848 0.0361844 0.0354703 0.0362751 0.0346910 0.0362215 0.0354530 0.0354242 0.0338708 0.0355127 0.0338592 0.0354269 0.0354558 0.0331389 0.0346514 0.0346281 0.0351069 0.0346233 0.0332775 0.0338910 0.0323284 0.0323284 0.0317647 0.0315745 0.0315745 
HE653239_Symbiodinium_voratum                                      0.0687376 0.0621020 0.0401477 0.0014078 0.0000000 0.0380859 0.0372342 0.0341231 0.0356399 0.0317018 0.0326750 0.0318752 0.0341437 0.0333578 0.0318209 0.0310283 0.0310283 0.0311772 0.0318022 0.0311181 0.0295208 0.0310856 0.0318558 0.0302999 0.0303121 0.0310288 0.0295466 0.0295665 0.0287786 0.0302571 0.0287342 0.0287342 0.0291025 0.0295119 0.0294891 0.0294891 0.0284248 0.0386546 0.0347879 0.0346951 0.0339271 0.0339271 0.0329484 0.0332638 0.0339484 0.0331695 0.0331453 0.0323738 0.0323738 0.0327878 0.0293566 0.0323304 0.0345672 0.0300114 0.0330653 0.0311554 0.0418010 0.0441576 0.0417486 0.0392743 0.0423498 0.0440937 0.0433825 0.0448686 0.0441921 0.0432841 0.0417519 0.0440049 0.0441601 0.0440879 0.0440857 0.0423934 0.0417228 0.0386161 0.0385769 0.0385744 0.0385744 0.0401745 0.0394018 0.0393128 0.0362115 0.0386991 0.0385667 0.0378025 0.0378936 0.0316127 0.0370330 0.0369776 0.0340583 0.0370141 0.0369727 0.0340248 0.0338617 0.0362429 0.0293082 0.0300672 0.0300672 0.0346186 0.0354191 0.0339251 0.0363346 0.0354855 0.0354407 0.0338867 0.0354318 0.0354360 0.0346397 0.0339258 0.0347263 0.0331497 0.0346750 0.0339094 0.0338819 0.0323349 0.0339662 0.0323239 0.0338844 0.0339120 0.0316042 0.0331121 0.0330898 0.0335466 0.0330853 0.0317361 0.0323542 0.0307988 0.0307988 0.0302279 0.0300473 0.0300473 
AJ271758.1_Symbiodinium_sp.                                        0.0772103 0.0676137 0.0403625 0.0396583 0.0380859 0.0000000 0.0136427 0.0158491 0.0121711 0.0151217 0.0158887 0.0136784 0.0107358 0.0100068 0.0085631 0.0078369 0.0078369 0.0144391 0.0151071 0.0144122 0.0129218 0.0143975 0.0136706 0.0122024 0.0122070 0.0114636 0.0114789 0.0114863 0.0107499 0.0107349 0.0107337 0.0107337 0.0108685 0.0100170 0.0100094 0.0100094 0.0101733 0.0453092 0.0413530 0.0412402 0.0404545 0.0404545 0.0395645 0.0390822 0.0397011 0.0396810 0.0388743 0.0388608 0.0388608 0.0393652 0.0310883 0.0318148 0.0363529 0.0309869 0.0348363 0.0329263 0.0452690 0.0476605 0.0452117 0.0419090 0.0465922 0.0468002 0.0453008 0.0475846 0.0469060 0.0459783 0.0460325 0.0467045 0.0468714 0.0476839 0.0467914 0.0450694 0.0443967 0.0396658 0.0396253 0.0397043 0.0397043 0.0420407 0.0428299 0.0419508 0.0395846 0.0397519 0.0411972 0.0404234 0.0405220 0.0380280 0.0396443 0.0395843 0.0366393 0.0388364 0.0388032 0.0396473 0.0379683 0.0388428 0.0356520 0.0364269 0.0364269 0.0371911 0.0380044 0.0364941 0.0389421 0.0380764 0.0372492 0.0364525 0.0380183 0.0380227 0.0379867 0.0364951 0.0373082 0.0357083 0.0372526 0.0357058 0.0364472 0.0348791 0.0365390 0.0348670 0.0364500 0.0364801 0.0349217 0.0356672 0.0356430 0.0361398 0.0356379 0.0342853 0.0349000 0.0333222 0.0333222 0.0327618 0.0325617 0.0325617 
AJ271759.1_Symbiodinium_sp.                                        0.0753489 0.0649887 0.0387364 0.0388003 0.0372342 0.0136427 0.0000000 0.0136317 0.0099828 0.0129083 0.0136656 0.0114705 0.0085540 0.0078308 0.0063965 0.0056767 0.0056767 0.0122227 0.0128949 0.0122001 0.0107234 0.0121877 0.0114641 0.0100076 0.0100113 0.0092758 0.0092881 0.0092939 0.0085653 0.0085533 0.0085524 0.0085524 0.0086586 0.0078388 0.0078329 0.0078329 0.0079605 0.0444265 0.0404859 0.0403759 0.0395932 0.0395932 0.0386925 0.0382054 0.0388421 0.0388225 0.0380195 0.0380063 0.0380063 0.0384982 0.0302645 0.0309892 0.0355120 0.0301661 0.0340005 0.0320881 0.0443873 0.0467692 0.0443313 0.0410445 0.0457102 0.0459134 0.0444183 0.0466949 0.0460168 0.0450953 0.0451483 0.0458200 0.0459830 0.0467920 0.0459049 0.0441922 0.0435200 0.0388077 0.0387682 0.0388452 0.0388452 0.0411728 0.0419590 0.0410852 0.0371606 0.0388916 0.0403338 0.0395630 0.0396591 0.0371779 0.0387868 0.0387283 0.0357908 0.0379825 0.0387231 0.0380103 0.0371198 0.0379888 0.0340416 0.0348122 0.0348122 0.0363456 0.0371549 0.0356495 0.0380856 0.0356829 0.0364021 0.0356090 0.0371684 0.0371728 0.0371377 0.0356504 0.0364596 0.0348669 0.0364055 0.0348645 0.0356038 0.0340422 0.0356932 0.0340304 0.0356065 0.0356358 0.0340836 0.0348269 0.0348033 0.0352871 0.0347985 0.0334465 0.0340626 0.0324916 0.0324916 0.0319282 0.0317338 0.0317338 
AJ271754.1_Symbiodinium_sp.                                        0.0692639 0.0632371 0.0379140 0.0356772 0.0341231 0.0158491 0.0136317 0.0000000 0.0121615 0.0092747 0.0100173 0.0078462 0.0107274 0.0099990 0.0085564 0.0078308 0.0078308 0.0085834 0.0092660 0.0085675 0.0071129 0.0085588 0.0078418 0.0064009 0.0064033 0.0071097 0.0056869 0.0056904 0.0049712 0.0063920 0.0049637 0.0049637 0.0050251 0.0056805 0.0056763 0.0056763 0.0057684 0.0396946 0.0357942 0.0356980 0.0349234 0.0349234 0.0339549 0.0334369 0.0341764 0.0341594 0.0333674 0.0333559 0.0333559 0.0337857 0.0249301 0.0256522 0.0316676 0.0248495 0.0301661 0.0282260 0.0404385 0.0427994 0.0403876 0.0371424 0.0417718 0.0419561 0.0404665 0.0427317 0.0420496 0.0411474 0.0404161 0.0410933 0.0412380 0.0428199 0.0403647 0.0402617 0.0395857 0.0349146 0.0348794 0.0364899 0.0364899 0.0372573 0.0380366 0.0371787 0.0348440 0.0349894 0.0364307 0.0356661 0.0357520 0.0333067 0.0348961 0.0348438 0.0319143 0.0341014 0.0348392 0.0333505 0.0332550 0.0341069 0.0302026 0.0309665 0.0309665 0.0324875 0.0332862 0.0325486 0.0341934 0.0318188 0.0325376 0.0317533 0.0332980 0.0333020 0.0332707 0.0317900 0.0325886 0.0310144 0.0325404 0.0279415 0.0317489 0.0302028 0.0318279 0.0301926 0.0317512 0.0317770 0.0302395 0.0309792 0.0309584 0.0313870 0.0309543 0.0295933 0.0302209 0.0286674 0.0286674 0.0280855 0.0279153 0.0279153 
AJ271756.1_Symbiodinium_sp.                                        0.0735339 0.0632498 0.0371060 0.0371984 0.0356399 0.0121711 0.0099828 0.0121615 0.0000000 0.0114409 0.0121914 0.0100086 0.0071084 0.0063892 0.0049612 0.0042456 0.0042456 0.0107536 0.0114301 0.0107336 0.0092677 0.0107227 0.0100030 0.0085539 0.0085571 0.0078268 0.0078372 0.0078421 0.0071178 0.0071078 0.0071071 0.0071071 0.0071951 0.0063956 0.0063908 0.0063908 0.0064946 0.0427937 0.0388714 0.0387663 0.0379873 0.0379873 0.0370643 0.0365671 0.0372385 0.0372198 0.0364215 0.0364089 0.0364089 0.0368789 0.0287046 0.0294279 0.0339335 0.0286115 0.0324278 0.0305060 0.0427561 0.0451267 0.0427023 0.0394362 0.0440819 0.0442770 0.0427859 0.0450552 0.0443762 0.0434637 0.0435145 0.0441874 0.0443439 0.0451485 0.0442689 0.0425688 0.0418958 0.0372056 0.0371679 0.0372414 0.0372414 0.0395589 0.0403414 0.0394751 0.0355700 0.0365126 0.0387259 0.0379585 0.0380503 0.0355866 0.0371857 0.0371299 0.0341988 0.0363863 0.0371249 0.0364128 0.0355312 0.0363922 0.0324669 0.0332339 0.0332339 0.0347606 0.0355647 0.0340644 0.0364847 0.0340961 0.0348144 0.0340257 0.0355774 0.0355817 0.0355482 0.0340652 0.0348692 0.0332858 0.0348175 0.0332835 0.0340209 0.0324673 0.0341059 0.0309349 0.0340235 0.0340512 0.0325068 0.0332478 0.0332254 0.0336859 0.0332208 0.0318666 0.0324868 0.0309246 0.0309246 0.0303542 0.0301700 0.0301700 
AJ271764.1_Symbiodinium_sp.                                        0.0648102 0.0613940 0.0354152 0.0332415 0.0317018 0.0151217 0.0129083 0.0092747 0.0114409 0.0000000 0.0092975 0.0071296 0.0100076 0.0092806 0.0078398 0.0071157 0.0071157 0.0078645 0.0085494 0.0078499 0.0063987 0.0078420 0.0071256 0.0056872 0.0056892 0.0063958 0.0049738 0.0049769 0.0042591 0.0056792 0.0042527 0.0042527 0.0043052 0.0049682 0.0049645 0.0049645 0.0050450 0.0372155 0.0333500 0.0332610 0.0324933 0.0324933 0.0314936 0.0309615 0.0309708 0.0317356 0.0301743 0.0309415 0.0309415 0.0313377 0.0240865 0.0233010 0.0307885 0.0240090 0.0292950 0.0273558 0.0363948 0.0387257 0.0363494 0.0331580 0.0377337 0.0378982 0.0364198 0.0386649 0.0379815 0.0371021 0.0371447 0.0378229 0.0379547 0.0387438 0.0378916 0.0362373 0.0355599 0.0309477 0.0309168 0.0325006 0.0325006 0.0332591 0.0340287 0.0331898 0.0308858 0.0310131 0.0324482 0.0316924 0.0317679 0.0293675 0.0309316 0.0308858 0.0279751 0.0301493 0.0308817 0.0309259 0.0300959 0.0301541 0.0270541 0.0278096 0.0278096 0.0285644 0.0293496 0.0278670 0.0302299 0.0278924 0.0286079 0.0278354 0.0293597 0.0293633 0.0293360 0.0278673 0.0286524 0.0271025 0.0286104 0.0255827 0.0278317 0.0263069 0.0279002 0.0262981 0.0278337 0.0278559 0.0263387 0.0270722 0.0270541 0.0274257 0.0270507 0.0256857 0.0263226 0.0247923 0.0247923 0.0241938 0.0240485 0.0240485 
L13718.1_Symbiodinium_meandrinae                                   0.0678241 0.0618136 0.0347944 0.0342282 0.0326750 0.0158887 0.0136656 0.0100173 0.0121914 0.0092975 0.0000000 0.0078654 0.0107537 0.0100235 0.0085774 0.0078500 0.0078500 0.0014193 0.0035449 0.0028406 0.0028342 0.0028377 0.0078610 0.0064166 0.0064190 0.0071270 0.0057008 0.0057043 0.0049833 0.0064076 0.0049758 0.0049758 0.0050375 0.0056944 0.0056901 0.0056901 0.0057827 0.0397991 0.0358879 0.0357911 0.0350143 0.0350143 0.0340447 0.0327068 0.0342654 0.0342483 0.0334541 0.0334425 0.0334425 0.0338745 0.0265038 0.0272282 0.0332754 0.0264177 0.0317665 0.0298336 0.0421097 0.0444849 0.0420566 0.0387865 0.0434417 0.0436344 0.0421391 0.0444142 0.0437323 0.0428199 0.0428701 0.0435459 0.0437004 0.0445064 0.0428270 0.0419248 0.0412489 0.0365501 0.0365129 0.0381358 0.0381358 0.0389074 0.0396913 0.0388248 0.0364756 0.0366288 0.0380737 0.0373048 0.0373952 0.0349294 0.0365304 0.0364755 0.0335361 0.0341690 0.0364706 0.0342150 0.0348749 0.0357358 0.0302804 0.0295238 0.0295238 0.0341029 0.0349078 0.0334041 0.0358268 0.0334352 0.0341558 0.0333660 0.0349203 0.0349245 0.0348915 0.0334048 0.0342096 0.0326242 0.0341588 0.0310736 0.0333613 0.0318053 0.0334448 0.0317944 0.0333638 0.0333911 0.0318441 0.0325869 0.0325649 0.0330175 0.0325604 0.0312002 0.0318244 0.0302602 0.0302602 0.0296847 0.0295041 0.0295041 
KU188508.1_Symbiodinium_sp.                                        0.0685247 0.0625585 0.0356136 0.0334239 0.0318752 0.0136784 0.0114705 0.0078462 0.0100086 0.0071296 0.0078654 0.0000000 0.0085762 0.0078511 0.0064130 0.0056913 0.0056913 0.0064332 0.0071229 0.0064213 0.0049757 0.0064148 0.0056907 0.0042580 0.0042596 0.0049734 0.0035466 0.0035488 0.0028345 0.0042585 0.0028345 0.0028345 0.0028695 0.0035479 0.0035453 0.0035453 0.0036027 0.0389769 0.0350766 0.0349823 0.0342077 0.0342077 0.0332274 0.0327038 0.0334602 0.0334436 0.0326521 0.0326408 0.0326408 0.0330617 0.0242163 0.0249393 0.0309559 0.0241380 0.0294539 0.0275055 0.0389374 0.0412941 0.0388885 0.0364287 0.0410587 0.0412399 0.0397490 0.0420156 0.0413318 0.0404317 0.0404787 0.0411568 0.0413020 0.0421023 0.0412324 0.0395477 0.0388700 0.0341991 0.0341646 0.0357739 0.0357739 0.0365413 0.0373207 0.0364642 0.0341299 0.0342723 0.0357157 0.0349510 0.0350352 0.0325926 0.0341810 0.0341298 0.0311971 0.0333867 0.0341253 0.0334112 0.0325420 0.0333921 0.0294896 0.0302534 0.0302534 0.0317745 0.0325725 0.0310750 0.0334769 0.0311038 0.0318235 0.0310397 0.0325841 0.0325881 0.0325574 0.0310756 0.0318735 0.0303002 0.0318263 0.0287599 0.0310354 0.0294898 0.0311127 0.0294797 0.0310377 0.0310628 0.0295257 0.0302658 0.0302455 0.0306645 0.0302415 0.0288767 0.0295075 0.0279547 0.0279547 0.0273684 0.0272025 0.0272025 
AB055917.1_Symbiodinium_sp.                                        0.0719280 0.0616871 0.0355514 0.0356987 0.0341437 0.0107358 0.0085540 0.0107274 0.0071084 0.0100076 0.0107537 0.0085762 0.0000000 0.0049678 0.0035426 0.0028295 0.0028295 0.0093169 0.0099982 0.0092995 0.0078394 0.0092901 0.0085713 0.0071261 0.0071287 0.0064017 0.0064102 0.0064143 0.0056924 0.0056845 0.0056839 0.0056839 0.0057543 0.0049728 0.0049691 0.0049691 0.0043257 0.0412787 0.0373641 0.0372633 0.0364858 0.0364858 0.0347620 0.0342490 0.0357373 0.0357194 0.0349236 0.0349115 0.0349115 0.0353621 0.0272238 0.0279475 0.0324478 0.0271356 0.0309438 0.0290086 0.0412425 0.0436083 0.0411906 0.0379360 0.0425741 0.0403632 0.0388767 0.0411359 0.0404527 0.0395588 0.0411604 0.0418360 0.0419835 0.0436293 0.0419128 0.0410620 0.0403866 0.0357058 0.0356696 0.0357401 0.0357401 0.0372264 0.0364602 0.0379732 0.0356333 0.0357824 0.0372243 0.0364582 0.0365462 0.0340929 0.0356867 0.0356332 0.0327011 0.0348898 0.0356285 0.0349153 0.0340399 0.0348955 0.0309813 0.0317468 0.0317468 0.0332708 0.0340719 0.0325729 0.0349841 0.0326031 0.0333222 0.0325358 0.0340840 0.0340881 0.0340560 0.0325735 0.0333746 0.0317961 0.0333251 0.0317940 0.0325313 0.0309816 0.0326125 0.0309710 0.0325337 0.0325602 0.0310193 0.0317599 0.0317385 0.0321784 0.0317342 0.0303746 0.0310002 0.0294426 0.0294426 0.0288642 0.0286891 0.0286891 
AJ271757.1_Symbiodinium_sp.                                        0.0710465 0.0608385 0.0347762 0.0349094 0.0333578 0.0100068 0.0078308 0.0099990 0.0063892 0.0092806 0.0100235 0.0078511 0.0049678 0.0000000 0.0028303 0.0021193 0.0021193 0.0085888 0.0092718 0.0085728 0.0071173 0.0085642 0.0078467 0.0064050 0.0064073 0.0056829 0.0056905 0.0056940 0.0049743 0.0049673 0.0049668 0.0049668 0.0050283 0.0042568 0.0042536 0.0042536 0.0043225 0.0404757 0.0365691 0.0364706 0.0356948 0.0356948 0.0347376 0.0342247 0.0349472 0.0349298 0.0341361 0.0341243 0.0341243 0.0345642 0.0264534 0.0271764 0.0316693 0.0263677 0.0301678 0.0282276 0.0404402 0.0428011 0.0403894 0.0371441 0.0417736 0.0419578 0.0404683 0.0427334 0.0420514 0.0411492 0.0411971 0.0418733 0.0412398 0.0428216 0.0419502 0.0402635 0.0395875 0.0349164 0.0348811 0.0349499 0.0349499 0.0372590 0.0380384 0.0371804 0.0348457 0.0349912 0.0364325 0.0356678 0.0357538 0.0333084 0.0348978 0.0348456 0.0319160 0.0341031 0.0348410 0.0341280 0.0332567 0.0341086 0.0302043 0.0309682 0.0309682 0.0324892 0.0332879 0.0317912 0.0341951 0.0318206 0.0325393 0.0317550 0.0332998 0.0333038 0.0332724 0.0317917 0.0325904 0.0310162 0.0325422 0.0310141 0.0317506 0.0302045 0.0318297 0.0301943 0.0317529 0.0317787 0.0302413 0.0309809 0.0309601 0.0313887 0.0309560 0.0295950 0.0302226 0.0286691 0.0286691 0.0280872 0.0279170 0.0279170 
AB863030.1_Symbiodinium_sp.                                        0.0693451 0.0591961 0.0332064 0.0333669 0.0318209 0.0085631 0.0063965 0.0085564 0.0049612 0.0078398 0.0085774 0.0064130 0.0035426 0.0028303 0.0000000 0.0007046 0.0007046 0.0071455 0.0078325 0.0071322 0.0056845 0.0071250 0.0064094 0.0049734 0.0049752 0.0042551 0.0042608 0.0042634 0.0035472 0.0035422 0.0035419 0.0035419 0.0035856 0.0028332 0.0028310 0.0028310 0.0028768 0.0389100 0.0350166 0.0349226 0.0341493 0.0341493 0.0331698 0.0326467 0.0334031 0.0333865 0.0325964 0.0325852 0.0325852 0.0330047 0.0249416 0.0256640 0.0301455 0.0248609 0.0286478 0.0266965 0.0388761 0.0412289 0.0388272 0.0355981 0.0402136 0.0403905 0.0389029 0.0411638 0.0404802 0.0395855 0.0396314 0.0403094 0.0404512 0.0412485 0.0403832 0.0387066 0.0380290 0.0333737 0.0333401 0.0334057 0.0334057 0.0357077 0.0364845 0.0356326 0.0333064 0.0334449 0.0348860 0.0341237 0.0342057 0.0317742 0.0333561 0.0333063 0.0303796 0.0325650 0.0333019 0.0325889 0.0317250 0.0325703 0.0286825 0.0294438 0.0294438 0.0309601 0.0317547 0.0302612 0.0326527 0.0302891 0.0310076 0.0302268 0.0317659 0.0317697 0.0317399 0.0302616 0.0310562 0.0294891 0.0310103 0.0294872 0.0302226 0.0286826 0.0302977 0.0286729 0.0302248 0.0302493 0.0287174 0.0294558 0.0294360 0.0298429 0.0294321 0.0280675 0.0286998 0.0271530 0.0271530 0.0265637 0.0264030 0.0264030 
AB016579.1_Symbiodinium_sp.                                        0.0684321 0.0583241 0.0323956 0.0325700 0.0310283 0.0078369 0.0056767 0.0078308 0.0042456 0.0071157 0.0078500 0.0056913 0.0028295 0.0021193 0.0007046 0.0000000 0.0000010 0.0064206 0.0071090 0.0064087 0.0049660 0.0064022 0.0056881 0.0042561 0.0042577 0.0035403 0.0035450 0.0035472 0.0028332 0.0028293 0.0028290 0.0028290 0.0028639 0.0021215 0.0021199 0.0021199 0.0021541 0.0380964 0.0342131 0.0341215 0.0333503 0.0333503 0.0323601 0.0318322 0.0326054 0.0325892 0.0318017 0.0317907 0.0317907 0.0321993 0.0241675 0.0248890 0.0293609 0.0240895 0.0278665 0.0259111 0.0380632 0.0404098 0.0380155 0.0347974 0.0394017 0.0395746 0.0380895 0.0403461 0.0396623 0.0387722 0.0388171 0.0394955 0.0396340 0.0404289 0.0395676 0.0378976 0.0372198 0.0325768 0.0325440 0.0326078 0.0326078 0.0349043 0.0356790 0.0348311 0.0325112 0.0326461 0.0340858 0.0333253 0.0334052 0.0309829 0.0325596 0.0325111 0.0295885 0.0317711 0.0325068 0.0317943 0.0309350 0.0317762 0.0279002 0.0286595 0.0286595 0.0301721 0.0309639 0.0294734 0.0318565 0.0295004 0.0302183 0.0294399 0.0309748 0.0309785 0.0309495 0.0294738 0.0302656 0.0287035 0.0302209 0.0287017 0.0294359 0.0279002 0.0295088 0.0278908 0.0294380 0.0294618 0.0279341 0.0286711 0.0286519 0.0290473 0.0286482 0.0272829 0.0279169 0.0263749 0.0263749 0.0257823 0.0256267 0.0256267 
AB016572.1_Symbiodinium_sp.                                        0.0684321 0.0583241 0.0323956 0.0325700 0.0310283 0.0078369 0.0056767 0.0078308 0.0042456 0.0071157 0.0078500 0.0056913 0.0028295 0.0021193 0.0007046 0.0000010 0.0000000 0.0064206 0.0071090 0.0064087 0.0049660 0.0064022 0.0056881 0.0042561 0.0042577 0.0035403 0.0035450 0.0035472 0.0028332 0.0028293 0.0028290 0.0028290 0.0028639 0.0021215 0.0021199 0.0021199 0.0021541 0.0380964 0.0342131 0.0341215 0.0333503 0.0333503 0.0323601 0.0318322 0.0326054 0.0325892 0.0318017 0.0317907 0.0317907 0.0321993 0.0241675 0.0248890 0.0293609 0.0240895 0.0278665 0.0259111 0.0380632 0.0404098 0.0380155 0.0347974 0.0394017 0.0395746 0.0380895 0.0403461 0.0396623 0.0387722 0.0388171 0.0394955 0.0396340 0.0404289 0.0395676 0.0378976 0.0372198 0.0325768 0.0325440 0.0326078 0.0326078 0.0349043 0.0356790 0.0348311 0.0325112 0.0326461 0.0340858 0.0333253 0.0334052 0.0309829 0.0325596 0.0325111 0.0295885 0.0317711 0.0325068 0.0317943 0.0309350 0.0317762 0.0279002 0.0286595 0.0286595 0.0301721 0.0309639 0.0294734 0.0318565 0.0295004 0.0302183 0.0294399 0.0309748 0.0309785 0.0309495 0.0294738 0.0302656 0.0287035 0.0302209 0.0287017 0.0294359 0.0279002 0.0295088 0.0278908 0.0294380 0.0294618 0.0279341 0.0286711 0.0286519 0.0290473 0.0286482 0.0272829 0.0279169 0.0263749 0.0263749 0.0257823 0.0256267 0.0256267 
L13717.1_Symbiodinium_corculorum                                   0.0662150 0.0602413 0.0332680 0.0327267 0.0311772 0.0144391 0.0122227 0.0085834 0.0107536 0.0078645 0.0014193 0.0064332 0.0093169 0.0085888 0.0071455 0.0064206 0.0064206 0.0000000 0.0021262 0.0014198 0.0014166 0.0014184 0.0064296 0.0049891 0.0049909 0.0056998 0.0042742 0.0042769 0.0035583 0.0049821 0.0035530 0.0035530 0.0035970 0.0042694 0.0042662 0.0042662 0.0043356 0.0375079 0.0343785 0.0342860 0.0335109 0.0335109 0.0325184 0.0311730 0.0327624 0.0327461 0.0319545 0.0319435 0.0319435 0.0323560 0.0250218 0.0257465 0.0317841 0.0249406 0.0302771 0.0283309 0.0405891 0.0429590 0.0405379 0.0372798 0.0419267 0.0421123 0.0406174 0.0428908 0.0422066 0.0413005 0.0413488 0.0420272 0.0421760 0.0429797 0.0413074 0.0404111 0.0397329 0.0350441 0.0350085 0.0366254 0.0366254 0.0373956 0.0381779 0.0373164 0.0349728 0.0351194 0.0365657 0.0357982 0.0358848 0.0334298 0.0350253 0.0349727 0.0320327 0.0326704 0.0349681 0.0327144 0.0333777 0.0342331 0.0287922 0.0280367 0.0280367 0.0326073 0.0334091 0.0319069 0.0343202 0.0319365 0.0326578 0.0318705 0.0334210 0.0334251 0.0333935 0.0319075 0.0327092 0.0311290 0.0326607 0.0295824 0.0318660 0.0303141 0.0319457 0.0303038 0.0318684 0.0318944 0.0303511 0.0310935 0.0310725 0.0315042 0.0310683 0.0297029 0.0303324 0.0287729 0.0287729 0.0281894 0.0280180 0.0280180 
AB055918.1_Symbiodinium_sp.                                        0.0667391 0.0607780 0.0338965 0.0333471 0.0318022 0.0151071 0.0128949 0.0092660 0.0114301 0.0085494 0.0035449 0.0071229 0.0099982 0.0092718 0.0078325 0.0071090 0.0071090 0.0021262 0.0000000 0.0021223 0.0021175 0.0021202 0.0071189 0.0056818 0.0056839 0.0063898 0.0049691 0.0049722 0.0042551 0.0056739 0.0042487 0.0042487 0.0043012 0.0049636 0.0049598 0.0049598 0.0050402 0.0388866 0.0349957 0.0349018 0.0341291 0.0341291 0.0331499 0.0318130 0.0333833 0.0333667 0.0325772 0.0325659 0.0325659 0.0329849 0.0256639 0.0263857 0.0324040 0.0255810 0.0309021 0.0289690 0.0411862 0.0435488 0.0411344 0.0378845 0.0425163 0.0427040 0.0412148 0.0434799 0.0427992 0.0418943 0.0419431 0.0426178 0.0427683 0.0435697 0.0426962 0.0410062 0.0403316 0.0356572 0.0356212 0.0372342 0.0372342 0.0380019 0.0387818 0.0379216 0.0355850 0.0357337 0.0371738 0.0364087 0.0364965 0.0340467 0.0356382 0.0355849 0.0326566 0.0348425 0.0355802 0.0333345 0.0339938 0.0348482 0.0294224 0.0286694 0.0286694 0.0332258 0.0340257 0.0325287 0.0349365 0.0325589 0.0332770 0.0324918 0.0340378 0.0340419 0.0340099 0.0325294 0.0333293 0.0317530 0.0332800 0.0302108 0.0324872 0.0309397 0.0325682 0.0309291 0.0324897 0.0325161 0.0309773 0.0317169 0.0316956 0.0321343 0.0316913 0.0295754 0.0309582 0.0294028 0.0294028 0.0288250 0.0286503 0.0286503 
X62650.1_S.pilosum                                                 0.0660840 0.0601241 0.0332038 0.0326646 0.0311181 0.0144122 0.0122001 0.0085675 0.0107336 0.0078499 0.0028406 0.0064213 0.0092995 0.0085728 0.0071322 0.0064087 0.0064087 0.0014198 0.0021223 0.0000000 0.0014140 0.0014158 0.0064177 0.0049798 0.0049817 0.0056892 0.0042663 0.0042689 0.0035518 0.0049729 0.0035464 0.0035464 0.0035903 0.0042615 0.0042583 0.0042583 0.0043274 0.0382084 0.0343130 0.0342209 0.0334473 0.0334473 0.0324557 0.0311125 0.0327002 0.0326839 0.0318939 0.0318829 0.0318829 0.0322939 0.0249747 0.0256980 0.0317242 0.0248938 0.0302200 0.0282769 0.0405115 0.0428768 0.0404605 0.0372091 0.0418469 0.0420319 0.0405397 0.0428089 0.0421258 0.0412217 0.0412698 0.0419471 0.0420953 0.0428974 0.0420243 0.0403342 0.0396571 0.0349775 0.0349421 0.0365557 0.0365557 0.0373244 0.0381052 0.0372455 0.0349065 0.0350525 0.0364963 0.0357302 0.0358165 0.0333665 0.0349588 0.0349064 0.0319718 0.0341626 0.0349018 0.0326523 0.0333146 0.0341682 0.0287378 0.0279838 0.0279838 0.0325456 0.0333459 0.0318465 0.0342550 0.0318760 0.0325959 0.0318102 0.0333577 0.0333618 0.0333303 0.0318470 0.0326472 0.0310700 0.0325988 0.0295265 0.0318057 0.0302569 0.0318851 0.0302466 0.0318081 0.0318340 0.0302937 0.0310347 0.0310138 0.0314439 0.0310096 0.0296465 0.0302750 0.0287187 0.0287187 0.0281360 0.0279652 0.0279652 
AB016723.1_Symbiodinium_sp.                                        0.0659132 0.0599724 0.0331226 0.0310582 0.0295208 0.0129218 0.0107234 0.0071129 0.0092677 0.0063987 0.0028342 0.0049757 0.0078394 0.0071173 0.0056845 0.0049660 0.0049660 0.0014166 0.0021175 0.0014140 0.0000000 0.0014126 0.0049729 0.0035437 0.0035450 0.0042510 0.0028336 0.0028353 0.0021231 0.0035388 0.0021199 0.0021199 0.0021461 0.0028304 0.0028283 0.0028283 0.0028740 0.0381155 0.0342301 0.0341384 0.0333667 0.0333667 0.0323763 0.0310361 0.0326215 0.0326053 0.0318173 0.0318064 0.0318064 0.0322154 0.0234149 0.0241361 0.0301317 0.0233393 0.0286347 0.0266842 0.0388580 0.0412097 0.0388092 0.0355816 0.0401950 0.0403717 0.0388848 0.0411446 0.0404613 0.0395671 0.0396129 0.0402907 0.0404323 0.0412292 0.0403644 0.0386886 0.0380113 0.0333584 0.0333248 0.0349265 0.0349265 0.0356912 0.0364676 0.0356162 0.0332911 0.0334295 0.0348699 0.0341079 0.0341899 0.0317596 0.0333407 0.0332910 0.0303657 0.0325501 0.0332866 0.0310468 0.0317105 0.0325553 0.0271587 0.0279173 0.0279173 0.0309459 0.0317401 0.0302473 0.0326377 0.0302752 0.0309934 0.0302129 0.0317513 0.0317551 0.0317253 0.0302478 0.0310419 0.0294756 0.0309961 0.0279415 0.0302088 0.0286695 0.0302838 0.0286598 0.0302110 0.0302354 0.0287043 0.0294423 0.0294225 0.0298291 0.0294187 0.0280547 0.0286867 0.0271406 0.0271406 0.0265515 0.0263910 0.0263910 
AB016724.1_Symbiodinium_sp.                                        0.0660116 0.0600595 0.0331685 0.0326304 0.0310856 0.0143975 0.0121877 0.0085588 0.0107227 0.0078420 0.0028377 0.0064148 0.0092901 0.0085642 0.0071250 0.0064022 0.0064022 0.0014184 0.0021202 0.0014158 0.0014126 0.0000000 0.0064112 0.0049748 0.0049766 0.0056835 0.0042620 0.0042646 0.0035482 0.0049679 0.0035428 0.0035428 0.0035866 0.0042572 0.0042540 0.0042540 0.0043230 0.0381681 0.0342770 0.0341850 0.0334122 0.0334122 0.0324211 0.0310792 0.0326659 0.0326497 0.0318605 0.0318496 0.0318496 0.0322597 0.0249487 0.0256713 0.0316912 0.0248680 0.0301886 0.0282472 0.0404688 0.0428315 0.0404179 0.0371701 0.0418030 0.0419876 0.0404969 0.0427637 0.0420813 0.0411783 0.0412263 0.0419029 0.0420509 0.0428521 0.0419800 0.0402919 0.0396154 0.0349408 0.0349055 0.0365173 0.0365173 0.0372852 0.0380652 0.0372065 0.0348700 0.0350157 0.0364580 0.0356927 0.0357788 0.0333316 0.0349222 0.0348699 0.0319382 0.0341269 0.0348653 0.0326182 0.0332798 0.0341324 0.0287079 0.0279547 0.0279547 0.0325117 0.0333110 0.0318132 0.0342190 0.0318426 0.0325619 0.0317770 0.0333229 0.0333269 0.0332955 0.0318138 0.0326130 0.0310376 0.0325648 0.0294957 0.0317726 0.0302253 0.0318518 0.0302151 0.0317749 0.0318007 0.0302621 0.0310023 0.0309815 0.0314107 0.0309773 0.0296155 0.0302435 0.0286888 0.0286888 0.0281066 0.0279361 0.0279361 
KU188515.1_Symbiodinium_sp.                                        0.0684784 0.0625174 0.0355914 0.0334035 0.0318558 0.0136706 0.0114641 0.0078418 0.0100030 0.0071256 0.0078610 0.0056907 0.0085713 0.0078467 0.0064094 0.0056881 0.0056881 0.0064296 0.0071189 0.0064177 0.0049729 0.0064112 0.0000000 0.0042556 0.0042572 0.0049706 0.0035446 0.0035468 0.0028329 0.0042561 0.0028329 0.0028329 0.0028679 0.0035460 0.0035433 0.0035433 0.0028780 0.0389527 0.0350551 0.0349608 0.0341868 0.0341868 0.0324230 0.0318944 0.0334398 0.0334232 0.0326322 0.0326209 0.0326209 0.0330413 0.0242019 0.0249244 0.0309372 0.0241236 0.0294362 0.0274888 0.0396968 0.0420559 0.0396468 0.0364063 0.0410333 0.0412142 0.0397243 0.0419894 0.0413060 0.0404066 0.0404536 0.0411313 0.0412763 0.0420760 0.0412068 0.0395233 0.0388460 0.0341782 0.0341437 0.0357519 0.0357519 0.0365188 0.0372977 0.0364418 0.0341090 0.0342513 0.0356938 0.0349296 0.0350137 0.0325728 0.0341601 0.0341090 0.0311781 0.0333664 0.0341044 0.0333908 0.0325223 0.0333718 0.0294718 0.0302352 0.0302352 0.0317553 0.0325528 0.0310562 0.0334564 0.0310849 0.0318042 0.0310209 0.0325643 0.0325682 0.0325376 0.0310567 0.0318541 0.0302819 0.0318070 0.0287426 0.0310166 0.0294720 0.0310938 0.0294620 0.0310189 0.0310440 0.0295078 0.0302476 0.0302272 0.0306458 0.0302232 0.0288592 0.0294897 0.0279380 0.0279380 0.0273519 0.0271862 0.0271862 
KU188511.1_Symbiodinium_sp.                                        0.0667319 0.0608204 0.0339918 0.0318407 0.0302999 0.0122024 0.0100076 0.0064009 0.0085539 0.0056872 0.0064166 0.0042580 0.0071261 0.0064050 0.0049734 0.0042561 0.0042561 0.0049891 0.0056818 0.0049798 0.0035437 0.0049748 0.0042556 0.0000000 0.0028315 0.0035421 0.0021218 0.0021231 0.0014131 0.0028308 0.0014131 0.0014131 0.0014306 0.0021226 0.0021210 0.0021210 0.0021552 0.0373623 0.0334809 0.0333912 0.0326204 0.0326204 0.0316187 0.0310853 0.0318754 0.0318596 0.0310728 0.0310621 0.0310621 0.0314615 0.0226802 0.0234016 0.0293926 0.0226070 0.0278966 0.0259394 0.0381048 0.0404540 0.0380570 0.0348352 0.0394445 0.0396178 0.0381311 0.0403901 0.0397056 0.0388145 0.0388594 0.0395384 0.0396773 0.0404731 0.0396107 0.0379388 0.0372603 0.0326122 0.0325794 0.0341782 0.0341782 0.0349423 0.0357179 0.0348689 0.0325464 0.0326816 0.0341228 0.0333615 0.0326784 0.0310165 0.0325950 0.0325464 0.0296207 0.0318056 0.0325421 0.0318289 0.0309685 0.0318107 0.0279304 0.0286906 0.0286906 0.0302047 0.0309975 0.0295054 0.0318912 0.0295325 0.0302511 0.0294718 0.0310084 0.0310121 0.0309830 0.0295058 0.0302984 0.0287346 0.0302537 0.0272024 0.0294678 0.0279304 0.0295409 0.0279210 0.0294699 0.0294937 0.0279644 0.0287022 0.0286829 0.0290792 0.0286792 0.0273125 0.0279472 0.0264034 0.0264034 0.0258104 0.0256544 0.0256544 
KU188514.1_Symbiodinium_sp.                                        0.0667622 0.0608473 0.0340059 0.0318536 0.0303121 0.0122070 0.0100113 0.0064033 0.0085571 0.0056892 0.0064190 0.0042596 0.0071287 0.0064073 0.0049752 0.0042577 0.0042577 0.0049909 0.0056839 0.0049817 0.0035450 0.0049766 0.0042572 0.0028315 0.0000000 0.0035434 0.0021225 0.0021239 0.0014137 0.0028318 0.0014137 0.0014137 0.0014311 0.0021234 0.0021218 0.0021218 0.0021552 0.0373778 0.0334945 0.0334048 0.0326337 0.0326337 0.0316317 0.0310982 0.0318883 0.0318725 0.0310854 0.0310747 0.0310747 0.0314744 0.0226891 0.0234108 0.0294044 0.0226159 0.0279077 0.0259498 0.0381205 0.0404708 0.0380727 0.0348494 0.0394608 0.0396342 0.0381468 0.0404069 0.0397221 0.0388305 0.0388755 0.0395548 0.0396937 0.0404900 0.0396272 0.0379544 0.0372757 0.0326254 0.0325926 0.0341922 0.0341922 0.0349566 0.0357325 0.0348831 0.0325596 0.0326949 0.0341367 0.0333751 0.0334552 0.0310290 0.0326082 0.0325596 0.0296326 0.0318185 0.0325553 0.0318418 0.0309810 0.0318236 0.0279415 0.0287020 0.0287020 0.0302169 0.0310100 0.0295172 0.0319041 0.0295444 0.0302633 0.0294836 0.0310209 0.0310247 0.0309955 0.0295176 0.0303106 0.0287462 0.0302659 0.0272133 0.0294796 0.0279416 0.0295528 0.0279321 0.0294818 0.0295056 0.0279755 0.0287137 0.0286944 0.0290910 0.0286907 0.0273235 0.0279583 0.0264139 0.0264139 0.0258207 0.0256645 0.0256645 
AF238256.1_Symbiodinium_sp._Type_A                                 0.0675511 0.0599428 0.0331748 0.0325706 0.0310288 0.0114636 0.0092758 0.0071097 0.0078268 0.0063958 0.0071270 0.0049734 0.0064017 0.0056829 0.0042551 0.0035403 0.0035403 0.0056998 0.0063898 0.0056892 0.0042510 0.0056835 0.0049706 0.0035421 0.0035434 0.0000000 0.0028323 0.0028340 0.0021221 0.0021192 0.0021190 0.0021190 0.0021451 0.0014125 0.0014114 0.0014114 0.0014340 0.0380973 0.0342138 0.0341221 0.0333509 0.0333509 0.0323607 0.0318328 0.0326060 0.0325898 0.0318022 0.0317913 0.0317913 0.0321999 0.0234039 0.0241248 0.0301175 0.0233284 0.0286213 0.0266715 0.0388394 0.0411899 0.0387907 0.0355648 0.0401758 0.0403523 0.0388662 0.0411249 0.0404419 0.0395482 0.0395940 0.0402714 0.0404129 0.0412094 0.0403451 0.0386702 0.0379932 0.0333425 0.0333090 0.0349099 0.0349099 0.0356742 0.0364502 0.0355993 0.0332753 0.0334136 0.0348533 0.0340917 0.0341736 0.0317446 0.0333249 0.0332752 0.0303513 0.0325347 0.0332708 0.0325584 0.0316955 0.0325399 0.0286559 0.0294165 0.0294165 0.0309313 0.0317251 0.0302330 0.0326222 0.0302608 0.0309788 0.0301987 0.0317363 0.0317401 0.0317104 0.0302335 0.0310272 0.0294617 0.0309815 0.0279284 0.0301946 0.0286560 0.0302695 0.0286463 0.0301968 0.0302211 0.0286908 0.0294284 0.0294087 0.0298148 0.0294048 0.0280414 0.0286732 0.0271279 0.0271279 0.0265390 0.0263786 0.0263786 
KU188513.1_Symbiodinium_sp.                                        0.0659172 0.0600239 0.0332202 0.0310852 0.0295466 0.0114789 0.0092881 0.0056869 0.0078372 0.0049738 0.0057008 0.0035466 0.0064102 0.0056905 0.0042608 0.0035450 0.0035450 0.0042742 0.0049691 0.0042663 0.0028336 0.0042620 0.0035446 0.0021218 0.0021225 0.0028323 0.0000000 0.0014147 0.0007056 0.0021220 0.0007056 0.0007056 0.0007149 0.0014143 0.0014133 0.0014133 0.0014361 0.0365978 0.0327212 0.0326337 0.0318638 0.0318638 0.0308508 0.0303122 0.0311191 0.0311037 0.0303185 0.0303080 0.0303080 0.0306976 0.0219379 0.0226592 0.0286442 0.0218671 0.0271494 0.0251860 0.0373400 0.0396862 0.0372932 0.0340779 0.0386823 0.0388521 0.0373658 0.0396236 0.0389381 0.0380502 0.0380942 0.0387744 0.0389104 0.0397050 0.0388452 0.0371775 0.0364980 0.0318558 0.0318237 0.0334193 0.0334193 0.0341825 0.0349572 0.0341109 0.0317916 0.0319235 0.0333651 0.0326046 0.0326828 0.0302636 0.0318390 0.0317916 0.0288662 0.0310511 0.0317874 0.0310738 0.0302168 0.0310561 0.0271823 0.0279415 0.0279415 0.0294540 0.0302450 0.0287539 0.0311346 0.0287803 0.0294991 0.0287212 0.0302556 0.0302593 0.0302309 0.0287543 0.0295452 0.0279844 0.0295017 0.0264544 0.0287173 0.0271823 0.0287885 0.0271732 0.0287194 0.0287425 0.0272153 0.0279528 0.0279340 0.0283198 0.0279305 0.0265615 0.0271986 0.0256576 0.0256576 0.0250607 0.0249093 0.0249093 
KU188510.1_Symbiodinium_sp.                                        0.0659664 0.0600676 0.0332432 0.0311063 0.0295665 0.0114863 0.0092939 0.0056904 0.0078421 0.0049769 0.0057043 0.0035488 0.0064143 0.0056940 0.0042634 0.0035472 0.0035472 0.0042769 0.0049722 0.0042689 0.0028353 0.0042646 0.0035468 0.0021231 0.0021239 0.0028340 0.0014147 0.0000000 0.0007067 0.0021233 0.0007067 0.0007067 0.0007154 0.0014152 0.0014142 0.0014142 0.0014361 0.0366229 0.0327435 0.0326559 0.0318854 0.0318854 0.0308721 0.0303332 0.0311402 0.0311248 0.0303390 0.0303285 0.0303285 0.0307186 0.0219524 0.0226742 0.0286634 0.0218815 0.0271676 0.0252030 0.0373657 0.0397137 0.0373188 0.0341011 0.0387089 0.0388789 0.0373915 0.0396510 0.0389650 0.0380764 0.0381205 0.0388011 0.0389372 0.0397325 0.0388720 0.0372030 0.0365230 0.0318774 0.0318453 0.0334421 0.0334421 0.0342059 0.0349811 0.0341341 0.0318131 0.0319452 0.0333878 0.0326268 0.0327050 0.0302840 0.0318606 0.0318131 0.0288857 0.0310721 0.0318089 0.0310949 0.0302372 0.0310771 0.0272005 0.0279603 0.0279603 0.0294738 0.0302654 0.0287733 0.0311557 0.0287997 0.0295190 0.0287405 0.0302760 0.0302797 0.0302513 0.0287736 0.0295652 0.0280031 0.0295215 0.0264721 0.0287366 0.0272005 0.0288079 0.0271913 0.0287387 0.0287619 0.0272336 0.0279715 0.0279528 0.0283391 0.0279492 0.0265793 0.0272169 0.0256747 0.0256747 0.0250775 0.0249259 0.0249259 
KU188509.1_Symbiodinium_sp.                                        0.0650618 0.0591926 0.0324315 0.0303142 0.0287786 0.0107499 0.0085653 0.0049712 0.0071178 0.0042591 0.0049833 0.0028345 0.0056924 0.0049743 0.0035472 0.0028332 0.0028332 0.0035583 0.0042551 0.0035518 0.0021231 0.0035482 0.0028329 0.0014131 0.0014137 0.0021221 0.0007056 0.0007067 0.0000000 0.0014133 0.0000010 0.0000010 0.0000010 0.0007060 0.0007056 0.0007056 0.0007177 0.0358142 0.0319448 0.0318596 0.0310912 0.0310912 0.0300673 0.0295237 0.0303473 0.0303323 0.0295490 0.0295388 0.0295388 0.0299182 0.0211853 0.0219063 0.0278816 0.0211170 0.0263891 0.0244204 0.0365558 0.0388975 0.0365100 0.0333034 0.0379000 0.0380660 0.0365810 0.0388362 0.0381501 0.0372661 0.0373091 0.0379900 0.0381230 0.0389159 0.0380593 0.0363969 0.0357167 0.0310833 0.0310521 0.0326433 0.0326433 0.0334053 0.0341785 0.0333354 0.0310208 0.0311492 0.0325905 0.0318313 0.0319074 0.0294956 0.0310670 0.0310208 0.0280974 0.0302811 0.0310167 0.0303032 0.0294501 0.0302859 0.0264210 0.0271788 0.0271788 0.0286887 0.0294775 0.0279883 0.0303624 0.0280139 0.0287326 0.0279565 0.0294878 0.0294914 0.0294638 0.0279886 0.0287774 0.0272204 0.0287350 0.0256936 0.0279527 0.0264210 0.0280219 0.0264121 0.0279547 0.0279772 0.0264531 0.0271897 0.0271715 0.0275464 0.0271681 0.0257975 0.0264368 0.0248995 0.0248995 0.0242990 0.0241524 0.0241524 
