130
GU362426_Gymnodinium_catenatum                                     0.0000000 0.0454681 0.0659425 0.0706472 0.0689324 0.0774568 0.0755868 0.0694671 0.0737577 0.0649850 0.0680251 0.0687241 0.0721427 0.0712583 0.0695481 0.0686300 0.0686300 0.0664047 0.0669289 0.0662759 0.0660996 0.0662028 0.0686778 0.0669209 0.0669523 0.0677454 0.0661035 0.0661532 0.0652447 0.0668786 0.0651919 0.0651919 0.0660786 0.0660726 0.0660191 0.0660191 0.0654517 0.0736420 0.0675293 0.0673294 0.0664856 0.0664856 0.0659719 0.0666417 0.0666397 0.0656622 0.0657113 0.0665673 0.0665673 0.0674697 0.0630924 0.0629288 0.0679087 0.0636892 0.0662872 0.0645869 0.0743806 0.0769684 0.0742752 0.0696531 0.0695848 0.0751476 0.0733581 0.0768405 0.0761891 0.0750866 0.0743339 0.0732288 0.0735178 0.0770245 0.0742835 0.0740245 0.0716329 0.0698521 0.0697741 0.0698774 0.0698774 0.0725415 0.0708504 0.0706261 0.0697747 0.0709500 0.0681820 0.0707274 0.0709233 0.0636753 0.0698933 0.0697707 0.0666784 0.0689912 0.0680889 0.0658073 0.0671344 0.0681159 0.0604898 0.0596768 0.0596768 0.0671268 0.0680392 0.0664365 0.0691916 0.0665105 0.0680846 0.0663637 0.0680725 0.0680764 0.0680068 0.0673006 0.0665277 0.0655842 0.0672534 0.0613385 0.0663508 0.0662911 0.0665326 0.0646046 0.0638554 0.0664186 0.0620692 0.0654971 0.0654515 0.0664086 0.0654370 0.0641453 0.0646736 0.0629276 0.0629276 0.0633612 0.0637627 0.0637627 
EF492511                                                           0.0454681 0.0000000 0.0451013 0.0639080 0.0622405 0.0677858 0.0651493 0.0633872 0.0633993 0.0615334 0.0619620 0.0627057 0.0618294 0.0609786 0.0593295 0.0584536 0.0584536 0.0603801 0.0609171 0.0602652 0.0601087 0.0601999 0.0626647 0.0609592 0.0609869 0.0600797 0.0601605 0.0602045 0.0593255 0.0592412 0.0592313 0.0592313 0.0600204 0.0584556 0.0584092 0.0584092 0.0577006 0.0666287 0.0607052 0.0605315 0.0580925 0.0580925 0.0574202 0.0579896 0.0615159 0.0589098 0.0606178 0.0597819 0.0597819 0.0605754 0.0532173 0.0521515 0.0538039 0.0513944 0.0522405 0.0504555 0.0681836 0.0706998 0.0680891 0.0620513 0.0628494 0.0656400 0.0655586 0.0689296 0.0682769 0.0672332 0.0656221 0.0654472 0.0656975 0.0690903 0.0664489 0.0662233 0.0655266 0.0639124 0.0638428 0.0647912 0.0647912 0.0647623 0.0647585 0.0629269 0.0637307 0.0632429 0.0621953 0.0630153 0.0623580 0.0587023 0.0622044 0.0612767 0.0591089 0.0613360 0.0620910 0.0582272 0.0578991 0.0604900 0.0531021 0.0523112 0.0523112 0.0595464 0.0604241 0.0588610 0.0615088 0.0589243 0.0604632 0.0587973 0.0604523 0.0604561 0.0595778 0.0588678 0.0589394 0.0580346 0.0588376 0.0554294 0.0587867 0.0587351 0.0589432 0.0571000 0.0579741 0.0588445 0.0546664 0.0579599 0.0563113 0.0571161 0.0579086 0.0566140 0.0571596 0.0554738 0.0554738 0.0558470 0.0562840 0.0562840 
JF791031                                                           0.0659425 0.0451013 0.0000000 0.0418082 0.0402048 0.0404251 0.0387957 0.0379702 0.0371589 0.0354628 0.0348436 0.0356635 0.0356000 0.0348237 0.0332501 0.0324373 0.0324373 0.0333119 0.0339410 0.0332490 0.0331655 0.0332134 0.0356414 0.0340371 0.0340516 0.0332190 0.0332642 0.0332873 0.0324736 0.0324269 0.0324223 0.0324223 0.0328478 0.0316641 0.0316391 0.0316391 0.0313820 0.0442615 0.0402622 0.0401504 0.0393569 0.0393569 0.0392487 0.0379312 0.0393849 0.0385756 0.0385468 0.0377480 0.0377480 0.0382435 0.0322235 0.0337025 0.0375472 0.0336515 0.0360110 0.0340866 0.0449521 0.0473666 0.0448906 0.0407806 0.0431387 0.0440867 0.0449628 0.0472659 0.0465818 0.0456426 0.0456961 0.0455608 0.0457293 0.0473903 0.0464651 0.0455863 0.0449077 0.0409224 0.0408793 0.0417613 0.0417613 0.0392584 0.0424616 0.0408506 0.0400298 0.0402348 0.0416636 0.0408807 0.0394078 0.0384551 0.0400952 0.0376703 0.0362599 0.0392344 0.0384349 0.0377918 0.0376098 0.0392804 0.0329321 0.0321634 0.0321634 0.0376048 0.0384289 0.0361242 0.0393829 0.0369376 0.0368879 0.0368593 0.0384453 0.0384483 0.0360727 0.0369024 0.0369470 0.0376691 0.0361081 0.0368783 0.0352875 0.0337050 0.0369488 0.0352513 0.0368552 0.0368878 0.0337319 0.0360622 0.0360380 0.0357043 0.0360320 0.0346667 0.0352875 0.0336882 0.0336882 0.0339107 0.0329188 0.0329188 
AY160124.1_Symbiodinium_sp._G15                                    0.0706472 0.0639080 0.0418082 0.0000000 0.0014078 0.0397164 0.0388565 0.0357266 0.0372485 0.0332830 0.0342753 0.0334675 0.0357448 0.0349543 0.0334082 0.0326093 0.0326093 0.0327688 0.0333897 0.0327079 0.0310963 0.0326735 0.0334471 0.0318801 0.0318933 0.0326120 0.0311234 0.0311446 0.0303506 0.0318351 0.0303036 0.0303036 0.0306935 0.0310864 0.0310623 0.0310623 0.0300155 0.0402761 0.0363842 0.0362858 0.0355135 0.0355135 0.0345534 0.0348859 0.0355380 0.0347520 0.0347267 0.0339500 0.0339500 0.0343858 0.0309187 0.0339044 0.0361495 0.0315701 0.0346414 0.0327381 0.0434470 0.0458170 0.0433885 0.0408898 0.0439836 0.0457481 0.0450396 0.0465286 0.0458538 0.0449320 0.0433900 0.0456515 0.0458180 0.0457403 0.0457409 0.0440300 0.0433607 0.0402326 0.0401910 0.0401899 0.0401899 0.0418040 0.0410262 0.0409324 0.0378111 0.0403269 0.0401809 0.0394128 0.0395133 0.0331864 0.0386421 0.0385790 0.0356505 0.0386205 0.0385747 0.0356159 0.0354443 0.0378438 0.0308650 0.0316282 0.0316282 0.0362039 0.0370109 0.0355096 0.0379408 0.0370824 0.0370334 0.0354712 0.0370263 0.0370292 0.0362274 0.0355118 0.0363210 0.0347316 0.0362661 0.0354954 0.0354661 0.0339082 0.0355557 0.0338953 0.0354673 0.0354981 0.0331741 0.0346897 0.0346669 0.0351487 0.0346613 0.0333146 0.0339296 0.0323620 0.0323620 0.0317962 0.0316069 0.0316069 
HE653239_Symbiodinium_voratum                                      0.0689324 0.0622405 0.0402048 0.0014078 0.0000000 0.0381396 0.0372861 0.0341685 0.0356861 0.0317397 0.0327182 0.0319151 0.0341860 0.0333989 0.0318586 0.0310641 0.0310641 0.0312157 0.0318411 0.0311577 0.0295555 0.0311250 0.0318958 0.0303358 0.0303483 0.0310666 0.0295813 0.0296013 0.0288117 0.0302930 0.0287671 0.0287671 0.0291365 0.0295462 0.0295233 0.0295233 0.0284561 0.0387061 0.0348287 0.0347349 0.0339654 0.0339654 0.0329836 0.0333004 0.0339887 0.0332064 0.0331822 0.0324088 0.0324088 0.0328241 0.0293874 0.0323654 0.0346047 0.0300417 0.0331009 0.0311869 0.0418640 0.0442251 0.0418078 0.0393239 0.0424074 0.0441587 0.0434502 0.0449367 0.0442604 0.0433467 0.0418092 0.0440659 0.0442260 0.0441511 0.0441519 0.0424519 0.0417812 0.0386643 0.0386244 0.0386235 0.0386235 0.0402295 0.0394546 0.0393645 0.0362553 0.0387546 0.0386147 0.0378492 0.0379454 0.0316479 0.0370811 0.0370207 0.0340960 0.0370603 0.0370165 0.0340631 0.0338995 0.0362866 0.0293364 0.0300967 0.0300967 0.0346567 0.0354592 0.0339618 0.0363793 0.0355275 0.0354806 0.0339250 0.0354739 0.0354767 0.0346791 0.0339638 0.0347684 0.0331869 0.0347159 0.0339482 0.0339203 0.0323690 0.0340056 0.0323568 0.0339213 0.0339506 0.0316362 0.0331470 0.0331252 0.0335848 0.0331199 0.0317699 0.0323893 0.0308292 0.0308292 0.0302563 0.0300765 0.0300765 
AJ271758.1_Symbiodinium_sp.                                        0.0774568 0.0677858 0.0404251 0.0397164 0.0381396 0.0000000 0.0136491 0.0158574 0.0121756 0.0151294 0.0158974 0.0136845 0.0107392 0.0100100 0.0085654 0.0078388 0.0078388 0.0144457 0.0151139 0.0144194 0.0129270 0.0144046 0.0136767 0.0122071 0.0122118 0.0114680 0.0114832 0.0114906 0.0107536 0.0107386 0.0107373 0.0107373 0.0108724 0.0100202 0.0100126 0.0100126 0.0101764 0.0453869 0.0414171 0.0413030 0.0405153 0.0405153 0.0396220 0.0391369 0.0397639 0.0397400 0.0389329 0.0389173 0.0389173 0.0394236 0.0311266 0.0318553 0.0364003 0.0310233 0.0348813 0.0329668 0.0453502 0.0477471 0.0452886 0.0419745 0.0466713 0.0468834 0.0453847 0.0476713 0.0469929 0.0460588 0.0461124 0.0467835 0.0469557 0.0477709 0.0468760 0.0451452 0.0444722 0.0397248 0.0396835 0.0397653 0.0397653 0.0421101 0.0428994 0.0420186 0.0396436 0.0398185 0.0412607 0.0404855 0.0405896 0.0380844 0.0397077 0.0396422 0.0366907 0.0388954 0.0388615 0.0397038 0.0380205 0.0389012 0.0356999 0.0364766 0.0364766 0.0372430 0.0380586 0.0365443 0.0390016 0.0381328 0.0373015 0.0365045 0.0380747 0.0380777 0.0380405 0.0365467 0.0373645 0.0357589 0.0373076 0.0357553 0.0364992 0.0349260 0.0365922 0.0349126 0.0365004 0.0365324 0.0349684 0.0357153 0.0356915 0.0361917 0.0356857 0.0343320 0.0349482 0.0333648 0.0333648 0.0328023 0.0326029 0.0326029 
AJ271759.1_Symbiodinium_sp.                                        0.0755868 0.0651493 0.0387957 0.0388565 0.0372861 0.0136491 0.0000000 0.0136382 0.0099862 0.0129143 0.0136724 0.0114761 0.0085565 0.0078330 0.0063980 0.0056778 0.0056778 0.0122279 0.0129012 0.0122057 0.0107273 0.0121932 0.0114687 0.0100109 0.0100147 0.0092789 0.0092911 0.0092970 0.0085679 0.0085559 0.0085549 0.0085549 0.0086613 0.0078410 0.0078351 0.0078351 0.0079627 0.0445020 0.0405480 0.0404367 0.0396521 0.0396521 0.0387482 0.0382583 0.0389030 0.0388797 0.0380763 0.0380611 0.0380611 0.0385548 0.0303013 0.0310282 0.0355579 0.0302011 0.0340441 0.0321272 0.0444662 0.0468534 0.0444060 0.0411080 0.0457870 0.0459943 0.0444998 0.0467792 0.0461013 0.0451735 0.0452260 0.0458967 0.0460650 0.0468765 0.0459871 0.0442658 0.0435934 0.0388649 0.0388246 0.0389044 0.0389044 0.0412402 0.0420264 0.0411510 0.0372132 0.0389561 0.0403954 0.0396231 0.0397247 0.0372325 0.0388482 0.0387844 0.0358405 0.0380398 0.0387800 0.0380632 0.0371703 0.0380453 0.0340863 0.0348586 0.0348586 0.0363958 0.0372074 0.0356981 0.0381433 0.0357339 0.0364527 0.0356592 0.0372231 0.0372260 0.0371897 0.0357004 0.0365141 0.0349158 0.0364587 0.0349123 0.0356542 0.0340876 0.0357447 0.0340745 0.0356553 0.0356864 0.0341288 0.0348734 0.0348503 0.0353373 0.0348446 0.0334916 0.0341091 0.0325328 0.0325328 0.0319673 0.0317736 0.0317736 
AJ271754.1_Symbiodinium_sp.                                        0.0694671 0.0633872 0.0379702 0.0357266 0.0341685 0.0158574 0.0136382 0.0000000 0.0121661 0.0092778 0.0100209 0.0078482 0.0107309 0.0100022 0.0085588 0.0078328 0.0078328 0.0085858 0.0092686 0.0085702 0.0071145 0.0085615 0.0078439 0.0064023 0.0064047 0.0071114 0.0056880 0.0056916 0.0049720 0.0063934 0.0049645 0.0049645 0.0050260 0.0056816 0.0056773 0.0056773 0.0057694 0.0397581 0.0358456 0.0357482 0.0349719 0.0349719 0.0340004 0.0334798 0.0342266 0.0342063 0.0334139 0.0334007 0.0334007 0.0338320 0.0249561 0.0256800 0.0317048 0.0248740 0.0302013 0.0282570 0.0405055 0.0428714 0.0404509 0.0371955 0.0418372 0.0420251 0.0405359 0.0428038 0.0421218 0.0412140 0.0404816 0.0411580 0.0413074 0.0428921 0.0404298 0.0403241 0.0396478 0.0349620 0.0349260 0.0365425 0.0365425 0.0373138 0.0380933 0.0372338 0.0348913 0.0350433 0.0364821 0.0357161 0.0358069 0.0333517 0.0349472 0.0348902 0.0319549 0.0341487 0.0348863 0.0333921 0.0332963 0.0341536 0.0302387 0.0310041 0.0310041 0.0325286 0.0333293 0.0325897 0.0342411 0.0318607 0.0325790 0.0317944 0.0333431 0.0333458 0.0333134 0.0318308 0.0326335 0.0310543 0.0325842 0.0279733 0.0317901 0.0302396 0.0318701 0.0302282 0.0317910 0.0318184 0.0302761 0.0310170 0.0309965 0.0314279 0.0309917 0.0296297 0.0302587 0.0287005 0.0287005 0.0281166 0.0279470 0.0279470 
AJ271756.1_Symbiodinium_sp.                                        0.0737577 0.0633993 0.0371589 0.0372485 0.0356861 0.0121756 0.0099862 0.0121661 0.0000000 0.0114451 0.0121973 0.0100117 0.0071098 0.0063904 0.0049619 0.0042461 0.0042461 0.0107570 0.0114337 0.0107374 0.0092701 0.0107265 0.0100061 0.0085560 0.0085593 0.0078287 0.0078390 0.0078440 0.0071193 0.0071094 0.0071085 0.0071085 0.0071967 0.0063968 0.0063920 0.0063920 0.0064958 0.0428620 0.0389272 0.0388208 0.0380400 0.0380400 0.0371138 0.0366140 0.0372931 0.0372709 0.0364722 0.0364577 0.0364577 0.0369293 0.0287367 0.0294620 0.0339740 0.0286419 0.0324661 0.0305401 0.0428276 0.0452032 0.0427698 0.0394933 0.0441515 0.0443505 0.0428599 0.0451319 0.0444530 0.0435347 0.0435849 0.0442568 0.0444184 0.0452254 0.0443436 0.0426354 0.0419621 0.0372567 0.0372182 0.0372943 0.0372943 0.0396195 0.0404021 0.0395343 0.0356168 0.0365701 0.0387812 0.0380123 0.0381093 0.0356353 0.0372408 0.0371798 0.0342428 0.0364374 0.0371757 0.0364598 0.0355760 0.0364427 0.0325063 0.0332749 0.0332749 0.0348051 0.0356113 0.0341075 0.0365362 0.0341415 0.0348593 0.0340703 0.0356262 0.0356290 0.0355944 0.0341095 0.0349178 0.0333291 0.0348649 0.0333259 0.0340656 0.0325074 0.0341517 0.0309709 0.0340666 0.0340962 0.0325466 0.0332889 0.0332669 0.0337304 0.0332616 0.0319064 0.0325279 0.0309608 0.0309608 0.0303884 0.0302048 0.0302048 
AJ271764.1_Symbiodinium_sp.                                        0.0649850 0.0615334 0.0354628 0.0332830 0.0317397 0.0151294 0.0129143 0.0092778 0.0114451 0.0000000 0.0093007 0.0071314 0.0100108 0.0092834 0.0078419 0.0071174 0.0071174 0.0078667 0.0085516 0.0078523 0.0064001 0.0078443 0.0071275 0.0056883 0.0056904 0.0063972 0.0049747 0.0049778 0.0042598 0.0056804 0.0042534 0.0042534 0.0043060 0.0049691 0.0049653 0.0049653 0.0050458 0.0372698 0.0333932 0.0333033 0.0325340 0.0325340 0.0315314 0.0309970 0.0310096 0.0317748 0.0302099 0.0309788 0.0309788 0.0313764 0.0241093 0.0233218 0.0308217 0.0240304 0.0293262 0.0273832 0.0364466 0.0387817 0.0363979 0.0331978 0.0377839 0.0379516 0.0364737 0.0387211 0.0380377 0.0371534 0.0371955 0.0378730 0.0380089 0.0388000 0.0379461 0.0362851 0.0356074 0.0309826 0.0309511 0.0325398 0.0325398 0.0333018 0.0340715 0.0332314 0.0309207 0.0310536 0.0324864 0.0317296 0.0318093 0.0294005 0.0309698 0.0309198 0.0280042 0.0301843 0.0309164 0.0309587 0.0301288 0.0301885 0.0270808 0.0278375 0.0278375 0.0285941 0.0293809 0.0278954 0.0302652 0.0279227 0.0286378 0.0278651 0.0293928 0.0293952 0.0293670 0.0278967 0.0286853 0.0271312 0.0286423 0.0256076 0.0278615 0.0263330 0.0279308 0.0263232 0.0278623 0.0278859 0.0263646 0.0270991 0.0270813 0.0274552 0.0270773 0.0257114 0.0263496 0.0248152 0.0248152 0.0242152 0.0240704 0.0240704 
L13718.1_Symbiodinium_meandrinae                                   0.0680251 0.0619620 0.0348436 0.0342753 0.0327182 0.0158974 0.0136724 0.0100209 0.0121973 0.0093007 0.0000000 0.0078676 0.0107575 0.0100270 0.0085799 0.0078521 0.0078521 0.0014194 0.0035454 0.0028411 0.0028345 0.0028382 0.0078633 0.0064181 0.0064205 0.0071289 0.0057020 0.0057056 0.0049843 0.0064091 0.0049767 0.0049767 0.0050385 0.0056956 0.0056913 0.0056913 0.0057838 0.0398639 0.0359404 0.0358425 0.0350639 0.0350639 0.0340912 0.0327488 0.0343167 0.0342962 0.0335016 0.0334883 0.0334883 0.0339219 0.0265330 0.0272593 0.0333166 0.0264454 0.0318054 0.0298683 0.0421823 0.0445626 0.0421252 0.0388445 0.0435124 0.0437089 0.0422141 0.0444920 0.0438102 0.0428919 0.0429415 0.0436165 0.0437760 0.0445844 0.0429000 0.0419925 0.0413163 0.0366019 0.0365641 0.0381932 0.0381932 0.0389689 0.0397530 0.0388849 0.0365275 0.0366875 0.0381298 0.0373594 0.0374549 0.0349788 0.0365863 0.0365263 0.0335808 0.0342165 0.0365222 0.0342595 0.0349204 0.0357870 0.0303174 0.0295594 0.0295594 0.0341481 0.0349552 0.0334478 0.0358791 0.0334812 0.0342014 0.0334113 0.0349698 0.0349726 0.0349385 0.0334498 0.0342589 0.0326682 0.0342069 0.0311128 0.0334067 0.0318460 0.0334912 0.0318339 0.0334077 0.0334367 0.0318845 0.0326287 0.0326070 0.0330626 0.0326019 0.0312406 0.0318662 0.0302969 0.0302969 0.0297195 0.0295394 0.0295394 
KU188508.1_Symbiodinium_sp.                                        0.0687241 0.0627057 0.0356635 0.0334675 0.0319151 0.0136845 0.0114761 0.0078482 0.0100117 0.0071314 0.0078676 0.0000000 0.0085783 0.0078530 0.0064143 0.0056923 0.0056923 0.0064345 0.0071244 0.0064228 0.0049764 0.0064163 0.0056918 0.0042586 0.0042602 0.0049742 0.0035470 0.0035492 0.0028348 0.0042590 0.0028348 0.0028348 0.0028698 0.0035483 0.0035457 0.0035457 0.0036031 0.0390375 0.0351254 0.0350299 0.0342537 0.0342537 0.0332704 0.0327443 0.0335078 0.0334880 0.0326961 0.0326831 0.0326831 0.0331055 0.0242405 0.0249652 0.0309909 0.0241607 0.0294869 0.0275345 0.0389995 0.0413609 0.0389469 0.0364791 0.0411211 0.0413058 0.0398153 0.0420846 0.0414008 0.0404952 0.0405417 0.0412190 0.0413689 0.0421714 0.0412995 0.0396072 0.0389292 0.0342440 0.0342087 0.0358238 0.0358238 0.0365951 0.0373745 0.0365167 0.0341747 0.0343235 0.0357645 0.0349984 0.0350874 0.0326352 0.0342295 0.0341736 0.0312353 0.0334316 0.0341698 0.0334522 0.0325810 0.0334364 0.0295236 0.0302889 0.0302889 0.0318133 0.0326133 0.0311124 0.0335221 0.0311432 0.0318626 0.0310784 0.0326267 0.0326294 0.0325977 0.0311141 0.0319160 0.0303378 0.0318677 0.0287930 0.0310742 0.0295243 0.0311525 0.0295132 0.0310751 0.0311019 0.0295600 0.0303014 0.0302814 0.0307032 0.0302767 0.0289109 0.0295430 0.0279857 0.0279857 0.0273976 0.0272322 0.0272322 
AB055917.1_Symbiodinium_sp.                                        0.0721427 0.0618294 0.0356000 0.0357448 0.0341860 0.0107392 0.0085565 0.0107309 0.0071098 0.0100108 0.0107575 0.0085783 0.0000000 0.0049685 0.0035429 0.0028297 0.0028297 0.0093194 0.0100009 0.0093024 0.0078411 0.0092929 0.0085735 0.0071274 0.0071301 0.0064030 0.0064114 0.0064155 0.0056934 0.0056854 0.0056848 0.0056848 0.0057553 0.0049735 0.0049698 0.0049698 0.0043262 0.0413423 0.0374156 0.0373136 0.0365344 0.0365344 0.0348060 0.0342904 0.0357877 0.0357664 0.0349703 0.0349564 0.0349564 0.0354085 0.0272528 0.0279783 0.0324848 0.0271629 0.0309788 0.0290395 0.0413092 0.0436799 0.0412535 0.0379888 0.0426390 0.0404231 0.0389372 0.0411987 0.0405157 0.0396165 0.0412212 0.0418960 0.0420481 0.0437011 0.0419777 0.0411240 0.0404483 0.0357528 0.0357160 0.0357889 0.0357889 0.0372783 0.0365087 0.0380280 0.0356804 0.0358361 0.0372754 0.0365079 0.0366009 0.0341377 0.0357377 0.0356792 0.0327414 0.0349369 0.0356752 0.0349585 0.0340809 0.0349420 0.0310172 0.0317842 0.0317842 0.0333116 0.0341147 0.0326123 0.0350316 0.0326447 0.0333633 0.0325767 0.0341289 0.0341316 0.0340985 0.0326141 0.0334192 0.0318358 0.0333687 0.0318327 0.0325723 0.0310181 0.0326544 0.0310064 0.0325732 0.0326014 0.0310556 0.0317974 0.0317764 0.0322191 0.0317714 0.0304109 0.0310377 0.0294754 0.0294754 0.0288951 0.0287206 0.0287206 
AJ271757.1_Symbiodinium_sp.                                        0.0712583 0.0609786 0.0348237 0.0349543 0.0333989 0.0100100 0.0078330 0.0100022 0.0063904 0.0092834 0.0100270 0.0078530 0.0049685 0.0000000 0.0028305 0.0021195 0.0021195 0.0085911 0.0092742 0.0085754 0.0071188 0.0085667 0.0078486 0.0064062 0.0064086 0.0056839 0.0056915 0.0056950 0.0049751 0.0049681 0.0049676 0.0049676 0.0050291 0.0042573 0.0042541 0.0042541 0.0043231 0.0405378 0.0366193 0.0365196 0.0357421 0.0357421 0.0347818 0.0342664 0.0349963 0.0349755 0.0341815 0.0341679 0.0341679 0.0346094 0.0264814 0.0272063 0.0317052 0.0263941 0.0302017 0.0282575 0.0405054 0.0428711 0.0404508 0.0371956 0.0418370 0.0420249 0.0405358 0.0428036 0.0421216 0.0412139 0.0412612 0.0419366 0.0413073 0.0428919 0.0420185 0.0403241 0.0396478 0.0349622 0.0349262 0.0349974 0.0349974 0.0373139 0.0380933 0.0372339 0.0348915 0.0350434 0.0364822 0.0357162 0.0358070 0.0333520 0.0349474 0.0348904 0.0319552 0.0341490 0.0348865 0.0341700 0.0332966 0.0341539 0.0302391 0.0310045 0.0310045 0.0325289 0.0333296 0.0318294 0.0342413 0.0318610 0.0325793 0.0317947 0.0333433 0.0333460 0.0333137 0.0318311 0.0326338 0.0310547 0.0325845 0.0310517 0.0317904 0.0302400 0.0318704 0.0302285 0.0317913 0.0318187 0.0302764 0.0310174 0.0309969 0.0314282 0.0309921 0.0296301 0.0302591 0.0287009 0.0287009 0.0281171 0.0279475 0.0279475 
AB863030.1_Symbiodinium_sp.                                        0.0695481 0.0593295 0.0332501 0.0334082 0.0318586 0.0085654 0.0063980 0.0085588 0.0049619 0.0078419 0.0085799 0.0064143 0.0035429 0.0028305 0.0000000 0.0007046 0.0007046 0.0071470 0.0078341 0.0071340 0.0056854 0.0071268 0.0064107 0.0049741 0.0049760 0.0042557 0.0042614 0.0042640 0.0035476 0.0035426 0.0035422 0.0035422 0.0035861 0.0028334 0.0028313 0.0028313 0.0028771 0.0389679 0.0350629 0.0349678 0.0341929 0.0341929 0.0332105 0.0326849 0.0334484 0.0334286 0.0326382 0.0326253 0.0326253 0.0330462 0.0249667 0.0256909 0.0301782 0.0248846 0.0286786 0.0267234 0.0389368 0.0412943 0.0388844 0.0356457 0.0402727 0.0404530 0.0389660 0.0412293 0.0405458 0.0396457 0.0396911 0.0403684 0.0405146 0.0413142 0.0404470 0.0387629 0.0380850 0.0334159 0.0333816 0.0334494 0.0334494 0.0357585 0.0365354 0.0356822 0.0333485 0.0334932 0.0349319 0.0341683 0.0342549 0.0318142 0.0334019 0.0333475 0.0304154 0.0326072 0.0333438 0.0326273 0.0317615 0.0326119 0.0287141 0.0294769 0.0294769 0.0309964 0.0317929 0.0302961 0.0326953 0.0303260 0.0310442 0.0302631 0.0318059 0.0318085 0.0317777 0.0302977 0.0310961 0.0295243 0.0310491 0.0295215 0.0302591 0.0287148 0.0303350 0.0287040 0.0302599 0.0302859 0.0287495 0.0294890 0.0294696 0.0298790 0.0294651 0.0280994 0.0287330 0.0271818 0.0271818 0.0265907 0.0264306 0.0264306 
AB016579.1_Symbiodinium_sp.                                        0.0686300 0.0584536 0.0324373 0.0326093 0.0310641 0.0078388 0.0056778 0.0078328 0.0042461 0.0071174 0.0078521 0.0056923 0.0028297 0.0021195 0.0007046 0.0000000 0.0000010 0.0064218 0.0071104 0.0064102 0.0049666 0.0064037 0.0056892 0.0042566 0.0042582 0.0035407 0.0035454 0.0035476 0.0028335 0.0028295 0.0028292 0.0028292 0.0028641 0.0021216 0.0021200 0.0021200 0.0021542 0.0381519 0.0342574 0.0341647 0.0333919 0.0333919 0.0323988 0.0318685 0.0326486 0.0326294 0.0318415 0.0318289 0.0318289 0.0322389 0.0241912 0.0249145 0.0293919 0.0241118 0.0278956 0.0259365 0.0381216 0.0404727 0.0380703 0.0348429 0.0394585 0.0396347 0.0381500 0.0404091 0.0397253 0.0388301 0.0388744 0.0395520 0.0396950 0.0404921 0.0396288 0.0379516 0.0372735 0.0326169 0.0325836 0.0326496 0.0326496 0.0349529 0.0357277 0.0348784 0.0325513 0.0326922 0.0341296 0.0333679 0.0334523 0.0310210 0.0326034 0.0325504 0.0296224 0.0318114 0.0325468 0.0318309 0.0309698 0.0318159 0.0279302 0.0286909 0.0286909 0.0302066 0.0310003 0.0295066 0.0318971 0.0295356 0.0302531 0.0294744 0.0310129 0.0310155 0.0309855 0.0295080 0.0303035 0.0287369 0.0302579 0.0287342 0.0294705 0.0279308 0.0295443 0.0279203 0.0294713 0.0294966 0.0279644 0.0287026 0.0286837 0.0290817 0.0286794 0.0273131 0.0279484 0.0264021 0.0264021 0.0258078 0.0256527 0.0256527 
AB016572.1_Symbiodinium_sp.                                        0.0686300 0.0584536 0.0324373 0.0326093 0.0310641 0.0078388 0.0056778 0.0078328 0.0042461 0.0071174 0.0078521 0.0056923 0.0028297 0.0021195 0.0007046 0.0000010 0.0000000 0.0064218 0.0071104 0.0064102 0.0049666 0.0064037 0.0056892 0.0042566 0.0042582 0.0035407 0.0035454 0.0035476 0.0028335 0.0028295 0.0028292 0.0028292 0.0028641 0.0021216 0.0021200 0.0021200 0.0021542 0.0381519 0.0342574 0.0341647 0.0333919 0.0333919 0.0323988 0.0318685 0.0326486 0.0326294 0.0318415 0.0318289 0.0318289 0.0322389 0.0241912 0.0249145 0.0293919 0.0241118 0.0278956 0.0259365 0.0381216 0.0404727 0.0380703 0.0348429 0.0394585 0.0396347 0.0381500 0.0404091 0.0397253 0.0388301 0.0388744 0.0395520 0.0396950 0.0404921 0.0396288 0.0379516 0.0372735 0.0326169 0.0325836 0.0326496 0.0326496 0.0349529 0.0357277 0.0348784 0.0325513 0.0326922 0.0341296 0.0333679 0.0334523 0.0310210 0.0326034 0.0325504 0.0296224 0.0318114 0.0325468 0.0318309 0.0309698 0.0318159 0.0279302 0.0286909 0.0286909 0.0302066 0.0310003 0.0295066 0.0318971 0.0295356 0.0302531 0.0294744 0.0310129 0.0310155 0.0309855 0.0295080 0.0303035 0.0287369 0.0302579 0.0287342 0.0294705 0.0279308 0.0295443 0.0279203 0.0294713 0.0294966 0.0279644 0.0287026 0.0286837 0.0290817 0.0286794 0.0273131 0.0279484 0.0264021 0.0264021 0.0258078 0.0256527 0.0256527 
L13717.1_Symbiodinium_corculorum                                   0.0664047 0.0603801 0.0333119 0.0327688 0.0312157 0.0144457 0.0122279 0.0085858 0.0107570 0.0078667 0.0014194 0.0064345 0.0093194 0.0085911 0.0071470 0.0064218 0.0064218 0.0000000 0.0021264 0.0014200 0.0014167 0.0014185 0.0064310 0.0049898 0.0049917 0.0057008 0.0042748 0.0042775 0.0035587 0.0049828 0.0035534 0.0035534 0.0035975 0.0042699 0.0042667 0.0042667 0.0043360 0.0375649 0.0344258 0.0343322 0.0335554 0.0335554 0.0325599 0.0312101 0.0328085 0.0327890 0.0319971 0.0319843 0.0319843 0.0323983 0.0250472 0.0257737 0.0318207 0.0249646 0.0303116 0.0283614 0.0406553 0.0430301 0.0406003 0.0373322 0.0419911 0.0421804 0.0406860 0.0429621 0.0422779 0.0413662 0.0414139 0.0420915 0.0422451 0.0430511 0.0413740 0.0404726 0.0397941 0.0350906 0.0350544 0.0366772 0.0366772 0.0374513 0.0382338 0.0373708 0.0350194 0.0351725 0.0366163 0.0358475 0.0359389 0.0334741 0.0350758 0.0350183 0.0320725 0.0327130 0.0350144 0.0327540 0.0334183 0.0342791 0.0288248 0.0280681 0.0280681 0.0326477 0.0334515 0.0319458 0.0343672 0.0319776 0.0326985 0.0319109 0.0334654 0.0334681 0.0334355 0.0319476 0.0327534 0.0311681 0.0327037 0.0296170 0.0319065 0.0303502 0.0319871 0.0303387 0.0319075 0.0319351 0.0303869 0.0311306 0.0311099 0.0315445 0.0311051 0.0297386 0.0303694 0.0288053 0.0288053 0.0282199 0.0280491 0.0280491 
AB055918.1_Symbiodinium_sp.                                        0.0669289 0.0609171 0.0339410 0.0333897 0.0318411 0.0151139 0.0129012 0.0092686 0.0114337 0.0085516 0.0035454 0.0071244 0.0100009 0.0092742 0.0078341 0.0071104 0.0071104 0.0021264 0.0000000 0.0021225 0.0021176 0.0021204 0.0071204 0.0056826 0.0056848 0.0063909 0.0049698 0.0049729 0.0042556 0.0056747 0.0042492 0.0042492 0.0043017 0.0049642 0.0049604 0.0049604 0.0050408 0.0389459 0.0350434 0.0349484 0.0341740 0.0341740 0.0331918 0.0318505 0.0334299 0.0334101 0.0326202 0.0326073 0.0326073 0.0330277 0.0256898 0.0264133 0.0324410 0.0256053 0.0309370 0.0289999 0.0412529 0.0436203 0.0411973 0.0379373 0.0425812 0.0427725 0.0412839 0.0435516 0.0428710 0.0419605 0.0420087 0.0426826 0.0428378 0.0436415 0.0427660 0.0410682 0.0403933 0.0357043 0.0356675 0.0372864 0.0372864 0.0380581 0.0388380 0.0379765 0.0356320 0.0357873 0.0372248 0.0364584 0.0365511 0.0340915 0.0356892 0.0356309 0.0326969 0.0348896 0.0356269 0.0333746 0.0340348 0.0348946 0.0294555 0.0287012 0.0287012 0.0332666 0.0340686 0.0325681 0.0349840 0.0326005 0.0333182 0.0325327 0.0340827 0.0340854 0.0340524 0.0325699 0.0333739 0.0317927 0.0333235 0.0302459 0.0325282 0.0309762 0.0326101 0.0309645 0.0325292 0.0325573 0.0310136 0.0317545 0.0317335 0.0321750 0.0317285 0.0296103 0.0309958 0.0294356 0.0294356 0.0288559 0.0286818 0.0286818 
X62650.1_S.pilosum                                                 0.0662759 0.0602652 0.0332490 0.0327079 0.0311577 0.0144194 0.0122057 0.0085702 0.0107374 0.0078523 0.0028411 0.0064228 0.0093024 0.0085754 0.0071340 0.0064102 0.0064102 0.0014200 0.0021225 0.0000000 0.0014141 0.0014160 0.0064193 0.0049808 0.0049826 0.0056905 0.0042670 0.0042697 0.0035523 0.0049738 0.0035470 0.0035470 0.0035909 0.0042622 0.0042590 0.0042590 0.0043281 0.0382687 0.0343615 0.0342683 0.0334930 0.0334930 0.0324984 0.0311508 0.0327475 0.0327281 0.0319376 0.0319250 0.0319250 0.0323375 0.0250010 0.0257262 0.0317619 0.0249187 0.0302557 0.0283085 0.0405793 0.0429495 0.0405245 0.0372628 0.0419130 0.0421016 0.0406098 0.0428817 0.0421987 0.0412889 0.0413364 0.0420130 0.0421660 0.0429704 0.0420952 0.0403973 0.0397199 0.0350254 0.0349893 0.0366088 0.0366088 0.0373815 0.0381625 0.0373013 0.0349544 0.0351069 0.0365482 0.0357808 0.0358719 0.0334120 0.0350106 0.0349533 0.0320128 0.0342105 0.0349494 0.0326932 0.0333564 0.0342154 0.0287716 0.0280163 0.0280163 0.0325873 0.0333895 0.0318866 0.0343033 0.0319183 0.0326379 0.0318518 0.0334033 0.0334060 0.0333736 0.0318883 0.0326926 0.0311104 0.0326431 0.0295622 0.0318475 0.0302941 0.0319278 0.0302826 0.0318484 0.0318759 0.0303307 0.0310730 0.0310524 0.0314853 0.0310476 0.0296834 0.0303133 0.0287521 0.0287521 0.0281676 0.0279973 0.0279973 
AB016723.1_Symbiodinium_sp.                                        0.0660996 0.0601087 0.0331655 0.0310963 0.0295555 0.0129270 0.0107273 0.0071145 0.0092701 0.0064001 0.0028345 0.0049764 0.0078411 0.0071188 0.0056854 0.0049666 0.0049666 0.0014167 0.0021176 0.0014141 0.0000000 0.0014127 0.0049737 0.0035441 0.0035454 0.0042515 0.0028338 0.0028356 0.0021232 0.0035391 0.0021200 0.0021200 0.0021462 0.0028306 0.0028285 0.0028285 0.0028742 0.0381731 0.0342762 0.0341834 0.0334101 0.0334101 0.0324168 0.0310723 0.0326665 0.0326472 0.0318589 0.0318463 0.0318463 0.0322567 0.0234373 0.0241602 0.0301646 0.0233604 0.0286657 0.0267113 0.0389189 0.0412753 0.0388666 0.0356294 0.0402543 0.0404344 0.0389481 0.0412104 0.0405271 0.0396275 0.0396729 0.0403499 0.0404960 0.0412951 0.0404284 0.0387452 0.0380676 0.0334007 0.0333664 0.0349737 0.0349737 0.0357422 0.0365187 0.0356659 0.0333334 0.0334780 0.0349160 0.0341528 0.0342393 0.0317998 0.0333867 0.0333324 0.0304016 0.0325924 0.0333287 0.0310826 0.0317471 0.0325971 0.0271879 0.0279478 0.0279478 0.0309824 0.0317785 0.0302824 0.0326804 0.0303123 0.0310302 0.0302494 0.0317915 0.0317941 0.0317633 0.0302840 0.0310820 0.0295110 0.0310351 0.0279725 0.0302454 0.0287019 0.0303212 0.0286911 0.0302462 0.0302722 0.0287365 0.0294757 0.0294563 0.0298654 0.0294518 0.0280867 0.0287200 0.0271696 0.0271696 0.0265787 0.0264187 0.0264187 
AB016724.1_Symbiodinium_sp.                                        0.0662028 0.0601999 0.0332134 0.0326735 0.0311250 0.0144046 0.0121932 0.0085615 0.0107265 0.0078443 0.0028382 0.0064163 0.0092929 0.0085667 0.0071268 0.0064037 0.0064037 0.0014185 0.0021204 0.0014160 0.0014127 0.0000000 0.0064127 0.0049757 0.0049776 0.0056847 0.0042627 0.0042654 0.0035487 0.0049688 0.0035434 0.0035434 0.0035872 0.0042579 0.0042547 0.0042547 0.0043236 0.0382281 0.0343252 0.0342321 0.0334577 0.0334577 0.0324636 0.0311173 0.0327129 0.0326936 0.0319040 0.0318914 0.0318914 0.0323030 0.0249749 0.0256993 0.0317287 0.0248927 0.0302240 0.0282785 0.0405362 0.0429039 0.0404815 0.0372235 0.0418687 0.0420569 0.0405667 0.0428362 0.0421538 0.0412452 0.0412926 0.0419685 0.0421212 0.0429247 0.0420505 0.0403546 0.0396778 0.0349884 0.0349524 0.0365701 0.0365701 0.0373420 0.0381221 0.0372619 0.0349176 0.0350698 0.0365096 0.0357430 0.0358340 0.0333769 0.0349736 0.0349165 0.0319791 0.0341745 0.0349126 0.0326588 0.0333214 0.0341794 0.0287415 0.0279870 0.0279870 0.0325531 0.0333544 0.0318531 0.0342670 0.0318847 0.0326036 0.0318183 0.0333682 0.0333709 0.0333385 0.0318548 0.0326582 0.0310777 0.0326087 0.0295312 0.0318140 0.0302623 0.0318942 0.0302509 0.0318149 0.0318424 0.0302989 0.0310404 0.0310199 0.0314519 0.0310150 0.0296521 0.0302815 0.0287220 0.0287220 0.0281379 0.0279680 0.0279680 
KU188515.1_Symbiodinium_sp.                                        0.0686778 0.0626647 0.0356414 0.0334471 0.0318958 0.0136767 0.0114687 0.0078439 0.0100061 0.0071275 0.0078633 0.0056918 0.0085735 0.0078486 0.0064107 0.0056892 0.0056892 0.0064310 0.0071204 0.0064193 0.0049737 0.0064127 0.0000000 0.0042562 0.0042578 0.0049715 0.0035450 0.0035472 0.0028332 0.0042567 0.0028332 0.0028332 0.0028682 0.0035464 0.0035437 0.0035437 0.0028783 0.0390134 0.0351039 0.0350086 0.0342328 0.0342328 0.0324644 0.0319334 0.0334875 0.0334676 0.0326763 0.0326633 0.0326633 0.0330852 0.0242262 0.0249504 0.0309723 0.0241465 0.0294693 0.0275179 0.0397609 0.0421248 0.0397073 0.0364569 0.0410957 0.0412802 0.0397907 0.0420585 0.0413751 0.0404702 0.0405166 0.0411936 0.0413432 0.0421452 0.0412739 0.0395829 0.0389052 0.0342231 0.0341880 0.0358019 0.0358019 0.0365727 0.0373516 0.0364944 0.0341539 0.0343026 0.0357427 0.0349771 0.0350660 0.0326155 0.0342087 0.0341529 0.0312164 0.0334113 0.0341491 0.0334319 0.0325614 0.0334161 0.0295059 0.0302707 0.0302707 0.0317942 0.0325936 0.0310937 0.0335017 0.0311245 0.0318434 0.0310597 0.0326070 0.0326097 0.0325781 0.0310953 0.0318967 0.0303196 0.0318484 0.0287758 0.0310555 0.0295066 0.0311337 0.0294955 0.0310564 0.0310832 0.0295423 0.0302832 0.0302632 0.0306845 0.0302585 0.0288935 0.0295253 0.0279690 0.0279690 0.0273811 0.0272159 0.0272159 
KU188511.1_Symbiodinium_sp.                                        0.0669209 0.0609592 0.0340371 0.0318801 0.0303358 0.0122071 0.0100109 0.0064023 0.0085560 0.0056883 0.0064181 0.0042586 0.0071274 0.0064062 0.0049741 0.0042566 0.0042566 0.0049898 0.0056826 0.0049808 0.0035441 0.0049757 0.0042562 0.0000000 0.0028317 0.0035425 0.0021219 0.0021232 0.0014132 0.0028310 0.0014132 0.0014132 0.0014306 0.0021227 0.0021211 0.0021211 0.0021552 0.0374178 0.0335252 0.0334345 0.0326621 0.0326621 0.0316574 0.0311217 0.0319186 0.0318998 0.0311127 0.0311004 0.0311004 0.0315011 0.0227014 0.0234244 0.0294240 0.0226269 0.0279261 0.0259651 0.0381636 0.0405174 0.0381123 0.0348811 0.0395018 0.0396784 0.0381921 0.0404537 0.0397692 0.0388729 0.0389172 0.0395955 0.0397388 0.0405368 0.0396725 0.0379933 0.0373146 0.0326528 0.0326193 0.0342236 0.0342236 0.0349913 0.0357670 0.0349167 0.0325870 0.0327282 0.0341671 0.0334046 0.0327243 0.0310550 0.0326392 0.0325861 0.0296550 0.0318463 0.0325824 0.0318659 0.0310036 0.0318508 0.0279607 0.0287223 0.0287223 0.0302396 0.0310342 0.0295389 0.0319321 0.0295680 0.0302863 0.0295067 0.0310469 0.0310494 0.0310194 0.0295404 0.0303368 0.0287684 0.0302910 0.0272320 0.0295028 0.0279614 0.0295767 0.0279509 0.0295036 0.0295289 0.0279951 0.0287340 0.0287151 0.0291139 0.0287108 0.0273431 0.0279790 0.0264310 0.0264310 0.0258362 0.0256807 0.0256807 
KU188514.1_Symbiodinium_sp.                                        0.0669523 0.0609869 0.0340516 0.0318933 0.0303483 0.0122118 0.0100147 0.0064047 0.0085593 0.0056904 0.0064205 0.0042602 0.0071301 0.0064086 0.0049760 0.0042582 0.0042582 0.0049917 0.0056848 0.0049826 0.0035454 0.0049776 0.0042578 0.0028317 0.0000000 0.0035438 0.0021227 0.0021240 0.0014137 0.0028320 0.0014137 0.0014137 0.0014312 0.0021235 0.0021219 0.0021219 0.0021562 0.0374337 0.0335392 0.0334485 0.0326757 0.0326757 0.0316708 0.0311349 0.0319319 0.0319130 0.0311256 0.0311133 0.0311133 0.0315144 0.0227105 0.0234338 0.0294361 0.0226360 0.0279375 0.0259758 0.0381798 0.0405347 0.0381284 0.0348957 0.0395185 0.0396953 0.0382084 0.0404709 0.0397862 0.0388894 0.0389338 0.0396124 0.0397557 0.0405541 0.0396894 0.0380094 0.0373304 0.0326664 0.0326329 0.0342379 0.0342379 0.0350060 0.0357821 0.0349314 0.0326006 0.0327419 0.0341814 0.0334185 0.0335031 0.0310679 0.0326528 0.0325996 0.0296673 0.0318595 0.0325960 0.0318791 0.0310165 0.0318640 0.0279722 0.0287341 0.0287341 0.0302521 0.0310471 0.0295511 0.0319454 0.0295802 0.0302988 0.0295189 0.0310597 0.0310623 0.0310322 0.0295526 0.0303493 0.0287802 0.0303035 0.0272431 0.0295149 0.0279728 0.0295889 0.0279623 0.0295158 0.0295411 0.0280065 0.0287458 0.0287269 0.0291260 0.0287226 0.0273544 0.0279905 0.0264418 0.0264418 0.0258468 0.0256912 0.0256912 
AF238256.1_Symbiodinium_sp._Type_A                                 0.0677454 0.0600797 0.0332190 0.0326120 0.0310666 0.0114680 0.0092789 0.0071114 0.0078287 0.0063972 0.0071289 0.0049742 0.0064030 0.0056839 0.0042557 0.0035407 0.0035407 0.0057008 0.0063909 0.0056905 0.0042515 0.0056847 0.0049715 0.0035425 0.0035438 0.0000000 0.0028326 0.0028343 0.0021223 0.0021193 0.0021191 0.0021191 0.0021453 0.0014125 0.0014115 0.0014115 0.0014340 0.0381552 0.0342602 0.0341675 0.0333946 0.0333946 0.0324015 0.0318711 0.0326513 0.0326321 0.0318441 0.0318315 0.0318315 0.0322416 0.0234266 0.0241491 0.0301507 0.0233498 0.0286525 0.0266989 0.0389007 0.0412559 0.0388484 0.0356129 0.0402355 0.0404155 0.0389298 0.0411911 0.0405081 0.0396090 0.0396543 0.0403310 0.0404770 0.0412757 0.0404094 0.0387271 0.0380498 0.0333852 0.0333510 0.0349575 0.0349575 0.0357255 0.0365016 0.0356493 0.0333179 0.0334624 0.0348998 0.0341369 0.0342233 0.0317851 0.0333712 0.0333169 0.0303875 0.0325773 0.0333132 0.0325974 0.0317325 0.0325820 0.0286880 0.0294500 0.0294500 0.0309681 0.0317638 0.0302685 0.0326652 0.0302983 0.0310158 0.0302355 0.0317768 0.0317794 0.0317487 0.0302700 0.0310676 0.0294973 0.0310207 0.0279597 0.0302314 0.0286887 0.0303072 0.0286779 0.0302323 0.0302582 0.0287232 0.0294621 0.0294427 0.0298514 0.0294382 0.0280737 0.0287068 0.0271571 0.0271571 0.0265664 0.0264066 0.0264066 
KU188513.1_Symbiodinium_sp.                                        0.0661035 0.0601605 0.0332642 0.0311234 0.0295813 0.0114832 0.0092911 0.0056880 0.0078390 0.0049747 0.0057020 0.0035470 0.0064114 0.0056915 0.0042614 0.0035454 0.0035454 0.0042748 0.0049698 0.0042670 0.0028338 0.0042627 0.0035450 0.0021219 0.0021227 0.0028326 0.0000000 0.0014148 0.0007056 0.0021221 0.0007056 0.0007056 0.0007149 0.0014144 0.0014133 0.0014133 0.0014361 0.0366518 0.0327642 0.0326757 0.0319042 0.0319042 0.0308883 0.0303475 0.0311611 0.0311427 0.0303571 0.0303451 0.0303451 0.0307360 0.0219582 0.0226811 0.0286745 0.0218861 0.0271779 0.0252108 0.0373974 0.0397481 0.0373471 0.0341226 0.0387382 0.0389112 0.0374253 0.0396856 0.0390001 0.0381071 0.0381506 0.0388301 0.0389704 0.0397671 0.0389054 0.0372306 0.0365508 0.0318951 0.0318625 0.0334634 0.0334634 0.0342302 0.0350050 0.0341574 0.0318310 0.0319687 0.0334081 0.0326465 0.0327290 0.0303009 0.0318819 0.0318301 0.0288994 0.0310905 0.0318265 0.0311097 0.0302508 0.0310949 0.0272116 0.0279722 0.0279722 0.0294877 0.0302806 0.0287864 0.0311743 0.0288147 0.0295332 0.0287550 0.0302929 0.0302954 0.0302661 0.0287877 0.0295824 0.0280170 0.0295378 0.0264830 0.0287512 0.0272122 0.0288231 0.0272020 0.0287520 0.0287766 0.0272450 0.0279836 0.0279652 0.0283534 0.0279610 0.0265910 0.0272294 0.0256842 0.0256842 0.0250856 0.0249347 0.0249347 
KU188510.1_Symbiodinium_sp.                                        0.0661532 0.0602045 0.0332873 0.0311446 0.0296013 0.0114906 0.0092970 0.0056916 0.0078440 0.0049778 0.0057056 0.0035492 0.0064155 0.0056950 0.0042640 0.0035476 0.0035476 0.0042775 0.0049729 0.0042697 0.0028356 0.0042654 0.0035472 0.0021232 0.0021240 0.0028343 0.0014148 0.0000000 0.0007067 0.0021235 0.0007067 0.0007067 0.0007154 0.0014153 0.0014142 0.0014142 0.0014361 0.0366772 0.0327866 0.0326980 0.0319260 0.0319260 0.0309097 0.0303686 0.0311823 0.0311639 0.0303777 0.0303657 0.0303657 0.0307571 0.0219728 0.0226962 0.0286938 0.0219006 0.0271961 0.0252278 0.0374232 0.0397757 0.0373729 0.0341459 0.0387649 0.0389382 0.0374512 0.0397132 0.0390272 0.0381335 0.0381770 0.0388569 0.0389974 0.0397948 0.0389324 0.0372562 0.0365760 0.0319169 0.0318842 0.0334863 0.0334863 0.0342537 0.0350290 0.0341807 0.0318526 0.0319906 0.0334310 0.0326687 0.0327514 0.0303214 0.0319036 0.0318517 0.0289190 0.0311116 0.0318482 0.0311309 0.0302713 0.0311161 0.0272299 0.0279910 0.0279910 0.0295077 0.0303011 0.0288058 0.0311955 0.0288342 0.0295532 0.0287744 0.0303134 0.0303160 0.0302866 0.0288072 0.0296024 0.0280359 0.0295578 0.0265007 0.0287706 0.0272305 0.0288427 0.0272203 0.0287714 0.0287960 0.0272633 0.0280024 0.0279840 0.0283727 0.0279798 0.0266089 0.0272477 0.0257013 0.0257013 0.0251024 0.0249513 0.0249513 
KU188509.1_Symbiodinium_sp.                                        0.0652447 0.0593255 0.0324736 0.0303506 0.0288117 0.0107536 0.0085679 0.0049720 0.0071193 0.0042598 0.0049843 0.0028348 0.0056934 0.0049751 0.0035476 0.0028335 0.0028335 0.0035587 0.0042556 0.0035523 0.0021232 0.0035487 0.0028332 0.0014132 0.0014137 0.0021223 0.0007056 0.0007067 0.0000000 0.0014133 0.0000010 0.0000010 0.0000010 0.0007060 0.0007056 0.0007056 0.0007177 0.0358661 0.0319860 0.0318998 0.0311298 0.0311298 0.0301031 0.0295572 0.0303874 0.0303695 0.0295858 0.0295741 0.0295741 0.0299548 0.0212044 0.0219268 0.0279104 0.0211349 0.0264160 0.0244438 0.0366110 0.0389571 0.0365618 0.0333461 0.0379537 0.0381229 0.0366383 0.0388960 0.0382098 0.0373208 0.0373633 0.0380436 0.0381808 0.0389757 0.0381173 0.0364480 0.0357675 0.0311209 0.0310891 0.0326855 0.0326855 0.0334510 0.0342243 0.0333800 0.0310584 0.0311925 0.0326316 0.0318713 0.0319517 0.0295312 0.0311080 0.0310575 0.0281289 0.0303187 0.0310541 0.0303374 0.0294824 0.0303230 0.0264488 0.0272079 0.0272079 0.0287208 0.0295114 0.0280192 0.0304003 0.0280467 0.0287650 0.0279886 0.0295234 0.0295258 0.0294973 0.0280205 0.0288128 0.0272514 0.0287694 0.0257207 0.0279850 0.0264493 0.0280549 0.0264395 0.0279857 0.0280096 0.0264812 0.0272190 0.0272011 0.0275783 0.0271970 0.0258255 0.0264660 0.0249246 0.0249246 0.0243225 0.0241763 0.0241763 
