130
GU362426_Gymnodinium_catenatum                                     0.0000000 0.0454302 0.0658623 0.0705559 0.0688458 0.0773449 0.0754804 0.0693773 0.0736578 0.0649072 0.0679350 0.0686352 0.0720461 0.0711630 0.0694567 0.0685415 0.0685415 0.0663206 0.0668437 0.0661903 0.0660161 0.0661171 0.0685899 0.0668368 0.0668681 0.0676593 0.0660211 0.0660698 0.0651641 0.0667944 0.0651112 0.0651112 0.0659968 0.0659902 0.0659367 0.0659367 0.0653684 0.0735421 0.0674453 0.0672476 0.0664055 0.0664055 0.0658923 0.0665609 0.0665562 0.0655838 0.0656318 0.0664850 0.0664850 0.0673873 0.0630222 0.0628599 0.0678307 0.0636192 0.0662123 0.0645161 0.0742797 0.0768624 0.0741783 0.0695697 0.0695020 0.0750456 0.0732624 0.0767368 0.0760826 0.0749871 0.0742354 0.0731335 0.0734190 0.0769165 0.0741867 0.0739312 0.0715415 0.0697681 0.0696899 0.0697913 0.0697913 0.0724485 0.0707603 0.0705390 0.0696902 0.0708557 0.0680977 0.0706401 0.0708311 0.0636056 0.0698065 0.0696853 0.0665989 0.0689082 0.0680088 0.0657314 0.0670571 0.0680343 0.0604255 0.0596139 0.0596139 0.0670495 0.0679596 0.0663601 0.0691063 0.0664318 0.0680041 0.0662860 0.0679912 0.0679967 0.0679270 0.0672207 0.0664461 0.0655074 0.0671738 0.0612718 0.0662734 0.0662154 0.0664535 0.0645315 0.0637836 0.0663398 0.0620031 0.0654222 0.0653774 0.0663319 0.0653631 0.0640723 0.0645995 0.0628584 0.0628584 0.0632905 0.0636919 0.0636919 
EF492511                                                           0.0454302 0.0000000 0.0450638 0.0638390 0.0621745 0.0677025 0.0650731 0.0633168 0.0633284 0.0614677 0.0618913 0.0626361 0.0617612 0.0609115 0.0592654 0.0583919 0.0583919 0.0603146 0.0608505 0.0601982 0.0600436 0.0601330 0.0625959 0.0608937 0.0609213 0.0600154 0.0600964 0.0601395 0.0592630 0.0591785 0.0591686 0.0591686 0.0599570 0.0583945 0.0583480 0.0583480 0.0576405 0.0665523 0.0606422 0.0604701 0.0580354 0.0580354 0.0573646 0.0579333 0.0614502 0.0588514 0.0605555 0.0597211 0.0597211 0.0605139 0.0531700 0.0521076 0.0537568 0.0513509 0.0521958 0.0504141 0.0681036 0.0706155 0.0680127 0.0619882 0.0627842 0.0655656 0.0654863 0.0688506 0.0681954 0.0671577 0.0655502 0.0653751 0.0656226 0.0690076 0.0663757 0.0661529 0.0654547 0.0638449 0.0637760 0.0647202 0.0647202 0.0646922 0.0646878 0.0628626 0.0636656 0.0631706 0.0621313 0.0629501 0.0622901 0.0586465 0.0621395 0.0612153 0.0590498 0.0612743 0.0620288 0.0581715 0.0578449 0.0604294 0.0530558 0.0522662 0.0522662 0.0594894 0.0603652 0.0588048 0.0614452 0.0588661 0.0604035 0.0587399 0.0603920 0.0603971 0.0595200 0.0588101 0.0588786 0.0579780 0.0587800 0.0553799 0.0587296 0.0586794 0.0588847 0.0570464 0.0579189 0.0587862 0.0546177 0.0579049 0.0562595 0.0570625 0.0578544 0.0565606 0.0571052 0.0554235 0.0554235 0.0557956 0.0562324 0.0562324 
JF791031                                                           0.0658623 0.0450638 0.0000000 0.0417785 0.0401771 0.0403951 0.0387676 0.0379444 0.0371339 0.0354405 0.0348204 0.0356402 0.0355766 0.0348008 0.0332290 0.0324174 0.0324174 0.0332916 0.0339199 0.0332279 0.0331453 0.0331922 0.0356185 0.0340159 0.0340304 0.0331985 0.0332438 0.0332666 0.0324540 0.0324073 0.0324026 0.0324026 0.0328281 0.0316453 0.0316202 0.0316202 0.0313630 0.0442275 0.0402339 0.0401231 0.0393305 0.0393305 0.0392222 0.0379080 0.0393576 0.0385501 0.0385216 0.0377237 0.0377237 0.0382192 0.0322064 0.0336844 0.0375256 0.0336337 0.0359909 0.0340689 0.0449174 0.0473291 0.0448581 0.0407538 0.0431093 0.0440539 0.0449279 0.0472302 0.0465446 0.0456091 0.0456629 0.0455281 0.0456949 0.0473524 0.0464311 0.0455539 0.0448744 0.0408949 0.0408521 0.0417317 0.0417317 0.0392342 0.0424328 0.0408240 0.0400046 0.0402044 0.0416355 0.0408535 0.0393802 0.0384312 0.0400683 0.0376473 0.0362375 0.0392105 0.0384114 0.0377689 0.0375877 0.0392547 0.0329149 0.0321469 0.0321469 0.0375827 0.0384056 0.0361034 0.0393569 0.0369148 0.0368659 0.0368370 0.0384212 0.0384250 0.0360517 0.0368799 0.0369227 0.0376456 0.0360865 0.0368567 0.0352670 0.0336868 0.0369259 0.0352312 0.0368334 0.0368650 0.0337137 0.0360413 0.0360174 0.0356846 0.0360115 0.0346469 0.0352670 0.0336700 0.0336700 0.0338921 0.0329014 0.0329014 
AY160124.1_Symbiodinium_sp._G15                                    0.0705559 0.0638390 0.0417785 0.0000000 0.0014078 0.0396891 0.0388306 0.0357048 0.0372255 0.0332643 0.0342536 0.0334478 0.0357233 0.0349333 0.0333888 0.0325911 0.0325911 0.0327498 0.0333700 0.0326882 0.0310788 0.0326536 0.0334279 0.0318624 0.0318757 0.0325935 0.0311065 0.0311273 0.0303344 0.0318173 0.0302873 0.0302873 0.0306772 0.0310694 0.0310452 0.0310452 0.0299991 0.0402495 0.0363624 0.0362649 0.0354933 0.0354933 0.0345340 0.0348664 0.0355170 0.0347326 0.0347075 0.0339316 0.0339316 0.0343675 0.0309034 0.0338867 0.0361305 0.0315548 0.0346238 0.0327227 0.0434146 0.0457820 0.0433583 0.0408644 0.0439547 0.0457144 0.0450052 0.0464945 0.0458182 0.0449000 0.0433603 0.0456193 0.0457840 0.0457073 0.0457084 0.0440011 0.0433309 0.0402074 0.0401661 0.0401644 0.0401644 0.0417769 0.0409990 0.0409071 0.0377890 0.0402979 0.0401558 0.0393887 0.0394869 0.0331686 0.0386183 0.0385562 0.0356300 0.0385976 0.0385523 0.0355966 0.0354251 0.0378210 0.0308507 0.0316132 0.0316132 0.0361845 0.0369904 0.0354907 0.0379177 0.0370607 0.0370124 0.0354515 0.0370050 0.0370087 0.0362070 0.0354920 0.0362992 0.0347125 0.0362455 0.0354759 0.0354466 0.0338909 0.0355355 0.0338777 0.0354481 0.0354779 0.0331575 0.0346714 0.0346488 0.0351300 0.0346433 0.0332973 0.0339116 0.0323462 0.0323462 0.0317806 0.0315917 0.0315917 
HE653239_Symbiodinium_voratum                                      0.0688458 0.0621745 0.0401771 0.0014078 0.0000000 0.0381142 0.0372620 0.0341484 0.0356647 0.0317225 0.0326982 0.0318970 0.0341661 0.0333796 0.0318408 0.0310474 0.0310474 0.0311982 0.0318229 0.0311395 0.0295395 0.0311067 0.0318781 0.0303196 0.0303321 0.0310496 0.0295658 0.0295855 0.0287968 0.0302767 0.0287522 0.0287522 0.0291217 0.0295306 0.0295077 0.0295077 0.0284412 0.0386813 0.0348085 0.0347155 0.0339468 0.0339468 0.0329658 0.0332825 0.0339694 0.0331885 0.0331646 0.0323919 0.0323919 0.0328072 0.0293734 0.0323492 0.0345872 0.0300277 0.0330847 0.0311729 0.0418337 0.0441922 0.0417795 0.0393002 0.0423803 0.0441271 0.0434178 0.0449046 0.0442269 0.0433167 0.0417814 0.0440357 0.0441941 0.0441203 0.0441214 0.0424249 0.0417533 0.0386408 0.0386012 0.0385996 0.0385996 0.0402043 0.0394292 0.0393410 0.0362348 0.0387275 0.0385914 0.0378269 0.0379208 0.0316315 0.0370589 0.0369996 0.0340771 0.0370391 0.0369959 0.0340452 0.0338818 0.0362654 0.0293234 0.0300831 0.0300831 0.0346387 0.0354403 0.0339443 0.0363580 0.0355075 0.0354613 0.0339068 0.0354542 0.0354577 0.0346602 0.0339455 0.0347482 0.0331692 0.0346969 0.0339302 0.0339022 0.0323531 0.0339870 0.0323406 0.0339037 0.0339320 0.0316210 0.0331301 0.0331086 0.0335676 0.0331035 0.0317540 0.0323728 0.0308148 0.0308148 0.0302421 0.0300627 0.0300627 
AJ271758.1_Symbiodinium_sp.                                        0.0773449 0.0677025 0.0403951 0.0396891 0.0381142 0.0000000 0.0136462 0.0158537 0.0121736 0.0151255 0.0158931 0.0136817 0.0107376 0.0100085 0.0085643 0.0078379 0.0078379 0.0144425 0.0151104 0.0144159 0.0129244 0.0144010 0.0136740 0.0122049 0.0122097 0.0114660 0.0114813 0.0114885 0.0107519 0.0107368 0.0107356 0.0107356 0.0108708 0.0100187 0.0100111 0.0100111 0.0101748 0.0453491 0.0413852 0.0412722 0.0404854 0.0404854 0.0395930 0.0391095 0.0397335 0.0397111 0.0389046 0.0388897 0.0388897 0.0393959 0.0311089 0.0318368 0.0363780 0.0310063 0.0348606 0.0329484 0.0453113 0.0477052 0.0452519 0.0419434 0.0466342 0.0468433 0.0453450 0.0476306 0.0469507 0.0460205 0.0460744 0.0467449 0.0469153 0.0477286 0.0468370 0.0451103 0.0444364 0.0396961 0.0396551 0.0397354 0.0397354 0.0420783 0.0428661 0.0419878 0.0396160 0.0397859 0.0412302 0.0404560 0.0405578 0.0380583 0.0396785 0.0396142 0.0366654 0.0388683 0.0388343 0.0396770 0.0379959 0.0388732 0.0356776 0.0364534 0.0364534 0.0372187 0.0380332 0.0365206 0.0389734 0.0381061 0.0372765 0.0364800 0.0380484 0.0380522 0.0380149 0.0365221 0.0373378 0.0357350 0.0372821 0.0357324 0.0364749 0.0349043 0.0365672 0.0348905 0.0364765 0.0365075 0.0349465 0.0356923 0.0356689 0.0361683 0.0356631 0.0343102 0.0349256 0.0333447 0.0333447 0.0327825 0.0325836 0.0325836 
AJ271759.1_Symbiodinium_sp.                                        0.0754804 0.0650731 0.0387676 0.0388306 0.0372620 0.0136462 0.0000000 0.0136355 0.0099848 0.0129115 0.0136692 0.0114731 0.0085554 0.0078321 0.0063973 0.0056774 0.0056774 0.0122256 0.0128987 0.0122031 0.0107255 0.0121906 0.0114668 0.0100095 0.0100133 0.0092776 0.0092899 0.0092957 0.0085668 0.0085548 0.0085538 0.0085538 0.0086603 0.0078401 0.0078341 0.0078341 0.0079616 0.0444658 0.0405176 0.0404074 0.0396237 0.0396237 0.0387206 0.0382324 0.0388741 0.0388522 0.0380493 0.0380348 0.0380348 0.0385285 0.0302847 0.0310108 0.0355368 0.0301851 0.0340244 0.0321099 0.0444289 0.0468132 0.0443709 0.0410784 0.0457515 0.0459559 0.0444618 0.0467403 0.0460609 0.0451369 0.0451896 0.0458598 0.0460263 0.0468360 0.0459498 0.0442325 0.0435591 0.0388375 0.0387975 0.0388758 0.0388758 0.0412098 0.0419947 0.0411216 0.0371888 0.0389251 0.0403664 0.0395951 0.0396943 0.0372078 0.0388204 0.0387578 0.0358165 0.0380139 0.0387538 0.0380386 0.0371470 0.0380187 0.0340659 0.0348374 0.0348374 0.0363728 0.0371833 0.0356756 0.0381165 0.0357103 0.0364290 0.0356361 0.0371981 0.0372018 0.0371654 0.0356770 0.0364887 0.0348932 0.0364345 0.0348907 0.0356311 0.0340669 0.0357209 0.0340536 0.0356326 0.0356627 0.0341081 0.0348516 0.0348289 0.0353151 0.0348233 0.0334709 0.0340877 0.0325138 0.0325138 0.0319486 0.0317553 0.0317553 
AJ271754.1_Symbiodinium_sp.                                        0.0693773 0.0633168 0.0379444 0.0357048 0.0341484 0.0158537 0.0136355 0.0000000 0.0121643 0.0092765 0.0100193 0.0078475 0.0107295 0.0100009 0.0085578 0.0078321 0.0078321 0.0085849 0.0092675 0.0085691 0.0071138 0.0085603 0.0078432 0.0064019 0.0064043 0.0071108 0.0056877 0.0056912 0.0049718 0.0063929 0.0049643 0.0049643 0.0050258 0.0056812 0.0056770 0.0056770 0.0057690 0.0397289 0.0358216 0.0357250 0.0349495 0.0349495 0.0339789 0.0334597 0.0342038 0.0341848 0.0333929 0.0333802 0.0333802 0.0338115 0.0249449 0.0256682 0.0316886 0.0248634 0.0301863 0.0282441 0.0404750 0.0428382 0.0404223 0.0371718 0.0418082 0.0419935 0.0405047 0.0427718 0.0420885 0.0411840 0.0404522 0.0411281 0.0412759 0.0428587 0.0404012 0.0402971 0.0396200 0.0349403 0.0349046 0.0365180 0.0365180 0.0372894 0.0380677 0.0372103 0.0348706 0.0350183 0.0364589 0.0356938 0.0357825 0.0333323 0.0349252 0.0348692 0.0319361 0.0341283 0.0348656 0.0333736 0.0332782 0.0341326 0.0302231 0.0309879 0.0309879 0.0325107 0.0333104 0.0325715 0.0342199 0.0318422 0.0325605 0.0317763 0.0333234 0.0333268 0.0332944 0.0318126 0.0326135 0.0310367 0.0325653 0.0279593 0.0317721 0.0302237 0.0318516 0.0302120 0.0317734 0.0317999 0.0302602 0.0310002 0.0309800 0.0314107 0.0309753 0.0296139 0.0302422 0.0286860 0.0286860 0.0281025 0.0279332 0.0279332 
AJ271756.1_Symbiodinium_sp.                                        0.0736578 0.0633284 0.0371339 0.0372255 0.0356647 0.0121736 0.0099848 0.0121643 0.0000000 0.0114431 0.0121950 0.0100104 0.0071093 0.0063899 0.0049616 0.0042460 0.0042460 0.0107556 0.0114320 0.0107357 0.0092690 0.0107247 0.0100049 0.0085552 0.0085584 0.0078279 0.0078383 0.0078432 0.0071187 0.0071088 0.0071079 0.0071079 0.0071962 0.0063964 0.0063915 0.0063915 0.0064952 0.0428293 0.0388999 0.0387945 0.0380146 0.0380146 0.0370893 0.0365910 0.0372672 0.0372463 0.0364482 0.0364343 0.0364343 0.0369059 0.0287223 0.0294468 0.0339554 0.0286281 0.0324489 0.0305251 0.0427938 0.0451667 0.0427381 0.0394667 0.0441194 0.0443156 0.0428254 0.0450965 0.0444163 0.0435015 0.0435520 0.0442234 0.0443832 0.0451885 0.0443098 0.0426053 0.0419312 0.0372322 0.0371941 0.0372688 0.0372688 0.0395923 0.0403735 0.0395079 0.0355952 0.0365425 0.0387551 0.0379873 0.0380820 0.0356133 0.0372160 0.0371561 0.0342215 0.0364144 0.0371524 0.0364380 0.0355554 0.0364189 0.0324884 0.0332563 0.0332563 0.0347848 0.0355899 0.0340876 0.0365123 0.0341206 0.0348383 0.0340498 0.0356040 0.0356075 0.0355728 0.0340888 0.0348952 0.0333091 0.0348435 0.0333068 0.0340452 0.0324893 0.0341306 0.0309539 0.0340466 0.0340752 0.0325284 0.0332697 0.0332480 0.0337109 0.0332428 0.0318882 0.0325091 0.0309442 0.0309442 0.0303720 0.0301889 0.0301889 
AJ271764.1_Symbiodinium_sp.                                        0.0649072 0.0614677 0.0354405 0.0332643 0.0317225 0.0151255 0.0129115 0.0092765 0.0114431 0.0000000 0.0092991 0.0071306 0.0100093 0.0092820 0.0078408 0.0071166 0.0071166 0.0078657 0.0085504 0.0078511 0.0063994 0.0078431 0.0071267 0.0056878 0.0056899 0.0063966 0.0049743 0.0049774 0.0042595 0.0056798 0.0042530 0.0042530 0.0043057 0.0049687 0.0049649 0.0049649 0.0050454 0.0372443 0.0333725 0.0332833 0.0325148 0.0325148 0.0315130 0.0309799 0.0309912 0.0317563 0.0301931 0.0309613 0.0309613 0.0313589 0.0240991 0.0233126 0.0308068 0.0240207 0.0293125 0.0273715 0.0364223 0.0387550 0.0363753 0.0331795 0.0377610 0.0379264 0.0364488 0.0386954 0.0380109 0.0371296 0.0371719 0.0378490 0.0379835 0.0387731 0.0379217 0.0362638 0.0355855 0.0309659 0.0309347 0.0325208 0.0325208 0.0332829 0.0340515 0.0332132 0.0309049 0.0310341 0.0324685 0.0317124 0.0317903 0.0293858 0.0309529 0.0309037 0.0279901 0.0301688 0.0309006 0.0309436 0.0301141 0.0301724 0.0270688 0.0278249 0.0278249 0.0285807 0.0293667 0.0278825 0.0302489 0.0279088 0.0286239 0.0278516 0.0293779 0.0293810 0.0293526 0.0278830 0.0286701 0.0271181 0.0286280 0.0255964 0.0278481 0.0263214 0.0279169 0.0263113 0.0278491 0.0278720 0.0263530 0.0270866 0.0270691 0.0274425 0.0270652 0.0256998 0.0263374 0.0248048 0.0248048 0.0242050 0.0240605 0.0240605 
L13718.1_Symbiodinium_meandrinae                                   0.0679350 0.0618913 0.0348204 0.0342536 0.0326982 0.0158931 0.0136692 0.0100193 0.0121950 0.0092991 0.0000000 0.0078666 0.0107556 0.0100253 0.0085786 0.0078511 0.0078511 0.0014193 0.0035451 0.0028409 0.0028344 0.0028380 0.0078623 0.0064174 0.0064198 0.0071280 0.0057015 0.0057050 0.0049838 0.0064084 0.0049763 0.0049763 0.0050381 0.0056950 0.0056907 0.0056907 0.0057832 0.0398328 0.0359147 0.0358176 0.0350400 0.0350400 0.0340681 0.0327284 0.0342923 0.0342732 0.0334791 0.0334663 0.0334663 0.0338999 0.0265195 0.0272451 0.0332975 0.0264325 0.0317877 0.0298527 0.0421477 0.0445252 0.0420927 0.0388172 0.0434795 0.0436733 0.0421789 0.0444558 0.0437727 0.0428579 0.0429078 0.0435822 0.0437400 0.0445467 0.0428665 0.0419616 0.0412846 0.0365768 0.0365393 0.0381652 0.0381652 0.0389410 0.0397237 0.0388578 0.0365035 0.0366590 0.0381031 0.0373337 0.0374270 0.0349562 0.0365609 0.0365020 0.0335590 0.0341946 0.0364983 0.0342387 0.0348992 0.0357627 0.0303005 0.0295432 0.0295432 0.0341272 0.0349332 0.0334274 0.0358546 0.0334598 0.0341798 0.0333902 0.0349470 0.0349505 0.0349163 0.0334285 0.0342357 0.0326476 0.0341849 0.0310947 0.0333857 0.0318273 0.0334696 0.0318149 0.0333871 0.0334152 0.0318658 0.0326089 0.0325876 0.0330425 0.0325825 0.0312219 0.0318468 0.0302798 0.0302798 0.0297026 0.0295230 0.0295230 
KU188508.1_Symbiodinium_sp.                                        0.0686352 0.0626361 0.0356402 0.0334478 0.0318970 0.0136817 0.0114731 0.0078475 0.0100104 0.0071306 0.0078666 0.0000000 0.0085774 0.0078522 0.0064137 0.0056919 0.0056919 0.0064340 0.0071237 0.0064221 0.0049761 0.0064156 0.0056914 0.0042584 0.0042600 0.0049739 0.0035468 0.0035490 0.0028347 0.0042588 0.0028347 0.0028347 0.0028698 0.0035482 0.0035455 0.0035455 0.0036029 0.0390089 0.0351019 0.0350074 0.0342319 0.0342319 0.0332495 0.0327248 0.0334856 0.0334670 0.0326756 0.0326632 0.0326632 0.0330856 0.0242297 0.0249538 0.0309751 0.0241505 0.0294724 0.0275221 0.0389706 0.0413294 0.0389199 0.0364560 0.0410927 0.0412749 0.0397848 0.0420532 0.0413682 0.0404659 0.0405127 0.0411894 0.0413377 0.0421387 0.0412696 0.0395808 0.0389020 0.0342228 0.0341879 0.0357999 0.0357999 0.0365713 0.0373495 0.0364937 0.0341546 0.0342992 0.0357418 0.0349767 0.0350636 0.0326163 0.0342080 0.0341532 0.0312171 0.0334118 0.0341497 0.0334335 0.0325634 0.0334159 0.0295084 0.0302731 0.0302731 0.0317959 0.0325949 0.0310955 0.0335014 0.0311253 0.0318446 0.0310609 0.0326076 0.0326110 0.0325792 0.0310964 0.0318965 0.0303208 0.0318493 0.0287782 0.0310568 0.0295090 0.0311345 0.0294976 0.0310581 0.0310840 0.0295446 0.0302851 0.0302654 0.0306865 0.0302607 0.0288956 0.0295270 0.0279717 0.0279717 0.0273838 0.0272188 0.0272188 
AB055917.1_Symbiodinium_sp.                                        0.0720461 0.0617612 0.0355766 0.0357233 0.0341661 0.0107376 0.0085554 0.0107295 0.0071093 0.0100093 0.0107556 0.0085774 0.0000000 0.0049682 0.0035427 0.0028297 0.0028297 0.0093183 0.0099995 0.0093010 0.0078403 0.0092915 0.0085727 0.0071269 0.0071296 0.0064025 0.0064110 0.0064149 0.0056930 0.0056850 0.0056844 0.0056844 0.0057550 0.0049732 0.0049695 0.0049695 0.0043259 0.0413115 0.0373900 0.0372889 0.0365106 0.0365106 0.0347839 0.0342698 0.0357634 0.0357435 0.0349479 0.0349345 0.0349345 0.0353867 0.0272396 0.0279644 0.0324676 0.0271503 0.0309628 0.0290257 0.0412773 0.0436453 0.0412236 0.0379639 0.0426087 0.0403942 0.0389087 0.0411693 0.0404851 0.0395891 0.0411922 0.0418664 0.0420169 0.0436663 0.0419478 0.0410957 0.0404192 0.0357299 0.0356934 0.0357650 0.0357650 0.0372545 0.0364855 0.0380033 0.0356586 0.0358099 0.0372510 0.0364845 0.0365753 0.0341172 0.0357144 0.0356571 0.0327216 0.0349155 0.0356535 0.0349382 0.0340617 0.0349198 0.0310007 0.0317669 0.0317669 0.0332927 0.0340948 0.0325938 0.0350092 0.0326253 0.0333438 0.0325577 0.0341082 0.0341116 0.0340784 0.0325949 0.0333982 0.0318172 0.0333487 0.0318150 0.0325533 0.0310013 0.0326348 0.0309893 0.0325546 0.0325819 0.0310388 0.0317796 0.0317589 0.0322010 0.0317540 0.0303941 0.0310203 0.0294601 0.0294601 0.0288800 0.0287059 0.0287059 
AJ271757.1_Symbiodinium_sp.                                        0.0711630 0.0609115 0.0348008 0.0349333 0.0333796 0.0100085 0.0078321 0.0100009 0.0063899 0.0092820 0.0100253 0.0078522 0.0049682 0.0000000 0.0028304 0.0021194 0.0021194 0.0085900 0.0092730 0.0085742 0.0071181 0.0085654 0.0078479 0.0064057 0.0064081 0.0056835 0.0056911 0.0056946 0.0049747 0.0049678 0.0049672 0.0049672 0.0050288 0.0042571 0.0042539 0.0042539 0.0043228 0.0405076 0.0365943 0.0364956 0.0357188 0.0357188 0.0347595 0.0342455 0.0349726 0.0349531 0.0341596 0.0341466 0.0341466 0.0345880 0.0264685 0.0271928 0.0316884 0.0263819 0.0301862 0.0282441 0.0404742 0.0428372 0.0404216 0.0371712 0.0418073 0.0419927 0.0405040 0.0427708 0.0420876 0.0411832 0.0412308 0.0419057 0.0412751 0.0428577 0.0419873 0.0402963 0.0396193 0.0349399 0.0349042 0.0349741 0.0349741 0.0372889 0.0380671 0.0372097 0.0348702 0.0350179 0.0364584 0.0356933 0.0357820 0.0333320 0.0349248 0.0348688 0.0319359 0.0341280 0.0348652 0.0341502 0.0332779 0.0341322 0.0302230 0.0309877 0.0309877 0.0325104 0.0333101 0.0318114 0.0342195 0.0318420 0.0325602 0.0317761 0.0333231 0.0333265 0.0332941 0.0318124 0.0326133 0.0310366 0.0325650 0.0310345 0.0317719 0.0302236 0.0318513 0.0302119 0.0317732 0.0317997 0.0302601 0.0310000 0.0309798 0.0314106 0.0309751 0.0296138 0.0302421 0.0286860 0.0286860 0.0281024 0.0279332 0.0279332 
AB863030.1_Symbiodinium_sp.                                        0.0694567 0.0592654 0.0332290 0.0333888 0.0318408 0.0085643 0.0063973 0.0085578 0.0049616 0.0078408 0.0085786 0.0064137 0.0035427 0.0028304 0.0000000 0.0007046 0.0007046 0.0071463 0.0078332 0.0071331 0.0056849 0.0071259 0.0064102 0.0049738 0.0049757 0.0042555 0.0042611 0.0042637 0.0035474 0.0035425 0.0035421 0.0035421 0.0035859 0.0028333 0.0028312 0.0028312 0.0028769 0.0389396 0.0350397 0.0349455 0.0341714 0.0341714 0.0331898 0.0326656 0.0334264 0.0334079 0.0326180 0.0326056 0.0326056 0.0330265 0.0249551 0.0256787 0.0301628 0.0248736 0.0286644 0.0267113 0.0389076 0.0412625 0.0388571 0.0356231 0.0402450 0.0404228 0.0389361 0.0411986 0.0405138 0.0396171 0.0396627 0.0403394 0.0404841 0.0412821 0.0404177 0.0387370 0.0380584 0.0333952 0.0333612 0.0334278 0.0334278 0.0357353 0.0365110 0.0356597 0.0333289 0.0334695 0.0349098 0.0341471 0.0342317 0.0317958 0.0333809 0.0333275 0.0303977 0.0325879 0.0333242 0.0326091 0.0317443 0.0325919 0.0286995 0.0294615 0.0294615 0.0309794 0.0317750 0.0302797 0.0326751 0.0303086 0.0310267 0.0302460 0.0317873 0.0317906 0.0317597 0.0302804 0.0310771 0.0295077 0.0310312 0.0295057 0.0302421 0.0286999 0.0303175 0.0286889 0.0302433 0.0302684 0.0287345 0.0294731 0.0294540 0.0298628 0.0294495 0.0280845 0.0287175 0.0271682 0.0271682 0.0265774 0.0264177 0.0264177 
AB016579.1_Symbiodinium_sp.                                        0.0685415 0.0583919 0.0324174 0.0325911 0.0310474 0.0078379 0.0056774 0.0078321 0.0042460 0.0071166 0.0078511 0.0056919 0.0028297 0.0021194 0.0007046 0.0000000 0.0000010 0.0064213 0.0071097 0.0064095 0.0049663 0.0064030 0.0056888 0.0042564 0.0042580 0.0035405 0.0035452 0.0035474 0.0028334 0.0028294 0.0028291 0.0028291 0.0028641 0.0021216 0.0021200 0.0021200 0.0021542 0.0381251 0.0342355 0.0341436 0.0333716 0.0333716 0.0323793 0.0318504 0.0326279 0.0326099 0.0318225 0.0318104 0.0318104 0.0322204 0.0241805 0.0249031 0.0293776 0.0241016 0.0278825 0.0259253 0.0380938 0.0404425 0.0380444 0.0348216 0.0394322 0.0396060 0.0381217 0.0403799 0.0396950 0.0388029 0.0388474 0.0395246 0.0396660 0.0404616 0.0396011 0.0379272 0.0372483 0.0325975 0.0325644 0.0326293 0.0326293 0.0349310 0.0357046 0.0348573 0.0325329 0.0326698 0.0341088 0.0333480 0.0334304 0.0310037 0.0325836 0.0325316 0.0296058 0.0317932 0.0325283 0.0318138 0.0309537 0.0317971 0.0279165 0.0286766 0.0286766 0.0301907 0.0309835 0.0294912 0.0318781 0.0295193 0.0302367 0.0294584 0.0309954 0.0309986 0.0309686 0.0294919 0.0302857 0.0287214 0.0302411 0.0287195 0.0294546 0.0279169 0.0295279 0.0279062 0.0294558 0.0294802 0.0279505 0.0286878 0.0286692 0.0290665 0.0286649 0.0272992 0.0279339 0.0263895 0.0263895 0.0257955 0.0256407 0.0256407 
AB016572.1_Symbiodinium_sp.                                        0.0685415 0.0583919 0.0324174 0.0325911 0.0310474 0.0078379 0.0056774 0.0078321 0.0042460 0.0071166 0.0078511 0.0056919 0.0028297 0.0021194 0.0007046 0.0000010 0.0000000 0.0064213 0.0071097 0.0064095 0.0049663 0.0064030 0.0056888 0.0042564 0.0042580 0.0035405 0.0035452 0.0035474 0.0028334 0.0028294 0.0028291 0.0028291 0.0028641 0.0021216 0.0021200 0.0021200 0.0021542 0.0381251 0.0342355 0.0341436 0.0333716 0.0333716 0.0323793 0.0318504 0.0326279 0.0326099 0.0318225 0.0318104 0.0318104 0.0322204 0.0241805 0.0249031 0.0293776 0.0241016 0.0278825 0.0259253 0.0380938 0.0404425 0.0380444 0.0348216 0.0394322 0.0396060 0.0381217 0.0403799 0.0396950 0.0388029 0.0388474 0.0395246 0.0396660 0.0404616 0.0396011 0.0379272 0.0372483 0.0325975 0.0325644 0.0326293 0.0326293 0.0349310 0.0357046 0.0348573 0.0325329 0.0326698 0.0341088 0.0333480 0.0334304 0.0310037 0.0325836 0.0325316 0.0296058 0.0317932 0.0325283 0.0318138 0.0309537 0.0317971 0.0279165 0.0286766 0.0286766 0.0301907 0.0309835 0.0294912 0.0318781 0.0295193 0.0302367 0.0294584 0.0309954 0.0309986 0.0309686 0.0294919 0.0302857 0.0287214 0.0302411 0.0287195 0.0294546 0.0279169 0.0295279 0.0279062 0.0294558 0.0294802 0.0279505 0.0286878 0.0286692 0.0290665 0.0286649 0.0272992 0.0279339 0.0263895 0.0263895 0.0257955 0.0256407 0.0256407 
L13717.1_Symbiodinium_corculorum                                   0.0663206 0.0603146 0.0332916 0.0327498 0.0311982 0.0144425 0.0122256 0.0085849 0.0107556 0.0078657 0.0014193 0.0064340 0.0093183 0.0085900 0.0071463 0.0064213 0.0064213 0.0000000 0.0021263 0.0014199 0.0014167 0.0014185 0.0064305 0.0049895 0.0049914 0.0057004 0.0042746 0.0042772 0.0035586 0.0049825 0.0035532 0.0035532 0.0035974 0.0042697 0.0042665 0.0042665 0.0043358 0.0375381 0.0344030 0.0343102 0.0335343 0.0335343 0.0325396 0.0311924 0.0327869 0.0327687 0.0319772 0.0319651 0.0319651 0.0323791 0.0250358 0.0257616 0.0318041 0.0249537 0.0302963 0.0283481 0.0406242 0.0429964 0.0405712 0.0373080 0.0419616 0.0421484 0.0406542 0.0429295 0.0422440 0.0413357 0.0413837 0.0420607 0.0422127 0.0430171 0.0413440 0.0404451 0.0397658 0.0350685 0.0350325 0.0366523 0.0366523 0.0374265 0.0382077 0.0373468 0.0349983 0.0351471 0.0365927 0.0358247 0.0359141 0.0334542 0.0350533 0.0349969 0.0320534 0.0326938 0.0349933 0.0327359 0.0333998 0.0342576 0.0288103 0.0280542 0.0280542 0.0326294 0.0334323 0.0319280 0.0343456 0.0319588 0.0326796 0.0318925 0.0334453 0.0334488 0.0334161 0.0319290 0.0327330 0.0311502 0.0326844 0.0296014 0.0318882 0.0303340 0.0319682 0.0303222 0.0318895 0.0319162 0.0303708 0.0311134 0.0310931 0.0315269 0.0310883 0.0297224 0.0303526 0.0287906 0.0287906 0.0282055 0.0280350 0.0280350 
AB055918.1_Symbiodinium_sp.                                        0.0668437 0.0608505 0.0339199 0.0333700 0.0318229 0.0151104 0.0128987 0.0092675 0.0114320 0.0085504 0.0035451 0.0071237 0.0099995 0.0092730 0.0078332 0.0071097 0.0071097 0.0021263 0.0000000 0.0021224 0.0021176 0.0021203 0.0071198 0.0056823 0.0056844 0.0063904 0.0049695 0.0049725 0.0042553 0.0056743 0.0042489 0.0042489 0.0043015 0.0049639 0.0049601 0.0049601 0.0050404 0.0389173 0.0350199 0.0349257 0.0341521 0.0341521 0.0331708 0.0318321 0.0334076 0.0333891 0.0325997 0.0325873 0.0325873 0.0330077 0.0256778 0.0264007 0.0324237 0.0255939 0.0309210 0.0289861 0.0412210 0.0435857 0.0411674 0.0379124 0.0425509 0.0427396 0.0412514 0.0435181 0.0428363 0.0419291 0.0419776 0.0426510 0.0428046 0.0436066 0.0427341 0.0410398 0.0403642 0.0356814 0.0356449 0.0372607 0.0372607 0.0380325 0.0388112 0.0379517 0.0356102 0.0357611 0.0372003 0.0364349 0.0365255 0.0340709 0.0356659 0.0356087 0.0326771 0.0348681 0.0356051 0.0333558 0.0340156 0.0348724 0.0294403 0.0286867 0.0286867 0.0332476 0.0340486 0.0325497 0.0349616 0.0325810 0.0332986 0.0325136 0.0340619 0.0340654 0.0340322 0.0325507 0.0333528 0.0317741 0.0333035 0.0302296 0.0325092 0.0309594 0.0325905 0.0309474 0.0325105 0.0325377 0.0309967 0.0317366 0.0317160 0.0321568 0.0317111 0.0295942 0.0309783 0.0294203 0.0294203 0.0288408 0.0286672 0.0286672 
X62650.1_S.pilosum                                                 0.0661903 0.0601982 0.0332279 0.0326882 0.0311395 0.0144159 0.0122031 0.0085691 0.0107357 0.0078511 0.0028409 0.0064221 0.0093010 0.0085742 0.0071331 0.0064095 0.0064095 0.0014199 0.0021224 0.0000000 0.0014141 0.0014159 0.0064186 0.0049804 0.0049822 0.0056899 0.0042667 0.0042694 0.0035521 0.0049734 0.0035467 0.0035467 0.0035907 0.0042619 0.0042587 0.0042587 0.0043277 0.0382400 0.0343380 0.0342455 0.0334711 0.0334711 0.0324773 0.0311324 0.0327251 0.0327070 0.0319171 0.0319049 0.0319049 0.0323174 0.0249890 0.0257135 0.0317445 0.0249072 0.0302396 0.0282945 0.0405472 0.0429148 0.0404944 0.0372377 0.0418825 0.0420685 0.0405771 0.0428481 0.0421638 0.0412574 0.0413052 0.0419812 0.0421326 0.0429353 0.0420631 0.0403687 0.0396906 0.0350024 0.0349666 0.0365830 0.0365830 0.0373558 0.0381355 0.0372764 0.0349325 0.0350806 0.0365237 0.0357572 0.0358462 0.0333914 0.0349872 0.0349310 0.0319929 0.0341889 0.0349275 0.0326743 0.0333371 0.0341932 0.0287563 0.0280017 0.0280017 0.0325682 0.0333695 0.0318680 0.0342808 0.0318987 0.0326182 0.0318326 0.0333825 0.0333859 0.0333534 0.0318690 0.0326714 0.0310917 0.0326230 0.0295459 0.0318284 0.0302772 0.0319081 0.0302655 0.0318297 0.0318563 0.0303138 0.0310550 0.0310348 0.0314671 0.0310300 0.0296665 0.0302957 0.0287367 0.0287367 0.0281524 0.0279826 0.0279826 
AB016723.1_Symbiodinium_sp.                                        0.0660161 0.0600436 0.0331453 0.0310788 0.0295395 0.0129244 0.0107255 0.0071138 0.0092690 0.0063994 0.0028344 0.0049761 0.0078403 0.0071181 0.0056849 0.0049663 0.0049663 0.0014167 0.0021176 0.0014141 0.0000000 0.0014127 0.0049734 0.0035439 0.0035453 0.0042513 0.0028337 0.0028355 0.0021232 0.0035390 0.0021200 0.0021200 0.0021462 0.0028305 0.0028284 0.0028284 0.0028740 0.0381454 0.0342535 0.0341616 0.0333891 0.0333891 0.0323966 0.0310546 0.0326450 0.0326270 0.0318391 0.0318271 0.0318271 0.0322375 0.0234270 0.0241493 0.0301494 0.0233506 0.0286517 0.0266993 0.0388900 0.0412438 0.0388395 0.0356071 0.0402268 0.0404045 0.0389185 0.0411799 0.0404954 0.0395991 0.0396447 0.0403212 0.0404657 0.0412633 0.0403994 0.0387196 0.0380412 0.0333802 0.0333463 0.0349507 0.0349507 0.0357192 0.0364945 0.0356437 0.0333139 0.0334544 0.0348941 0.0341318 0.0342163 0.0317815 0.0333659 0.0333126 0.0303840 0.0325733 0.0333092 0.0310660 0.0317301 0.0325773 0.0271747 0.0279339 0.0279339 0.0309656 0.0317608 0.0302661 0.0326604 0.0302951 0.0310128 0.0302325 0.0317731 0.0317763 0.0317455 0.0302669 0.0310632 0.0294945 0.0310174 0.0279583 0.0302286 0.0286871 0.0303039 0.0286761 0.0302298 0.0302549 0.0287217 0.0294599 0.0294408 0.0298494 0.0294364 0.0280720 0.0287047 0.0271562 0.0271562 0.0265655 0.0264059 0.0264059 
AB016724.1_Symbiodinium_sp.                                        0.0661171 0.0601330 0.0331922 0.0326536 0.0311067 0.0144010 0.0121906 0.0085603 0.0107247 0.0078431 0.0028380 0.0064156 0.0092915 0.0085654 0.0071259 0.0064030 0.0064030 0.0014185 0.0021203 0.0014159 0.0014127 0.0000000 0.0064121 0.0049753 0.0049772 0.0056841 0.0042624 0.0042650 0.0035485 0.0049683 0.0035431 0.0035431 0.0035870 0.0042576 0.0042544 0.0042544 0.0043232 0.0381993 0.0343015 0.0342093 0.0334357 0.0334357 0.0324424 0.0310987 0.0326905 0.0326724 0.0318834 0.0318713 0.0318713 0.0322828 0.0249628 0.0256866 0.0317112 0.0248811 0.0302079 0.0282645 0.0405041 0.0428690 0.0404514 0.0371984 0.0418381 0.0420237 0.0405339 0.0428025 0.0421188 0.0412136 0.0412613 0.0419366 0.0420877 0.0428896 0.0420183 0.0403260 0.0396485 0.0349654 0.0349296 0.0365443 0.0365443 0.0373162 0.0380950 0.0372370 0.0348956 0.0350435 0.0364850 0.0357194 0.0358082 0.0333562 0.0349502 0.0348942 0.0319591 0.0341528 0.0348906 0.0326398 0.0333020 0.0341570 0.0287261 0.0279723 0.0279723 0.0325339 0.0333343 0.0318345 0.0342445 0.0318651 0.0325838 0.0317991 0.0333473 0.0333507 0.0333182 0.0318354 0.0326369 0.0310590 0.0325886 0.0295148 0.0317949 0.0302454 0.0318744 0.0302337 0.0317962 0.0318227 0.0302819 0.0310224 0.0310022 0.0314335 0.0309974 0.0296352 0.0302639 0.0287066 0.0287066 0.0281227 0.0279532 0.0279532 
KU188515.1_Symbiodinium_sp.                                        0.0685899 0.0625959 0.0356185 0.0334279 0.0318781 0.0136740 0.0114668 0.0078432 0.0100049 0.0071267 0.0078623 0.0056914 0.0085727 0.0078479 0.0064102 0.0056888 0.0056888 0.0064305 0.0071198 0.0064186 0.0049734 0.0064121 0.0000000 0.0042560 0.0042576 0.0049712 0.0035449 0.0035471 0.0028331 0.0042565 0.0028331 0.0028331 0.0028682 0.0035463 0.0035436 0.0035436 0.0028782 0.0389853 0.0350809 0.0349864 0.0342115 0.0342115 0.0324446 0.0319151 0.0334657 0.0334471 0.0326562 0.0326438 0.0326438 0.0330657 0.0242156 0.0249393 0.0309569 0.0241365 0.0294551 0.0275058 0.0397315 0.0420929 0.0396798 0.0364342 0.0410679 0.0412499 0.0397607 0.0420276 0.0413430 0.0404414 0.0404881 0.0411645 0.0413126 0.0421130 0.0412446 0.0395569 0.0388785 0.0342024 0.0341675 0.0357784 0.0357784 0.0365494 0.0373271 0.0364718 0.0341342 0.0342786 0.0357204 0.0349558 0.0350426 0.0325970 0.0341876 0.0341328 0.0311986 0.0333919 0.0341294 0.0334136 0.0325441 0.0333960 0.0294911 0.0302552 0.0302552 0.0317771 0.0325756 0.0310771 0.0334814 0.0311069 0.0318258 0.0310426 0.0325883 0.0325916 0.0325599 0.0310780 0.0318776 0.0303029 0.0318304 0.0287613 0.0310385 0.0294916 0.0311160 0.0294802 0.0310397 0.0310656 0.0295272 0.0302672 0.0302475 0.0306682 0.0302429 0.0288785 0.0295097 0.0279554 0.0279554 0.0273677 0.0272029 0.0272029 
KU188511.1_Symbiodinium_sp.                                        0.0668368 0.0608937 0.0340159 0.0318624 0.0303196 0.0122049 0.0100095 0.0064019 0.0085552 0.0056878 0.0064174 0.0042584 0.0071269 0.0064057 0.0049738 0.0042564 0.0042564 0.0049895 0.0056823 0.0049804 0.0035439 0.0049753 0.0042560 0.0000000 0.0028317 0.0035424 0.0021219 0.0021232 0.0014132 0.0028309 0.0014132 0.0014132 0.0014307 0.0021227 0.0021211 0.0021211 0.0021552 0.0373917 0.0335039 0.0334140 0.0326424 0.0326424 0.0316385 0.0311042 0.0318985 0.0318808 0.0310942 0.0310824 0.0310824 0.0314832 0.0226920 0.0234144 0.0294099 0.0226180 0.0279132 0.0259542 0.0381362 0.0404875 0.0380867 0.0348601 0.0394759 0.0396501 0.0381642 0.0404248 0.0397392 0.0388460 0.0388907 0.0395684 0.0397102 0.0405067 0.0396451 0.0379692 0.0372897 0.0326337 0.0326005 0.0342019 0.0342019 0.0349698 0.0357443 0.0348959 0.0325689 0.0327061 0.0341466 0.0333849 0.0327036 0.0310380 0.0326197 0.0325676 0.0296387 0.0318284 0.0325643 0.0318491 0.0309879 0.0318323 0.0279473 0.0287082 0.0287082 0.0302240 0.0310177 0.0295238 0.0319135 0.0295520 0.0302701 0.0294910 0.0310297 0.0310329 0.0310028 0.0295245 0.0303193 0.0287531 0.0302745 0.0272188 0.0294872 0.0279477 0.0295606 0.0279370 0.0294883 0.0295128 0.0279814 0.0287195 0.0287008 0.0290990 0.0286965 0.0273295 0.0279648 0.0264186 0.0264186 0.0258241 0.0256690 0.0256690 
KU188514.1_Symbiodinium_sp.                                        0.0668681 0.0609213 0.0340304 0.0318757 0.0303321 0.0122097 0.0100133 0.0064043 0.0085584 0.0056899 0.0064198 0.0042600 0.0071296 0.0064081 0.0049757 0.0042580 0.0042580 0.0049914 0.0056844 0.0049822 0.0035453 0.0049772 0.0042576 0.0028317 0.0000000 0.0035437 0.0021227 0.0021240 0.0014137 0.0028320 0.0014137 0.0014137 0.0014312 0.0021235 0.0021219 0.0021219 0.0021552 0.0374076 0.0335180 0.0334280 0.0326560 0.0326560 0.0316519 0.0311174 0.0319118 0.0318941 0.0311071 0.0310953 0.0310953 0.0314965 0.0227012 0.0234239 0.0294220 0.0226271 0.0279246 0.0259649 0.0381524 0.0405048 0.0381029 0.0348747 0.0394926 0.0396670 0.0381804 0.0404421 0.0397562 0.0388625 0.0389072 0.0395853 0.0397271 0.0405240 0.0396620 0.0379853 0.0373055 0.0326473 0.0326141 0.0342163 0.0342163 0.0349845 0.0357594 0.0349106 0.0325824 0.0327198 0.0341609 0.0333989 0.0334815 0.0310509 0.0326333 0.0325812 0.0296510 0.0318416 0.0325779 0.0318623 0.0310007 0.0318455 0.0279588 0.0287200 0.0287200 0.0302365 0.0310306 0.0295360 0.0319268 0.0295642 0.0302827 0.0295032 0.0310426 0.0310458 0.0310156 0.0295367 0.0303318 0.0287650 0.0302871 0.0272300 0.0294993 0.0279592 0.0295728 0.0279484 0.0295005 0.0295250 0.0279929 0.0287313 0.0287126 0.0291112 0.0287083 0.0273407 0.0279763 0.0264294 0.0264294 0.0258347 0.0256794 0.0256794 
AF238256.1_Symbiodinium_sp._Type_A                                 0.0676593 0.0600154 0.0331985 0.0325935 0.0310496 0.0114660 0.0092776 0.0071108 0.0078279 0.0063966 0.0071280 0.0049739 0.0064025 0.0056835 0.0042555 0.0035405 0.0035405 0.0057004 0.0063904 0.0056899 0.0042513 0.0056841 0.0049712 0.0035424 0.0035437 0.0000000 0.0028325 0.0028342 0.0021223 0.0021193 0.0021191 0.0021191 0.0021453 0.0014125 0.0014115 0.0014115 0.0014340 0.0381280 0.0342380 0.0341461 0.0333740 0.0333740 0.0323817 0.0318527 0.0326303 0.0326122 0.0318247 0.0318127 0.0318127 0.0322227 0.0234165 0.0241385 0.0301358 0.0233402 0.0286388 0.0266872 0.0388722 0.0412249 0.0388218 0.0355909 0.0402085 0.0403860 0.0389007 0.0411611 0.0404769 0.0395810 0.0396266 0.0403028 0.0404472 0.0412444 0.0403809 0.0387020 0.0380239 0.0333651 0.0333312 0.0349348 0.0349348 0.0357030 0.0364779 0.0356275 0.0332989 0.0334392 0.0348783 0.0341163 0.0342008 0.0317672 0.0333508 0.0332975 0.0303703 0.0325586 0.0332942 0.0325797 0.0317158 0.0325626 0.0286738 0.0294351 0.0294351 0.0309516 0.0317464 0.0302525 0.0326456 0.0302814 0.0309989 0.0302189 0.0317587 0.0317620 0.0317312 0.0302533 0.0310492 0.0294813 0.0310034 0.0279457 0.0302150 0.0286743 0.0302902 0.0286632 0.0302162 0.0302413 0.0287088 0.0294467 0.0294276 0.0298358 0.0294232 0.0280593 0.0286918 0.0271440 0.0271440 0.0265535 0.0263941 0.0263941 
KU188513.1_Symbiodinium_sp.                                        0.0660211 0.0600964 0.0332438 0.0311065 0.0295658 0.0114813 0.0092899 0.0056877 0.0078383 0.0049743 0.0057015 0.0035468 0.0064110 0.0056911 0.0042611 0.0035452 0.0035452 0.0042746 0.0049695 0.0042667 0.0028337 0.0042624 0.0035449 0.0021219 0.0021227 0.0028325 0.0000000 0.0014147 0.0007056 0.0021221 0.0007056 0.0007056 0.0007150 0.0014144 0.0014133 0.0014133 0.0014361 0.0366266 0.0327437 0.0326560 0.0318853 0.0318853 0.0308702 0.0303307 0.0311417 0.0311246 0.0303394 0.0303279 0.0303279 0.0307188 0.0219493 0.0226717 0.0286611 0.0218777 0.0271656 0.0252004 0.0373709 0.0397192 0.0373224 0.0341024 0.0387132 0.0388838 0.0373982 0.0396578 0.0389711 0.0380812 0.0381249 0.0388039 0.0389427 0.0397379 0.0388790 0.0372073 0.0365268 0.0318768 0.0318444 0.0334425 0.0334425 0.0342095 0.0349831 0.0341373 0.0318136 0.0319474 0.0333884 0.0326276 0.0327082 0.0302846 0.0318632 0.0318123 0.0288837 0.0310734 0.0318091 0.0310936 0.0302357 0.0310772 0.0271988 0.0279588 0.0279588 0.0294728 0.0302648 0.0287719 0.0311564 0.0287993 0.0295177 0.0287399 0.0302764 0.0302796 0.0302502 0.0287726 0.0295656 0.0280024 0.0295220 0.0264704 0.0287363 0.0271992 0.0288077 0.0271887 0.0287374 0.0287611 0.0272320 0.0279696 0.0279515 0.0283392 0.0279474 0.0265780 0.0272158 0.0256724 0.0256724 0.0250740 0.0249235 0.0249235 
KU188510.1_Symbiodinium_sp.                                        0.0660698 0.0601395 0.0332666 0.0311273 0.0295855 0.0114885 0.0092957 0.0056912 0.0078432 0.0049774 0.0057050 0.0035490 0.0064149 0.0056946 0.0042637 0.0035474 0.0035474 0.0042772 0.0049725 0.0042694 0.0028355 0.0042650 0.0035471 0.0021232 0.0021240 0.0028342 0.0014147 0.0000000 0.0007067 0.0021234 0.0007067 0.0007067 0.0007154 0.0014153 0.0014142 0.0014142 0.0014361 0.0366515 0.0327657 0.0326779 0.0319067 0.0319067 0.0308912 0.0303514 0.0311626 0.0311454 0.0303596 0.0303481 0.0303481 0.0307395 0.0219636 0.0226865 0.0286800 0.0218920 0.0271835 0.0252171 0.0373963 0.0397463 0.0373477 0.0341253 0.0387394 0.0389103 0.0374237 0.0396848 0.0389977 0.0381070 0.0381508 0.0388302 0.0389692 0.0397651 0.0389054 0.0372325 0.0365516 0.0318981 0.0318657 0.0334650 0.0334650 0.0342325 0.0350067 0.0341603 0.0318348 0.0319689 0.0334108 0.0326494 0.0327302 0.0303047 0.0318845 0.0318336 0.0289030 0.0310941 0.0318304 0.0311144 0.0302558 0.0310979 0.0272168 0.0279772 0.0279772 0.0294924 0.0302849 0.0287910 0.0311772 0.0288185 0.0295373 0.0287590 0.0302966 0.0302998 0.0302703 0.0287917 0.0295853 0.0280209 0.0295416 0.0264879 0.0287553 0.0272171 0.0288268 0.0272067 0.0287564 0.0287802 0.0272500 0.0279881 0.0279700 0.0283582 0.0279658 0.0265956 0.0272338 0.0256893 0.0256893 0.0250906 0.0249399 0.0249399 
KU188509.1_Symbiodinium_sp.                                        0.0651641 0.0592630 0.0324540 0.0303344 0.0287968 0.0107519 0.0085668 0.0049718 0.0071187 0.0042595 0.0049838 0.0028347 0.0056930 0.0049747 0.0035474 0.0028334 0.0028334 0.0035586 0.0042553 0.0035521 0.0021232 0.0035485 0.0028331 0.0014132 0.0014137 0.0021223 0.0007056 0.0007067 0.0000000 0.0014133 0.0000010 0.0000010 0.0000010 0.0007060 0.0007056 0.0007056 0.0007177 0.0358418 0.0319663 0.0318808 0.0311116 0.0311116 0.0300857 0.0295412 0.0303688 0.0303521 0.0295688 0.0295577 0.0295577 0.0299383 0.0211960 0.0219179 0.0278976 0.0211270 0.0264044 0.0244340 0.0365854 0.0389292 0.0365380 0.0333267 0.0379295 0.0380964 0.0366121 0.0388690 0.0381818 0.0372958 0.0373385 0.0380183 0.0381540 0.0389475 0.0380917 0.0364255 0.0357444 0.0311033 0.0310717 0.0326655 0.0326655 0.0334311 0.0342033 0.0333607 0.0310417 0.0311720 0.0326127 0.0318531 0.0319317 0.0295156 0.0310900 0.0310405 0.0281140 0.0303023 0.0310374 0.0303220 0.0294680 0.0303059 0.0264366 0.0271951 0.0271951 0.0287065 0.0294963 0.0280054 0.0303831 0.0280320 0.0287502 0.0279742 0.0295076 0.0295107 0.0294821 0.0280060 0.0287968 0.0272375 0.0287543 0.0257087 0.0279707 0.0264369 0.0280401 0.0264268 0.0279717 0.0279948 0.0264688 0.0272057 0.0271880 0.0275648 0.0271841 0.0258131 0.0264531 0.0249134 0.0249134 0.0243115 0.0241657 0.0241657 
