130
GU362426_Gymnodinium_catenatum                                     0.0000000 0.0453696 0.0657296 0.0704025 0.0686995 0.0771513 0.0752957 0.0692172 0.0734817 0.0647710 0.0677790 0.0684792 0.0718780 0.0709971 0.0692978 0.0683864 0.0683864 0.0661710 0.0666962 0.0660411 0.0658708 0.0659692 0.0684329 0.0666885 0.0667186 0.0675066 0.0658733 0.0659237 0.0650206 0.0666452 0.0649685 0.0649685 0.0658476 0.0658446 0.0657918 0.0657918 0.0652312 0.0733735 0.0673015 0.0671079 0.0662683 0.0662683 0.0657616 0.0664250 0.0664162 0.0654486 0.0654973 0.0663465 0.0663465 0.0672404 0.0628977 0.0627388 0.0676889 0.0634954 0.0660725 0.0643819 0.0741117 0.0766862 0.0740112 0.0694301 0.0693628 0.0748761 0.0731003 0.0765561 0.0759056 0.0748177 0.0740656 0.0729797 0.0732555 0.0767379 0.0740136 0.0737622 0.0713886 0.0696205 0.0695457 0.0696474 0.0696474 0.0722813 0.0706060 0.0703848 0.0695416 0.0707020 0.0679552 0.0704890 0.0706743 0.0634847 0.0696535 0.0695418 0.0664639 0.0687605 0.0678664 0.0655929 0.0669222 0.0678959 0.0603088 0.0594991 0.0594991 0.0669134 0.0678191 0.0662259 0.0689568 0.0662950 0.0678644 0.0661505 0.0678487 0.0678538 0.0677882 0.0670822 0.0663095 0.0653738 0.0670331 0.0611554 0.0661384 0.0660816 0.0663144 0.0644073 0.0636570 0.0662048 0.0618887 0.0652930 0.0652460 0.0661921 0.0652348 0.0639444 0.0644707 0.0627371 0.0627371 0.0631704 0.0635683 0.0635683 
EF492511                                                           0.0453696 0.0000000 0.0450088 0.0637288 0.0620702 0.0675727 0.0649539 0.0632033 0.0632157 0.0613653 0.0617811 0.0625254 0.0616546 0.0608066 0.0591658 0.0582949 0.0582949 0.0602096 0.0607473 0.0600934 0.0599421 0.0600292 0.0624843 0.0607899 0.0608157 0.0599116 0.0599929 0.0600367 0.0591629 0.0590783 0.0590698 0.0590698 0.0598524 0.0582970 0.0582512 0.0582512 0.0575490 0.0664340 0.0605443 0.0603748 0.0579454 0.0579454 0.0572799 0.0578446 0.0613484 0.0587594 0.0604574 0.0596265 0.0596265 0.0604137 0.0530931 0.0520378 0.0536812 0.0512822 0.0521214 0.0503439 0.0679848 0.0704903 0.0678946 0.0618926 0.0626843 0.0654532 0.0653759 0.0687253 0.0680733 0.0670415 0.0654386 0.0652726 0.0655112 0.0688843 0.0662562 0.0660376 0.0653481 0.0637392 0.0636723 0.0646125 0.0646125 0.0645773 0.0645807 0.0627579 0.0635620 0.0630642 0.0620302 0.0628491 0.0621856 0.0585577 0.0620367 0.0611215 0.0589611 0.0611747 0.0619302 0.0580791 0.0577622 0.0603376 0.0529802 0.0521919 0.0521919 0.0593992 0.0602715 0.0587161 0.0613453 0.0587754 0.0603106 0.0586501 0.0602967 0.0603014 0.0594297 0.0587213 0.0587880 0.0578896 0.0586879 0.0553015 0.0586402 0.0585909 0.0587920 0.0569657 0.0578327 0.0586969 0.0545435 0.0578202 0.0561761 0.0569728 0.0577704 0.0564768 0.0570206 0.0553447 0.0553447 0.0557183 0.0561519 0.0561519 
JF791031                                                           0.0657296 0.0450088 0.0000000 0.0417277 0.0401301 0.0403432 0.0387200 0.0378970 0.0370902 0.0354027 0.0347815 0.0355989 0.0355369 0.0347620 0.0331933 0.0323832 0.0323832 0.0332555 0.0338845 0.0331919 0.0331109 0.0331568 0.0355766 0.0339786 0.0339922 0.0331615 0.0332069 0.0332300 0.0324190 0.0323723 0.0323683 0.0323683 0.0327910 0.0316119 0.0315872 0.0315872 0.0313322 0.0441737 0.0401892 0.0400799 0.0392886 0.0392886 0.0391829 0.0378702 0.0393146 0.0385093 0.0384809 0.0376851 0.0376851 0.0381774 0.0321776 0.0336538 0.0374897 0.0336043 0.0359559 0.0340369 0.0448648 0.0472723 0.0448060 0.0407131 0.0430631 0.0440047 0.0448749 0.0471724 0.0464892 0.0455573 0.0456092 0.0454812 0.0456422 0.0472941 0.0463745 0.0454991 0.0448228 0.0408505 0.0408090 0.0416858 0.0416858 0.0391908 0.0423879 0.0407766 0.0399623 0.0401597 0.0415904 0.0408106 0.0393364 0.0383919 0.0400243 0.0376111 0.0362039 0.0391689 0.0383735 0.0377295 0.0375521 0.0392148 0.0328858 0.0321186 0.0321186 0.0375465 0.0383673 0.0360691 0.0393148 0.0368785 0.0368303 0.0368012 0.0383819 0.0383855 0.0360175 0.0368448 0.0368865 0.0376085 0.0360504 0.0368202 0.0352343 0.0336566 0.0368884 0.0352009 0.0367986 0.0368296 0.0336851 0.0360085 0.0359835 0.0356499 0.0359791 0.0346149 0.0352343 0.0336408 0.0336408 0.0338641 0.0328731 0.0328731 
AY160124.1_Symbiodinium_sp._G15                                    0.0704025 0.0637288 0.0417277 0.0000000 0.0014078 0.0396392 0.0387841 0.0356625 0.0371827 0.0332309 0.0342154 0.0334112 0.0356841 0.0348953 0.0333538 0.0325577 0.0325577 0.0327145 0.0333353 0.0326529 0.0310473 0.0326189 0.0333908 0.0318295 0.0318419 0.0325586 0.0310739 0.0310951 0.0303036 0.0317844 0.0302571 0.0302571 0.0306445 0.0310379 0.0310141 0.0310141 0.0299719 0.0402057 0.0363267 0.0362305 0.0354600 0.0354600 0.0345051 0.0348354 0.0354828 0.0347002 0.0346752 0.0339012 0.0339012 0.0343344 0.0308766 0.0338560 0.0360965 0.0315282 0.0345907 0.0326925 0.0433644 0.0457277 0.0433085 0.0408215 0.0439051 0.0456601 0.0449502 0.0464359 0.0457620 0.0448473 0.0433106 0.0455688 0.0457279 0.0456528 0.0456510 0.0439489 0.0432818 0.0401639 0.0401238 0.0401224 0.0401224 0.0417262 0.0409547 0.0408597 0.0377504 0.0402531 0.0401130 0.0393480 0.0394430 0.0331385 0.0385765 0.0385187 0.0355972 0.0385558 0.0385131 0.0355602 0.0353926 0.0377832 0.0308240 0.0315855 0.0315855 0.0361502 0.0369540 0.0354574 0.0378779 0.0370243 0.0369766 0.0354176 0.0369678 0.0369712 0.0361729 0.0354588 0.0362635 0.0346795 0.0362092 0.0354415 0.0354129 0.0338597 0.0355000 0.0338490 0.0354152 0.0354444 0.0331288 0.0346404 0.0346167 0.0350945 0.0346126 0.0332670 0.0338806 0.0323186 0.0323186 0.0317560 0.0315650 0.0315650 
HE653239_Symbiodinium_voratum                                      0.0686995 0.0620702 0.0401301 0.0014078 0.0000000 0.0380680 0.0372192 0.0341095 0.0356255 0.0316921 0.0326633 0.0318636 0.0341302 0.0333448 0.0318090 0.0310169 0.0310169 0.0311660 0.0317913 0.0311074 0.0295109 0.0310751 0.0318442 0.0302897 0.0303014 0.0310178 0.0295362 0.0295563 0.0287690 0.0302468 0.0287249 0.0287249 0.0290920 0.0295021 0.0294795 0.0294795 0.0284168 0.0386411 0.0347760 0.0346842 0.0339165 0.0339165 0.0329397 0.0332545 0.0339382 0.0331591 0.0331352 0.0323643 0.0323643 0.0327772 0.0293493 0.0323214 0.0345562 0.0300038 0.0330546 0.0311456 0.0417873 0.0441419 0.0417335 0.0392607 0.0423345 0.0440768 0.0433668 0.0448501 0.0441747 0.0432678 0.0417355 0.0439890 0.0441420 0.0440697 0.0440681 0.0423766 0.0417080 0.0386009 0.0385624 0.0385612 0.0385612 0.0401574 0.0393884 0.0392973 0.0361995 0.0386862 0.0385521 0.0377895 0.0378804 0.0316043 0.0370206 0.0369653 0.0340473 0.0370008 0.0369599 0.0340121 0.0338523 0.0362309 0.0292994 0.0300581 0.0300581 0.0346075 0.0354071 0.0339140 0.0363214 0.0354742 0.0354286 0.0338760 0.0354202 0.0354235 0.0346292 0.0339153 0.0347157 0.0331392 0.0346638 0.0338988 0.0338716 0.0323248 0.0339546 0.0323147 0.0338737 0.0339015 0.0315951 0.0331020 0.0330795 0.0335352 0.0330756 0.0317266 0.0323448 0.0307899 0.0307899 0.0302200 0.0300386 0.0300386 
AJ271758.1_Symbiodinium_sp.                                        0.0771513 0.0675727 0.0403432 0.0396392 0.0380680 0.0000000 0.0136404 0.0158456 0.0121691 0.0151190 0.0158857 0.0136758 0.0107341 0.0100054 0.0085619 0.0078359 0.0078359 0.0144363 0.0151044 0.0144097 0.0129196 0.0143950 0.0136679 0.0122004 0.0122048 0.0114616 0.0114768 0.0114843 0.0107482 0.0107331 0.0107321 0.0107321 0.0108665 0.0100154 0.0100079 0.0100079 0.0101719 0.0452889 0.0413348 0.0412233 0.0404379 0.0404379 0.0395503 0.0390678 0.0396865 0.0396647 0.0388599 0.0388457 0.0388457 0.0393486 0.0310787 0.0318042 0.0363401 0.0309772 0.0348237 0.0329147 0.0452513 0.0476407 0.0451925 0.0418932 0.0465739 0.0467807 0.0452830 0.0475634 0.0468860 0.0459595 0.0460116 0.0466862 0.0468507 0.0476625 0.0467712 0.0450500 0.0443795 0.0396501 0.0396102 0.0396892 0.0396892 0.0420214 0.0428127 0.0419329 0.0395691 0.0397386 0.0411802 0.0404083 0.0405067 0.0380144 0.0396298 0.0395699 0.0366262 0.0388218 0.0387897 0.0396313 0.0379544 0.0388287 0.0356400 0.0364146 0.0364146 0.0371781 0.0379903 0.0364811 0.0389267 0.0380631 0.0372354 0.0364399 0.0380046 0.0380081 0.0379729 0.0364827 0.0372957 0.0356959 0.0372394 0.0356926 0.0364349 0.0348671 0.0365253 0.0348560 0.0364374 0.0364677 0.0349101 0.0356552 0.0356307 0.0361264 0.0356264 0.0342740 0.0348888 0.0333116 0.0333116 0.0327523 0.0325514 0.0325514 
AJ271759.1_Symbiodinium_sp.                                        0.0752957 0.0649539 0.0387200 0.0387841 0.0372192 0.0136404 0.0000000 0.0136295 0.0099817 0.0129068 0.0136638 0.0114691 0.0085532 0.0078302 0.0063960 0.0056763 0.0056763 0.0122212 0.0128935 0.0121987 0.0107223 0.0121864 0.0114626 0.0100065 0.0100101 0.0092747 0.0092870 0.0092929 0.0085644 0.0085524 0.0085516 0.0085516 0.0086575 0.0078380 0.0078322 0.0078322 0.0079599 0.0444096 0.0404708 0.0403619 0.0395796 0.0395796 0.0386812 0.0381939 0.0388303 0.0388092 0.0380079 0.0379941 0.0379941 0.0384845 0.0302570 0.0309808 0.0355018 0.0301585 0.0339905 0.0320789 0.0443729 0.0467528 0.0443153 0.0410317 0.0456952 0.0458973 0.0444039 0.0466772 0.0460003 0.0450799 0.0451308 0.0458051 0.0459658 0.0467741 0.0458881 0.0441761 0.0435060 0.0387948 0.0387560 0.0388330 0.0388330 0.0411567 0.0419449 0.0410703 0.0371494 0.0388811 0.0403198 0.0395507 0.0396467 0.0371671 0.0387751 0.0387167 0.0357804 0.0379707 0.0387110 0.0379975 0.0371085 0.0379774 0.0340324 0.0348027 0.0348027 0.0363352 0.0371435 0.0356391 0.0380731 0.0356727 0.0363910 0.0355989 0.0371575 0.0371609 0.0371266 0.0356406 0.0364497 0.0348570 0.0363949 0.0348538 0.0355941 0.0340326 0.0356821 0.0340218 0.0355965 0.0356260 0.0340745 0.0348175 0.0347936 0.0352763 0.0347894 0.0334376 0.0340538 0.0324833 0.0324833 0.0319210 0.0317257 0.0317257 
AJ271754.1_Symbiodinium_sp.                                        0.0692172 0.0632033 0.0378970 0.0356625 0.0341095 0.0158456 0.0136295 0.0000000 0.0121595 0.0092738 0.0100161 0.0078452 0.0107257 0.0099976 0.0085553 0.0078299 0.0078299 0.0085824 0.0092650 0.0085665 0.0071121 0.0085579 0.0078408 0.0064003 0.0064026 0.0071088 0.0056862 0.0056898 0.0049707 0.0063914 0.0049633 0.0049633 0.0050245 0.0056800 0.0056758 0.0056758 0.0057680 0.0396798 0.0357812 0.0356859 0.0349116 0.0349116 0.0339452 0.0334270 0.0341663 0.0341479 0.0333575 0.0333454 0.0333454 0.0337739 0.0249241 0.0256454 0.0316578 0.0248434 0.0301566 0.0282173 0.0404243 0.0427834 0.0403722 0.0371299 0.0417571 0.0419404 0.0404523 0.0427145 0.0420335 0.0411324 0.0404006 0.0410801 0.0412228 0.0428025 0.0403501 0.0402462 0.0395720 0.0349023 0.0348676 0.0364776 0.0364776 0.0372419 0.0380230 0.0371644 0.0348318 0.0349791 0.0364173 0.0356542 0.0357400 0.0332962 0.0348848 0.0348326 0.0319043 0.0340900 0.0348275 0.0333390 0.0332441 0.0340959 0.0301938 0.0309574 0.0309574 0.0324775 0.0332752 0.0325384 0.0341813 0.0318091 0.0325269 0.0317437 0.0332875 0.0332906 0.0332601 0.0317805 0.0325791 0.0310050 0.0325303 0.0279339 0.0317396 0.0301937 0.0318174 0.0301843 0.0317416 0.0317676 0.0302308 0.0309702 0.0309491 0.0313767 0.0309455 0.0295848 0.0302125 0.0286595 0.0286595 0.0280785 0.0279076 0.0279076 
AJ271756.1_Symbiodinium_sp.                                        0.0734817 0.0632157 0.0370902 0.0371827 0.0356255 0.0121691 0.0099817 0.0121595 0.0000000 0.0114396 0.0121899 0.0100073 0.0071077 0.0063886 0.0049608 0.0042453 0.0042453 0.0107522 0.0114288 0.0107323 0.0092666 0.0107215 0.0100017 0.0085530 0.0085560 0.0078258 0.0078362 0.0078412 0.0071170 0.0071071 0.0071064 0.0071064 0.0071942 0.0063950 0.0063902 0.0063902 0.0064941 0.0427773 0.0388568 0.0387528 0.0379741 0.0379741 0.0370533 0.0365559 0.0372271 0.0372069 0.0364103 0.0363971 0.0363971 0.0368657 0.0286974 0.0294197 0.0339237 0.0286042 0.0324181 0.0304972 0.0427420 0.0451107 0.0426868 0.0394238 0.0440672 0.0442613 0.0427717 0.0450380 0.0443601 0.0434488 0.0434975 0.0441728 0.0443271 0.0451311 0.0442525 0.0425532 0.0418821 0.0371932 0.0371561 0.0372296 0.0372296 0.0395433 0.0403277 0.0394607 0.0355592 0.0365037 0.0387124 0.0379466 0.0380383 0.0355761 0.0371744 0.0371186 0.0341887 0.0363748 0.0371132 0.0364004 0.0355203 0.0363812 0.0324580 0.0332248 0.0332248 0.0347505 0.0355536 0.0340544 0.0364725 0.0340863 0.0348037 0.0340160 0.0355669 0.0355702 0.0355375 0.0340557 0.0348596 0.0332762 0.0348073 0.0332733 0.0340115 0.0324581 0.0340953 0.0309271 0.0340137 0.0340417 0.0324980 0.0332387 0.0332160 0.0336755 0.0332121 0.0318581 0.0324783 0.0309167 0.0309167 0.0303473 0.0301622 0.0301622 
AJ271764.1_Symbiodinium_sp.                                        0.0647710 0.0613653 0.0354027 0.0332309 0.0316921 0.0151190 0.0129068 0.0092738 0.0114396 0.0000000 0.0092968 0.0071291 0.0100066 0.0092797 0.0078391 0.0071152 0.0071152 0.0078640 0.0085489 0.0078495 0.0063983 0.0078416 0.0071251 0.0056869 0.0056889 0.0063954 0.0049735 0.0049766 0.0042589 0.0056789 0.0042525 0.0042525 0.0043049 0.0049680 0.0049643 0.0049643 0.0050449 0.0372050 0.0333408 0.0332528 0.0324853 0.0324853 0.0314875 0.0309552 0.0309644 0.0317277 0.0301680 0.0309345 0.0309345 0.0313297 0.0240828 0.0232968 0.0307817 0.0240052 0.0292883 0.0273498 0.0363854 0.0387147 0.0363388 0.0331499 0.0377237 0.0378874 0.0364103 0.0386529 0.0379704 0.0370919 0.0371328 0.0378130 0.0379430 0.0387316 0.0378802 0.0362266 0.0355508 0.0309395 0.0309092 0.0324925 0.0324925 0.0332483 0.0340196 0.0331800 0.0308777 0.0310068 0.0324391 0.0316847 0.0317601 0.0293609 0.0309244 0.0308786 0.0279688 0.0301420 0.0308741 0.0309176 0.0300888 0.0301471 0.0270485 0.0278038 0.0278038 0.0285581 0.0293425 0.0278607 0.0302220 0.0278863 0.0286011 0.0278294 0.0293531 0.0293559 0.0293292 0.0278614 0.0286465 0.0270966 0.0286039 0.0255773 0.0278260 0.0263013 0.0278935 0.0262932 0.0278277 0.0278501 0.0263334 0.0270666 0.0270483 0.0274192 0.0270454 0.0256806 0.0263176 0.0247876 0.0247876 0.0241900 0.0240439 0.0240439 
L13718.1_Symbiodinium_meandrinae                                   0.0677790 0.0617811 0.0347815 0.0342154 0.0326633 0.0158857 0.0136638 0.0100161 0.0121899 0.0092968 0.0000000 0.0078647 0.0107525 0.0100224 0.0085765 0.0078493 0.0078493 0.0014192 0.0035448 0.0028405 0.0028341 0.0028376 0.0078603 0.0064162 0.0064185 0.0071265 0.0057003 0.0057039 0.0049830 0.0064072 0.0049755 0.0049755 0.0050371 0.0056941 0.0056898 0.0056898 0.0057825 0.0397857 0.0358761 0.0357803 0.0350039 0.0350039 0.0340363 0.0326988 0.0342566 0.0342380 0.0334454 0.0334332 0.0334332 0.0338640 0.0264984 0.0272219 0.0332663 0.0264122 0.0317575 0.0298255 0.0420966 0.0444698 0.0420420 0.0387750 0.0434279 0.0436196 0.0421259 0.0443980 0.0437171 0.0428059 0.0428539 0.0435322 0.0436846 0.0444899 0.0428125 0.0419102 0.0412362 0.0365384 0.0365019 0.0381243 0.0381243 0.0388927 0.0396786 0.0388112 0.0364642 0.0366194 0.0380610 0.0372937 0.0373840 0.0349196 0.0365200 0.0364650 0.0335268 0.0341598 0.0364597 0.0342040 0.0348648 0.0357256 0.0302727 0.0295163 0.0295163 0.0340936 0.0348975 0.0333948 0.0358155 0.0334262 0.0341458 0.0333571 0.0349105 0.0349138 0.0348816 0.0333960 0.0342008 0.0326154 0.0341493 0.0310655 0.0333527 0.0317969 0.0334350 0.0317868 0.0333548 0.0333823 0.0318360 0.0325786 0.0325562 0.0330078 0.0325524 0.0311924 0.0318166 0.0302529 0.0302529 0.0296784 0.0294970 0.0294970 
KU188508.1_Symbiodinium_sp.                                        0.0684792 0.0625254 0.0355989 0.0334112 0.0318636 0.0136758 0.0114691 0.0078452 0.0100073 0.0071291 0.0078647 0.0000000 0.0085751 0.0078502 0.0064123 0.0056908 0.0056908 0.0064326 0.0071224 0.0064208 0.0049753 0.0064143 0.0056902 0.0042578 0.0042593 0.0049730 0.0035463 0.0035485 0.0028343 0.0042582 0.0028343 0.0028343 0.0028693 0.0035477 0.0035451 0.0035451 0.0036026 0.0389635 0.0350649 0.0349715 0.0341972 0.0341972 0.0332190 0.0326952 0.0334514 0.0334333 0.0326433 0.0326315 0.0326315 0.0330512 0.0242112 0.0249334 0.0309473 0.0241328 0.0294455 0.0274978 0.0389252 0.0412801 0.0388749 0.0364176 0.0410455 0.0412257 0.0397363 0.0420000 0.0413173 0.0404182 0.0404633 0.0411437 0.0412869 0.0420865 0.0412177 0.0395337 0.0388578 0.0341881 0.0341541 0.0357629 0.0357629 0.0365273 0.0373085 0.0364513 0.0341190 0.0342633 0.0357037 0.0349405 0.0350246 0.0325834 0.0341710 0.0341198 0.0311883 0.0333767 0.0341148 0.0334002 0.0325324 0.0333824 0.0294819 0.0302455 0.0302455 0.0317657 0.0325628 0.0310662 0.0334661 0.0310952 0.0318141 0.0310312 0.0325748 0.0325779 0.0325480 0.0310673 0.0318651 0.0302919 0.0318173 0.0287522 0.0310272 0.0294818 0.0311033 0.0294725 0.0310292 0.0310545 0.0295180 0.0302579 0.0302373 0.0306554 0.0302338 0.0288693 0.0295001 0.0279479 0.0279479 0.0273625 0.0271958 0.0271958 
AB055917.1_Symbiodinium_sp.                                        0.0718780 0.0616546 0.0355369 0.0356841 0.0341302 0.0107341 0.0085532 0.0107257 0.0071077 0.0100066 0.0107525 0.0085751 0.0000000 0.0049674 0.0035423 0.0028294 0.0028294 0.0093158 0.0099972 0.0092985 0.0078386 0.0092892 0.0085703 0.0071253 0.0071279 0.0064010 0.0064095 0.0064136 0.0056919 0.0056839 0.0056834 0.0056834 0.0057536 0.0049724 0.0049687 0.0049687 0.0043254 0.0412634 0.0373505 0.0372507 0.0364736 0.0364736 0.0347521 0.0342389 0.0357268 0.0357074 0.0349132 0.0349006 0.0349006 0.0353499 0.0272174 0.0279401 0.0324388 0.0271290 0.0309350 0.0290006 0.0412294 0.0435934 0.0411762 0.0379245 0.0425605 0.0403496 0.0388646 0.0411210 0.0404388 0.0395459 0.0411450 0.0418229 0.0419683 0.0436130 0.0418980 0.0410475 0.0403739 0.0356942 0.0356587 0.0357292 0.0357292 0.0372123 0.0364485 0.0379598 0.0356220 0.0357730 0.0372118 0.0364472 0.0365351 0.0340832 0.0356763 0.0356228 0.0326919 0.0348793 0.0356176 0.0349039 0.0340298 0.0348854 0.0309732 0.0317384 0.0317384 0.0332615 0.0340617 0.0325637 0.0349729 0.0325941 0.0333123 0.0325270 0.0340743 0.0340775 0.0340462 0.0325648 0.0333658 0.0317874 0.0333157 0.0317846 0.0325227 0.0309732 0.0326026 0.0309634 0.0325248 0.0325515 0.0310112 0.0317516 0.0317299 0.0321688 0.0317262 0.0303668 0.0309924 0.0294353 0.0294353 0.0288579 0.0286820 0.0286820 
AJ271757.1_Symbiodinium_sp.                                        0.0709971 0.0608066 0.0347620 0.0348953 0.0333448 0.0100054 0.0078302 0.0099976 0.0063886 0.0092797 0.0100224 0.0078502 0.0049674 0.0000000 0.0028301 0.0021192 0.0021192 0.0085878 0.0092709 0.0085720 0.0071167 0.0085634 0.0078458 0.0064044 0.0064066 0.0056823 0.0056899 0.0056934 0.0049738 0.0049669 0.0049664 0.0049664 0.0050277 0.0042564 0.0042532 0.0042532 0.0043223 0.0404608 0.0365560 0.0364584 0.0356829 0.0356829 0.0347278 0.0342148 0.0349371 0.0349182 0.0341261 0.0341137 0.0341137 0.0345524 0.0264472 0.0271694 0.0316606 0.0263614 0.0301593 0.0282199 0.0404276 0.0427866 0.0403754 0.0371330 0.0417603 0.0419436 0.0404556 0.0427178 0.0420368 0.0411357 0.0411816 0.0418602 0.0412260 0.0428058 0.0419354 0.0402494 0.0395752 0.0349053 0.0348706 0.0349393 0.0349393 0.0372449 0.0380261 0.0371674 0.0348347 0.0349821 0.0364203 0.0356572 0.0357430 0.0332991 0.0348878 0.0348356 0.0319072 0.0340929 0.0348305 0.0341170 0.0332470 0.0340989 0.0301965 0.0309602 0.0309602 0.0324803 0.0332781 0.0317823 0.0341843 0.0318119 0.0325298 0.0317465 0.0332904 0.0332935 0.0332630 0.0317834 0.0325819 0.0310078 0.0325331 0.0310051 0.0317424 0.0301965 0.0318202 0.0301870 0.0317444 0.0317704 0.0302335 0.0309730 0.0309518 0.0313795 0.0309483 0.0295875 0.0302152 0.0286622 0.0286622 0.0280812 0.0279102 0.0279102 
AB863030.1_Symbiodinium_sp.                                        0.0692978 0.0591658 0.0331933 0.0333538 0.0318090 0.0085619 0.0063960 0.0085553 0.0049608 0.0078391 0.0085765 0.0064123 0.0035423 0.0028301 0.0000000 0.0007046 0.0007046 0.0071448 0.0078318 0.0071316 0.0056840 0.0071244 0.0064087 0.0049730 0.0049748 0.0042547 0.0042604 0.0042631 0.0035469 0.0035420 0.0035416 0.0035416 0.0035853 0.0028330 0.0028308 0.0028308 0.0028767 0.0388962 0.0350044 0.0349113 0.0341384 0.0341384 0.0331610 0.0326377 0.0333938 0.0333759 0.0325873 0.0325755 0.0325755 0.0329938 0.0249361 0.0256577 0.0301376 0.0248553 0.0286401 0.0266895 0.0388644 0.0412154 0.0388143 0.0355878 0.0402013 0.0403773 0.0388912 0.0411492 0.0404666 0.0395729 0.0396170 0.0402972 0.0404370 0.0412337 0.0403695 0.0386935 0.0380176 0.0333635 0.0333305 0.0333960 0.0333960 0.0356947 0.0364732 0.0356206 0.0332963 0.0334367 0.0348748 0.0341139 0.0341958 0.0317657 0.0333469 0.0332971 0.0303716 0.0325557 0.0332923 0.0325787 0.0317161 0.0325614 0.0286754 0.0294365 0.0294365 0.0309520 0.0317457 0.0302531 0.0326428 0.0302812 0.0309990 0.0302190 0.0317573 0.0317604 0.0317312 0.0302541 0.0310485 0.0294815 0.0310021 0.0294790 0.0302152 0.0286753 0.0302891 0.0286663 0.0302171 0.0302417 0.0287105 0.0294486 0.0294285 0.0298345 0.0294252 0.0280608 0.0286931 0.0271468 0.0271468 0.0265584 0.0263970 0.0263970 
AB016579.1_Symbiodinium_sp.                                        0.0683864 0.0582949 0.0323832 0.0325577 0.0310169 0.0078359 0.0056763 0.0078299 0.0042453 0.0071152 0.0078493 0.0056908 0.0028294 0.0021192 0.0007046 0.0000000 0.0000010 0.0064200 0.0071085 0.0064082 0.0049656 0.0064018 0.0056876 0.0042558 0.0042573 0.0035400 0.0035447 0.0035469 0.0028330 0.0028291 0.0028288 0.0028288 0.0028636 0.0021213 0.0021198 0.0021198 0.0021541 0.0380833 0.0342016 0.0341109 0.0333400 0.0333400 0.0323519 0.0318237 0.0325967 0.0325792 0.0317931 0.0317817 0.0317817 0.0321891 0.0241625 0.0248832 0.0293535 0.0240843 0.0278593 0.0259046 0.0380522 0.0403971 0.0380032 0.0347878 0.0393902 0.0395622 0.0380784 0.0403323 0.0396495 0.0387604 0.0388034 0.0394840 0.0396206 0.0404149 0.0395546 0.0378852 0.0372091 0.0325672 0.0325350 0.0325988 0.0325988 0.0348919 0.0356684 0.0348198 0.0325017 0.0326384 0.0340752 0.0333162 0.0333959 0.0309750 0.0325511 0.0325025 0.0295810 0.0317624 0.0324978 0.0317848 0.0309268 0.0317679 0.0278936 0.0286528 0.0286528 0.0301646 0.0309555 0.0294659 0.0318472 0.0294931 0.0302102 0.0294327 0.0309668 0.0309698 0.0309414 0.0294667 0.0302584 0.0286964 0.0302133 0.0286940 0.0294290 0.0278935 0.0295008 0.0278848 0.0294308 0.0294547 0.0279276 0.0286644 0.0286449 0.0290395 0.0286418 0.0272766 0.0279107 0.0263692 0.0263692 0.0257775 0.0256211 0.0256211 
AB016572.1_Symbiodinium_sp.                                        0.0683864 0.0582949 0.0323832 0.0325577 0.0310169 0.0078359 0.0056763 0.0078299 0.0042453 0.0071152 0.0078493 0.0056908 0.0028294 0.0021192 0.0007046 0.0000010 0.0000000 0.0064200 0.0071085 0.0064082 0.0049656 0.0064018 0.0056876 0.0042558 0.0042573 0.0035400 0.0035447 0.0035469 0.0028330 0.0028291 0.0028288 0.0028288 0.0028636 0.0021213 0.0021198 0.0021198 0.0021541 0.0380833 0.0342016 0.0341109 0.0333400 0.0333400 0.0323519 0.0318237 0.0325967 0.0325792 0.0317931 0.0317817 0.0317817 0.0321891 0.0241625 0.0248832 0.0293535 0.0240843 0.0278593 0.0259046 0.0380522 0.0403971 0.0380032 0.0347878 0.0393902 0.0395622 0.0380784 0.0403323 0.0396495 0.0387604 0.0388034 0.0394840 0.0396206 0.0404149 0.0395546 0.0378852 0.0372091 0.0325672 0.0325350 0.0325988 0.0325988 0.0348919 0.0356684 0.0348198 0.0325017 0.0326384 0.0340752 0.0333162 0.0333959 0.0309750 0.0325511 0.0325025 0.0295810 0.0317624 0.0324978 0.0317848 0.0309268 0.0317679 0.0278936 0.0286528 0.0286528 0.0301646 0.0309555 0.0294659 0.0318472 0.0294931 0.0302102 0.0294327 0.0309668 0.0309698 0.0309414 0.0294667 0.0302584 0.0286964 0.0302133 0.0286940 0.0294290 0.0278935 0.0295008 0.0278848 0.0294308 0.0294547 0.0279276 0.0286644 0.0286449 0.0290395 0.0286418 0.0272766 0.0279107 0.0263692 0.0263692 0.0257775 0.0256211 0.0256211 
L13717.1_Symbiodinium_corculorum                                   0.0661710 0.0602096 0.0332555 0.0327145 0.0311660 0.0144363 0.0122212 0.0085824 0.0107522 0.0078640 0.0014192 0.0064326 0.0093158 0.0085878 0.0071448 0.0064200 0.0064200 0.0000000 0.0021262 0.0014198 0.0014166 0.0014183 0.0064290 0.0049887 0.0049905 0.0056993 0.0042738 0.0042765 0.0035581 0.0049817 0.0035528 0.0035528 0.0035967 0.0042691 0.0042659 0.0042659 0.0043354 0.0374951 0.0343672 0.0342756 0.0335008 0.0335008 0.0325103 0.0311653 0.0327539 0.0327362 0.0319461 0.0319345 0.0319345 0.0323459 0.0250166 0.0257405 0.0317753 0.0249353 0.0302685 0.0283231 0.0405763 0.0429444 0.0405237 0.0372686 0.0419133 0.0420980 0.0406045 0.0428751 0.0421919 0.0412868 0.0413331 0.0420139 0.0421606 0.0429637 0.0412933 0.0403968 0.0397204 0.0350328 0.0349979 0.0366142 0.0366142 0.0373814 0.0381655 0.0373033 0.0349618 0.0351102 0.0365535 0.0357875 0.0358739 0.0334204 0.0350152 0.0349626 0.0320237 0.0326615 0.0349575 0.0327038 0.0333679 0.0342232 0.0287847 0.0280295 0.0280295 0.0325983 0.0333992 0.0318979 0.0343093 0.0319278 0.0326482 0.0318618 0.0334116 0.0334147 0.0333839 0.0318990 0.0327007 0.0311205 0.0326515 0.0295745 0.0318577 0.0303060 0.0319361 0.0302964 0.0318597 0.0318859 0.0303433 0.0310854 0.0310641 0.0314949 0.0310606 0.0296953 0.0303248 0.0287659 0.0287659 0.0281834 0.0280112 0.0280112 
AB055918.1_Symbiodinium_sp.                                        0.0666962 0.0607473 0.0338845 0.0333353 0.0317913 0.0151044 0.0128935 0.0092650 0.0114288 0.0085489 0.0035448 0.0071224 0.0099972 0.0092709 0.0078318 0.0071085 0.0071085 0.0021262 0.0000000 0.0021223 0.0021175 0.0021202 0.0071184 0.0056815 0.0056835 0.0063894 0.0049688 0.0049719 0.0042549 0.0056736 0.0042485 0.0042485 0.0043009 0.0049633 0.0049596 0.0049596 0.0050401 0.0388742 0.0349848 0.0348919 0.0341194 0.0341194 0.0331422 0.0318057 0.0333753 0.0333573 0.0325692 0.0325574 0.0325574 0.0329752 0.0256591 0.0263800 0.0323957 0.0255760 0.0308939 0.0289616 0.0411741 0.0435348 0.0411209 0.0378739 0.0425036 0.0426903 0.0412026 0.0434648 0.0427852 0.0418813 0.0419281 0.0426052 0.0427536 0.0435543 0.0426819 0.0409926 0.0403198 0.0356465 0.0356111 0.0372235 0.0372235 0.0379882 0.0387699 0.0379091 0.0355744 0.0357251 0.0371620 0.0363985 0.0364861 0.0340378 0.0356286 0.0355753 0.0326481 0.0348327 0.0355701 0.0333243 0.0339845 0.0348388 0.0294154 0.0286625 0.0286625 0.0332173 0.0340163 0.0325202 0.0349261 0.0325506 0.0332679 0.0324836 0.0340289 0.0340321 0.0340008 0.0325214 0.0333212 0.0317450 0.0332713 0.0302034 0.0324794 0.0309320 0.0325591 0.0309222 0.0324815 0.0325081 0.0309699 0.0317093 0.0316877 0.0321254 0.0316840 0.0295685 0.0309511 0.0293962 0.0293962 0.0288193 0.0286439 0.0286439 
X62650.1_S.pilosum                                                 0.0660411 0.0600934 0.0331919 0.0326529 0.0311074 0.0144097 0.0121987 0.0085665 0.0107323 0.0078495 0.0028405 0.0064208 0.0092985 0.0085720 0.0071316 0.0064082 0.0064082 0.0014198 0.0021223 0.0000000 0.0014140 0.0014158 0.0064172 0.0049796 0.0049813 0.0056888 0.0042660 0.0042687 0.0035516 0.0049726 0.0035463 0.0035463 0.0035900 0.0042613 0.0042581 0.0042581 0.0043273 0.0381961 0.0343022 0.0342110 0.0334377 0.0334377 0.0324481 0.0311053 0.0326922 0.0326746 0.0318860 0.0318745 0.0318745 0.0322843 0.0249699 0.0256924 0.0317159 0.0248889 0.0302119 0.0282696 0.0404994 0.0428629 0.0404470 0.0371984 0.0418343 0.0420182 0.0405275 0.0427938 0.0421118 0.0412087 0.0412548 0.0419345 0.0420806 0.0428821 0.0420100 0.0403206 0.0396454 0.0349668 0.0349320 0.0365451 0.0365451 0.0373108 0.0380934 0.0372330 0.0348960 0.0350439 0.0364846 0.0357201 0.0358062 0.0333576 0.0349493 0.0348968 0.0319633 0.0341529 0.0348917 0.0326422 0.0333053 0.0341589 0.0287309 0.0279771 0.0279771 0.0325372 0.0333365 0.0318380 0.0342446 0.0318678 0.0325869 0.0318021 0.0333488 0.0333520 0.0333213 0.0318391 0.0326392 0.0310621 0.0325902 0.0295191 0.0317980 0.0302492 0.0318761 0.0302397 0.0318000 0.0318261 0.0302864 0.0310271 0.0310059 0.0314351 0.0310024 0.0296394 0.0302680 0.0287121 0.0287121 0.0281304 0.0279588 0.0279588 
AB016723.1_Symbiodinium_sp.                                        0.0658708 0.0599421 0.0331109 0.0310473 0.0295109 0.0129196 0.0107223 0.0071121 0.0092666 0.0063983 0.0028341 0.0049753 0.0078386 0.0071167 0.0056840 0.0049656 0.0049656 0.0014166 0.0021175 0.0014140 0.0000000 0.0014126 0.0049725 0.0035436 0.0035448 0.0042507 0.0028334 0.0028352 0.0021230 0.0035386 0.0021198 0.0021198 0.0021459 0.0028303 0.0028282 0.0028282 0.0028740 0.0381033 0.0342195 0.0341286 0.0333573 0.0333573 0.0323689 0.0310290 0.0326136 0.0325961 0.0318096 0.0317981 0.0317981 0.0322059 0.0234105 0.0241310 0.0301240 0.0233349 0.0286272 0.0266774 0.0388466 0.0411965 0.0387965 0.0355717 0.0401830 0.0403588 0.0388734 0.0411304 0.0404481 0.0395548 0.0395988 0.0402788 0.0404184 0.0412148 0.0403510 0.0386758 0.0380003 0.0333484 0.0333154 0.0349166 0.0349166 0.0356784 0.0364565 0.0356045 0.0332812 0.0334215 0.0348590 0.0340985 0.0341802 0.0317513 0.0333318 0.0332821 0.0303578 0.0325410 0.0332772 0.0310374 0.0317018 0.0325466 0.0271523 0.0279106 0.0279106 0.0309380 0.0317314 0.0302395 0.0326280 0.0302675 0.0309850 0.0302054 0.0317430 0.0317460 0.0317169 0.0302404 0.0310345 0.0294682 0.0309881 0.0279347 0.0302016 0.0286624 0.0302754 0.0286534 0.0302035 0.0302281 0.0286975 0.0294353 0.0294153 0.0298209 0.0294120 0.0280481 0.0286802 0.0271346 0.0271346 0.0265464 0.0263851 0.0263851 
AB016724.1_Symbiodinium_sp.                                        0.0659692 0.0600292 0.0331568 0.0326189 0.0310751 0.0143950 0.0121864 0.0085579 0.0107215 0.0078416 0.0028376 0.0064143 0.0092892 0.0085634 0.0071244 0.0064018 0.0064018 0.0014183 0.0021202 0.0014158 0.0014126 0.0000000 0.0064107 0.0049746 0.0049763 0.0056831 0.0042617 0.0042644 0.0035480 0.0049676 0.0035427 0.0035427 0.0035864 0.0042570 0.0042539 0.0042539 0.0043229 0.0381560 0.0342664 0.0341753 0.0334029 0.0334029 0.0324137 0.0310722 0.0326581 0.0326406 0.0318529 0.0318413 0.0318413 0.0322503 0.0249441 0.0256659 0.0316831 0.0248633 0.0301807 0.0282401 0.0404570 0.0428179 0.0404047 0.0371597 0.0417906 0.0419742 0.0404850 0.0427490 0.0420675 0.0411656 0.0412116 0.0418906 0.0420365 0.0428371 0.0419660 0.0402785 0.0396039 0.0349303 0.0348956 0.0365070 0.0365070 0.0372718 0.0380536 0.0371942 0.0348597 0.0350073 0.0364465 0.0356828 0.0357688 0.0333229 0.0349129 0.0348606 0.0319300 0.0341174 0.0348555 0.0326083 0.0332708 0.0341233 0.0287012 0.0279482 0.0279482 0.0325035 0.0333019 0.0318050 0.0342089 0.0318346 0.0325530 0.0317691 0.0333142 0.0333173 0.0332867 0.0318060 0.0326052 0.0310298 0.0325563 0.0294885 0.0317650 0.0302179 0.0318430 0.0302084 0.0317670 0.0317930 0.0302550 0.0309950 0.0309738 0.0314021 0.0309703 0.0296086 0.0302367 0.0286825 0.0286825 0.0281011 0.0279299 0.0279299 
KU188515.1_Symbiodinium_sp.                                        0.0684329 0.0624843 0.0355766 0.0333908 0.0318442 0.0136679 0.0114626 0.0078408 0.0100017 0.0071251 0.0078603 0.0056902 0.0085703 0.0078458 0.0064087 0.0056876 0.0056876 0.0064290 0.0071184 0.0064172 0.0049725 0.0064107 0.0000000 0.0042554 0.0042569 0.0049702 0.0035443 0.0035466 0.0028327 0.0042558 0.0028327 0.0028327 0.0028677 0.0035457 0.0035431 0.0035431 0.0028779 0.0389393 0.0350433 0.0349500 0.0341763 0.0341763 0.0324148 0.0318861 0.0334309 0.0334129 0.0326234 0.0326116 0.0326116 0.0330308 0.0241968 0.0249185 0.0309285 0.0241184 0.0294277 0.0274811 0.0396841 0.0420415 0.0396329 0.0363952 0.0410201 0.0412000 0.0397116 0.0419738 0.0412915 0.0403931 0.0404381 0.0411181 0.0412611 0.0420602 0.0411920 0.0395093 0.0388337 0.0341671 0.0341332 0.0357409 0.0357409 0.0365048 0.0372854 0.0364289 0.0340982 0.0342423 0.0356817 0.0349190 0.0350030 0.0325635 0.0341501 0.0340990 0.0311693 0.0333563 0.0340940 0.0333798 0.0325126 0.0333621 0.0294641 0.0302272 0.0302272 0.0317465 0.0325430 0.0310474 0.0334456 0.0310763 0.0317948 0.0310124 0.0325550 0.0325581 0.0325282 0.0310484 0.0318457 0.0302736 0.0317980 0.0287348 0.0310084 0.0294640 0.0310844 0.0294547 0.0310103 0.0310357 0.0295002 0.0302396 0.0302190 0.0306366 0.0302156 0.0288518 0.0294823 0.0279311 0.0279311 0.0273460 0.0271795 0.0271795 
KU188511.1_Symbiodinium_sp.                                        0.0666885 0.0607899 0.0339786 0.0318295 0.0302897 0.0122004 0.0100065 0.0064003 0.0085530 0.0056869 0.0064162 0.0042578 0.0071253 0.0064044 0.0049730 0.0042558 0.0042558 0.0049887 0.0056815 0.0049796 0.0035436 0.0049746 0.0042554 0.0000000 0.0028314 0.0035419 0.0021217 0.0021230 0.0014131 0.0028306 0.0014131 0.0014131 0.0014305 0.0021225 0.0021209 0.0021209 0.0021552 0.0373505 0.0334706 0.0333818 0.0326113 0.0326113 0.0316115 0.0310779 0.0318677 0.0318507 0.0310653 0.0310541 0.0310541 0.0314524 0.0226760 0.0233967 0.0293852 0.0226027 0.0278894 0.0259329 0.0380937 0.0404412 0.0380446 0.0348255 0.0394329 0.0396053 0.0381199 0.0403762 0.0396928 0.0388026 0.0388457 0.0395269 0.0396638 0.0404590 0.0395976 0.0379263 0.0372496 0.0326025 0.0325703 0.0341686 0.0341686 0.0349299 0.0357072 0.0348575 0.0325369 0.0326739 0.0341122 0.0333523 0.0326693 0.0310085 0.0325864 0.0325378 0.0296131 0.0317969 0.0325330 0.0318193 0.0309602 0.0318023 0.0279238 0.0286837 0.0286837 0.0301972 0.0309890 0.0294978 0.0318818 0.0295251 0.0302429 0.0294645 0.0310003 0.0310033 0.0309749 0.0294987 0.0302913 0.0287275 0.0302460 0.0271958 0.0294608 0.0279236 0.0295328 0.0279149 0.0294626 0.0294866 0.0279578 0.0286954 0.0286759 0.0290713 0.0286727 0.0273062 0.0279409 0.0263976 0.0263976 0.0258055 0.0256487 0.0256487 
KU188514.1_Symbiodinium_sp.                                        0.0667186 0.0608157 0.0339922 0.0318419 0.0303014 0.0122048 0.0100101 0.0064026 0.0085560 0.0056889 0.0064185 0.0042593 0.0071279 0.0064066 0.0049748 0.0042573 0.0042573 0.0049905 0.0056835 0.0049813 0.0035448 0.0049763 0.0042569 0.0028314 0.0000000 0.0035432 0.0021224 0.0021238 0.0014136 0.0028316 0.0014136 0.0014136 0.0014310 0.0021233 0.0021217 0.0021217 0.0021552 0.0373653 0.0334837 0.0333949 0.0326240 0.0326240 0.0316240 0.0310903 0.0318802 0.0318631 0.0310774 0.0310662 0.0310662 0.0314648 0.0226846 0.0234055 0.0293965 0.0226113 0.0279001 0.0259429 0.0381088 0.0404574 0.0380597 0.0348392 0.0394486 0.0396211 0.0381351 0.0403924 0.0397087 0.0388180 0.0388611 0.0395426 0.0396796 0.0404753 0.0396134 0.0379414 0.0372643 0.0326153 0.0325830 0.0341820 0.0341820 0.0349436 0.0357213 0.0348712 0.0325496 0.0326867 0.0341256 0.0333654 0.0334454 0.0310206 0.0325991 0.0325504 0.0296246 0.0318092 0.0325457 0.0318317 0.0309722 0.0318147 0.0279345 0.0286948 0.0286948 0.0302088 0.0310010 0.0295092 0.0318942 0.0295365 0.0302547 0.0294759 0.0310124 0.0310153 0.0309869 0.0295101 0.0303030 0.0287386 0.0302577 0.0272063 0.0294722 0.0279343 0.0295442 0.0279256 0.0294740 0.0294980 0.0279686 0.0287065 0.0286869 0.0290827 0.0286838 0.0273168 0.0279517 0.0264077 0.0264077 0.0258154 0.0256585 0.0256585 
AF238256.1_Symbiodinium_sp._Type_A                                 0.0675066 0.0599116 0.0331615 0.0325586 0.0310178 0.0114616 0.0092747 0.0071088 0.0078258 0.0063954 0.0071265 0.0049730 0.0064010 0.0056823 0.0042547 0.0035400 0.0035400 0.0056993 0.0063894 0.0056888 0.0042507 0.0056831 0.0049702 0.0035419 0.0035432 0.0000000 0.0028321 0.0028339 0.0021220 0.0021191 0.0021189 0.0021189 0.0021449 0.0014124 0.0014114 0.0014114 0.0014340 0.0380845 0.0342027 0.0341119 0.0333410 0.0333410 0.0323528 0.0318247 0.0325977 0.0325802 0.0317940 0.0317826 0.0317826 0.0321900 0.0233992 0.0241194 0.0301094 0.0233237 0.0286134 0.0266644 0.0388274 0.0411761 0.0387774 0.0355543 0.0401633 0.0403389 0.0388542 0.0411101 0.0404281 0.0395354 0.0395793 0.0402590 0.0403985 0.0411944 0.0403311 0.0386568 0.0379816 0.0333321 0.0332991 0.0348995 0.0348995 0.0356609 0.0364386 0.0355870 0.0332650 0.0334051 0.0348419 0.0340818 0.0341635 0.0317359 0.0333155 0.0332658 0.0303430 0.0325251 0.0332610 0.0325480 0.0316864 0.0325307 0.0286487 0.0294090 0.0294090 0.0309230 0.0317159 0.0302248 0.0326120 0.0302528 0.0309699 0.0301907 0.0317275 0.0317305 0.0317015 0.0302257 0.0310194 0.0294539 0.0309730 0.0279211 0.0301869 0.0286485 0.0302606 0.0286396 0.0301888 0.0302134 0.0286836 0.0294210 0.0294010 0.0298063 0.0293977 0.0280345 0.0286663 0.0271215 0.0271215 0.0265335 0.0263724 0.0263724 
KU188513.1_Symbiodinium_sp.                                        0.0658733 0.0599929 0.0332069 0.0310739 0.0295362 0.0114768 0.0092870 0.0056862 0.0078362 0.0049735 0.0057003 0.0035463 0.0064095 0.0056899 0.0042604 0.0035447 0.0035447 0.0042738 0.0049688 0.0042660 0.0028334 0.0042617 0.0035443 0.0021217 0.0021224 0.0028321 0.0000000 0.0014146 0.0007056 0.0021219 0.0007056 0.0007056 0.0007149 0.0014143 0.0014132 0.0014132 0.0014361 0.0365857 0.0327107 0.0326240 0.0318545 0.0318545 0.0308434 0.0303046 0.0311113 0.0310946 0.0303108 0.0302998 0.0302998 0.0306883 0.0219335 0.0226542 0.0286366 0.0218627 0.0271420 0.0251793 0.0373286 0.0396731 0.0372806 0.0340680 0.0386704 0.0388393 0.0373543 0.0396095 0.0389250 0.0380380 0.0380802 0.0387625 0.0388966 0.0396906 0.0388318 0.0371648 0.0364870 0.0318459 0.0318144 0.0334094 0.0334094 0.0341699 0.0349462 0.0340993 0.0317819 0.0319155 0.0333543 0.0325952 0.0326733 0.0302554 0.0318302 0.0317827 0.0288584 0.0310422 0.0317781 0.0310640 0.0302083 0.0310475 0.0271756 0.0279345 0.0279345 0.0294462 0.0302364 0.0287462 0.0311250 0.0287728 0.0294908 0.0287138 0.0302474 0.0302503 0.0302226 0.0287470 0.0295379 0.0279770 0.0294937 0.0264477 0.0287102 0.0271753 0.0287802 0.0271669 0.0287119 0.0287352 0.0272087 0.0279459 0.0279268 0.0283118 0.0279238 0.0265550 0.0271922 0.0256517 0.0256517 0.0250556 0.0249035 0.0249035 
KU188510.1_Symbiodinium_sp.                                        0.0659237 0.0600367 0.0332300 0.0310951 0.0295563 0.0114843 0.0092929 0.0056898 0.0078412 0.0049766 0.0057039 0.0035485 0.0064136 0.0056934 0.0042631 0.0035469 0.0035469 0.0042765 0.0049719 0.0042687 0.0028352 0.0042644 0.0035466 0.0021230 0.0021238 0.0028339 0.0014146 0.0000000 0.0007066 0.0021232 0.0007066 0.0007066 0.0007153 0.0014152 0.0014141 0.0014141 0.0014361 0.0366110 0.0327331 0.0326463 0.0318762 0.0318762 0.0308647 0.0303258 0.0311325 0.0311158 0.0303314 0.0303204 0.0303204 0.0307094 0.0219482 0.0226693 0.0286558 0.0218772 0.0271603 0.0251964 0.0373545 0.0397007 0.0373063 0.0340913 0.0386971 0.0388662 0.0373802 0.0396370 0.0389520 0.0380644 0.0381066 0.0387893 0.0389236 0.0397182 0.0388587 0.0371904 0.0365121 0.0318676 0.0318361 0.0334323 0.0334323 0.0341934 0.0349702 0.0341226 0.0318035 0.0319374 0.0333771 0.0326175 0.0326956 0.0302759 0.0318519 0.0318043 0.0288780 0.0310633 0.0317997 0.0310852 0.0302287 0.0310686 0.0271938 0.0279533 0.0279533 0.0294661 0.0302569 0.0287656 0.0311462 0.0287922 0.0295108 0.0287332 0.0302679 0.0302708 0.0302431 0.0287664 0.0295579 0.0279959 0.0295137 0.0264655 0.0287296 0.0271936 0.0287997 0.0271852 0.0287313 0.0287547 0.0272270 0.0279647 0.0279457 0.0283311 0.0279426 0.0265730 0.0272105 0.0256689 0.0256689 0.0250725 0.0249202 0.0249202 
KU188509.1_Symbiodinium_sp.                                        0.0650206 0.0591629 0.0324190 0.0303036 0.0287690 0.0107482 0.0085644 0.0049707 0.0071170 0.0042589 0.0049830 0.0028343 0.0056919 0.0049738 0.0035469 0.0028330 0.0028330 0.0035581 0.0042549 0.0035516 0.0021230 0.0035480 0.0028327 0.0014131 0.0014136 0.0021220 0.0007056 0.0007066 0.0000000 0.0014132 0.0000010 0.0000010 0.0000010 0.0007060 0.0007056 0.0007056 0.0007177 0.0358029 0.0319351 0.0318507 0.0310825 0.0310825 0.0300605 0.0295168 0.0303401 0.0303239 0.0295419 0.0295313 0.0295313 0.0299095 0.0211815 0.0219017 0.0278746 0.0211131 0.0263823 0.0244143 0.0365452 0.0388853 0.0364982 0.0332942 0.0378889 0.0380540 0.0365704 0.0388230 0.0381378 0.0372547 0.0372959 0.0379790 0.0381101 0.0389024 0.0380468 0.0363850 0.0357065 0.0310741 0.0310435 0.0326342 0.0326342 0.0333935 0.0341683 0.0333246 0.0310118 0.0311419 0.0325804 0.0318226 0.0318986 0.0294880 0.0310588 0.0310126 0.0280902 0.0302728 0.0310081 0.0302941 0.0294422 0.0302780 0.0264149 0.0271724 0.0271724 0.0286815 0.0294695 0.0279812 0.0303535 0.0280070 0.0287249 0.0279496 0.0294802 0.0294830 0.0294561 0.0279819 0.0287706 0.0272137 0.0287277 0.0256875 0.0279462 0.0264146 0.0280142 0.0264064 0.0279479 0.0279705 0.0264470 0.0271834 0.0271649 0.0275390 0.0271620 0.0257916 0.0264310 0.0248941 0.0248941 0.0242944 0.0241471 0.0241471 
