130
GU362426_Gymnodinium_catenatum                                     0.0000000 0.0453972 0.0657968 0.0704663 0.0687604 0.0772429 0.0753785 0.0692880 0.0735617 0.0648314 0.0678486 0.0685493 0.0719557 0.0710734 0.0693710 0.0684567 0.0684567 0.0662377 0.0667628 0.0661072 0.0659363 0.0660350 0.0685020 0.0667549 0.0667849 0.0675743 0.0659393 0.0659893 0.0650835 0.0667121 0.0650312 0.0650312 0.0659131 0.0659096 0.0658567 0.0658567 0.0652929 0.0734535 0.0673692 0.0671725 0.0663316 0.0663316 0.0658217 0.0664867 0.0664805 0.0655108 0.0655601 0.0664113 0.0664113 0.0673080 0.0629529 0.0627948 0.0677540 0.0635517 0.0661355 0.0644422 0.0741908 0.0767717 0.0740916 0.0694988 0.0694296 0.0749556 0.0731768 0.0766409 0.0759908 0.0748979 0.0741462 0.0730542 0.0733332 0.0768241 0.0740922 0.0738409 0.0714608 0.0696945 0.0696181 0.0697194 0.0697194 0.0723578 0.0706784 0.0704560 0.0696118 0.0707759 0.0680232 0.0705605 0.0707468 0.0635403 0.0697217 0.0696118 0.0665302 0.0688279 0.0679335 0.0656590 0.0669852 0.0679641 0.0603625 0.0595518 0.0595518 0.0669770 0.0678857 0.0662896 0.0690291 0.0663587 0.0679321 0.0662134 0.0679142 0.0679210 0.0678547 0.0671473 0.0663707 0.0654361 0.0670971 0.0612101 0.0662002 0.0661436 0.0663801 0.0644669 0.0637165 0.0662680 0.0619430 0.0653545 0.0653068 0.0662557 0.0652949 0.0640034 0.0645297 0.0627937 0.0627937 0.0632277 0.0636260 0.0636260 
EF492511                                                           0.0453972 0.0000000 0.0450413 0.0637860 0.0621247 0.0676428 0.0650147 0.0632608 0.0632742 0.0614162 0.0618375 0.0625824 0.0617112 0.0608620 0.0592187 0.0583455 0.0583455 0.0602635 0.0608012 0.0601468 0.0599949 0.0600824 0.0625404 0.0608429 0.0608695 0.0599643 0.0600455 0.0600899 0.0592137 0.0591294 0.0591203 0.0591203 0.0599052 0.0583466 0.0583006 0.0583006 0.0575956 0.0665004 0.0606000 0.0604277 0.0579951 0.0579951 0.0573258 0.0578918 0.0614043 0.0588102 0.0605120 0.0596797 0.0596797 0.0604691 0.0531326 0.0520744 0.0537220 0.0513189 0.0521605 0.0503809 0.0680495 0.0705606 0.0679605 0.0619457 0.0627362 0.0655137 0.0654361 0.0687927 0.0681410 0.0671049 0.0655019 0.0653303 0.0655724 0.0689528 0.0663182 0.0660989 0.0654069 0.0638004 0.0637321 0.0646743 0.0646743 0.0646375 0.0646387 0.0628137 0.0636192 0.0631214 0.0620876 0.0629051 0.0622413 0.0586035 0.0620899 0.0611751 0.0590126 0.0612273 0.0619846 0.0581305 0.0578080 0.0603909 0.0530212 0.0522321 0.0522321 0.0594486 0.0603235 0.0587655 0.0614011 0.0588247 0.0603634 0.0586988 0.0603476 0.0603539 0.0594804 0.0587702 0.0588352 0.0579378 0.0587365 0.0553435 0.0586879 0.0586389 0.0588430 0.0570116 0.0578806 0.0587458 0.0545837 0.0578677 0.0562211 0.0570200 0.0578168 0.0565221 0.0570660 0.0553880 0.0553880 0.0557621 0.0561963 0.0561963 
JF791031                                                           0.0657968 0.0450413 0.0000000 0.0417575 0.0401581 0.0403731 0.0387460 0.0379224 0.0371147 0.0354228 0.0348022 0.0356218 0.0355601 0.0347845 0.0332142 0.0324028 0.0324028 0.0332747 0.0339039 0.0332109 0.0331297 0.0331756 0.0355990 0.0339991 0.0340131 0.0331817 0.0332271 0.0332505 0.0324382 0.0323916 0.0323873 0.0323873 0.0328111 0.0316302 0.0316054 0.0316054 0.0313497 0.0442063 0.0402180 0.0401070 0.0393149 0.0393149 0.0392079 0.0378936 0.0393402 0.0385348 0.0385057 0.0377090 0.0377090 0.0382025 0.0321935 0.0336718 0.0375108 0.0336214 0.0359758 0.0340552 0.0448948 0.0473061 0.0448369 0.0407380 0.0430899 0.0440342 0.0449055 0.0472067 0.0465235 0.0455889 0.0456431 0.0455123 0.0456757 0.0473296 0.0464067 0.0455303 0.0448531 0.0408789 0.0408365 0.0417146 0.0417146 0.0392162 0.0424162 0.0408032 0.0399876 0.0401854 0.0416187 0.0408366 0.0393612 0.0384144 0.0400484 0.0376340 0.0362259 0.0391929 0.0383967 0.0377536 0.0375734 0.0392392 0.0329033 0.0321355 0.0321355 0.0375682 0.0383906 0.0360901 0.0393405 0.0369000 0.0368527 0.0368224 0.0384046 0.0384091 0.0360386 0.0368661 0.0369067 0.0376307 0.0360708 0.0368420 0.0352534 0.0336746 0.0369109 0.0352203 0.0368200 0.0368508 0.0337026 0.0360289 0.0360036 0.0356704 0.0359988 0.0346338 0.0352534 0.0336586 0.0336586 0.0338821 0.0328903 0.0328903 
AY160124.1_Symbiodinium_sp._G15                                    0.0704663 0.0637860 0.0417575 0.0000000 0.0014078 0.0396674 0.0388085 0.0356833 0.0372058 0.0332470 0.0342347 0.0334297 0.0357060 0.0349164 0.0333734 0.0325760 0.0325760 0.0327324 0.0333534 0.0326706 0.0310635 0.0326364 0.0334089 0.0318459 0.0318587 0.0325760 0.0310900 0.0311115 0.0303189 0.0318010 0.0302722 0.0302722 0.0306605 0.0310537 0.0310298 0.0310298 0.0299861 0.0402300 0.0363479 0.0362502 0.0354791 0.0354791 0.0345220 0.0348529 0.0355012 0.0347187 0.0346930 0.0339182 0.0339182 0.0343524 0.0308893 0.0338718 0.0361149 0.0315415 0.0346080 0.0327083 0.0433906 0.0457574 0.0433355 0.0408453 0.0439314 0.0456907 0.0449789 0.0464673 0.0457935 0.0448763 0.0433394 0.0455984 0.0457597 0.0456846 0.0456805 0.0439766 0.0433087 0.0401899 0.0401490 0.0401462 0.0401462 0.0417535 0.0409787 0.0408845 0.0377709 0.0402772 0.0401381 0.0393709 0.0394662 0.0331537 0.0385976 0.0385408 0.0356171 0.0385776 0.0385350 0.0355808 0.0354096 0.0378046 0.0308386 0.0316007 0.0316007 0.0361691 0.0369745 0.0354763 0.0379005 0.0370443 0.0369976 0.0354361 0.0369876 0.0369920 0.0361916 0.0354773 0.0362827 0.0346976 0.0362282 0.0354596 0.0354308 0.0338767 0.0355197 0.0338659 0.0354338 0.0354629 0.0331448 0.0346582 0.0346342 0.0351130 0.0346298 0.0332834 0.0338972 0.0323340 0.0323340 0.0317707 0.0315799 0.0315799 
HE653239_Symbiodinium_voratum                                      0.0687604 0.0621247 0.0401581 0.0014078 0.0000000 0.0380944 0.0372419 0.0341287 0.0356469 0.0317068 0.0326811 0.0318807 0.0341505 0.0333644 0.0318270 0.0310338 0.0310338 0.0311825 0.0318080 0.0311236 0.0295258 0.0310912 0.0318609 0.0303047 0.0303168 0.0310338 0.0295510 0.0295713 0.0287829 0.0302620 0.0287387 0.0287387 0.0291067 0.0295165 0.0294938 0.0294938 0.0284297 0.0386637 0.0347956 0.0347024 0.0339341 0.0339341 0.0329552 0.0332706 0.0339552 0.0331761 0.0331516 0.0323800 0.0323800 0.0327937 0.0293609 0.0323359 0.0345732 0.0300159 0.0330705 0.0311600 0.0418117 0.0441697 0.0417587 0.0392829 0.0423591 0.0441054 0.0433936 0.0448797 0.0442043 0.0432949 0.0417624 0.0440168 0.0441719 0.0440995 0.0440957 0.0424025 0.0417330 0.0386251 0.0385859 0.0385833 0.0385833 0.0401829 0.0394108 0.0393204 0.0362185 0.0387086 0.0385754 0.0378108 0.0379020 0.0316182 0.0370402 0.0369858 0.0340656 0.0370210 0.0369802 0.0340311 0.0338679 0.0362507 0.0293127 0.0300720 0.0300720 0.0346250 0.0354260 0.0339315 0.0363424 0.0354927 0.0354480 0.0338930 0.0354385 0.0354427 0.0346464 0.0339324 0.0347334 0.0331559 0.0346813 0.0339155 0.0338881 0.0323404 0.0339728 0.0323302 0.0338909 0.0339186 0.0316097 0.0331184 0.0330956 0.0335523 0.0330914 0.0317417 0.0323600 0.0308040 0.0308040 0.0302335 0.0300522 0.0300522 
AJ271758.1_Symbiodinium_sp.                                        0.0772429 0.0676428 0.0403731 0.0396674 0.0380944 0.0000000 0.0136436 0.0158503 0.0121717 0.0151231 0.0158904 0.0136795 0.0107364 0.0100074 0.0085635 0.0078372 0.0078372 0.0144403 0.0151085 0.0144136 0.0129228 0.0143989 0.0136714 0.0122032 0.0122078 0.0114643 0.0114796 0.0114871 0.0107505 0.0107355 0.0107344 0.0107344 0.0108691 0.0100175 0.0100100 0.0100100 0.0101739 0.0453229 0.0413649 0.0412516 0.0404654 0.0404654 0.0395752 0.0390925 0.0397114 0.0396915 0.0388840 0.0388707 0.0388707 0.0393749 0.0310938 0.0318204 0.0363604 0.0309924 0.0348428 0.0329321 0.0452821 0.0476753 0.0452242 0.0419194 0.0466043 0.0468139 0.0453136 0.0475977 0.0469204 0.0459912 0.0460455 0.0467185 0.0468853 0.0476988 0.0468034 0.0450803 0.0444088 0.0396761 0.0396355 0.0397149 0.0397149 0.0420504 0.0428411 0.0419601 0.0395935 0.0397628 0.0412076 0.0404334 0.0405322 0.0380362 0.0396531 0.0395942 0.0366482 0.0388447 0.0388120 0.0396567 0.0379767 0.0388522 0.0356594 0.0364346 0.0364346 0.0371990 0.0380128 0.0365019 0.0389516 0.0380852 0.0372577 0.0364603 0.0380265 0.0380309 0.0379954 0.0365032 0.0373169 0.0357159 0.0372604 0.0357130 0.0364548 0.0348859 0.0365471 0.0348747 0.0364580 0.0364882 0.0349287 0.0356750 0.0356501 0.0361469 0.0356455 0.0342923 0.0349072 0.0333287 0.0333287 0.0327686 0.0325680 0.0325680 
AJ271759.1_Symbiodinium_sp.                                        0.0753785 0.0650147 0.0387460 0.0388085 0.0372419 0.0136436 0.0000000 0.0136323 0.0099831 0.0129092 0.0136666 0.0114711 0.0085543 0.0078311 0.0063967 0.0056768 0.0056768 0.0122235 0.0128968 0.0122009 0.0107240 0.0121885 0.0114645 0.0100080 0.0100116 0.0092761 0.0092884 0.0092943 0.0085655 0.0085536 0.0085527 0.0085527 0.0086588 0.0078390 0.0078331 0.0078331 0.0079608 0.0444392 0.0404968 0.0403863 0.0396033 0.0396033 0.0387023 0.0382148 0.0388515 0.0388321 0.0380284 0.0380154 0.0380154 0.0385071 0.0302693 0.0309941 0.0355187 0.0301709 0.0340063 0.0320933 0.0443994 0.0467828 0.0443427 0.0410540 0.0457213 0.0459261 0.0444301 0.0467070 0.0460301 0.0451072 0.0451603 0.0458329 0.0459959 0.0468058 0.0459158 0.0442021 0.0435311 0.0388172 0.0387776 0.0388550 0.0388550 0.0411816 0.0419692 0.0410936 0.0371683 0.0389015 0.0403433 0.0395721 0.0396684 0.0371853 0.0387947 0.0387373 0.0357989 0.0379900 0.0387314 0.0380184 0.0371274 0.0379974 0.0340479 0.0348188 0.0348188 0.0363527 0.0371625 0.0356566 0.0380942 0.0356901 0.0364099 0.0356160 0.0371758 0.0371802 0.0371455 0.0356577 0.0364675 0.0348738 0.0364125 0.0348710 0.0356107 0.0340482 0.0357005 0.0340374 0.0356137 0.0356432 0.0340899 0.0348339 0.0348098 0.0352934 0.0348053 0.0334527 0.0340690 0.0324974 0.0324974 0.0319343 0.0317394 0.0317394 
AJ271754.1_Symbiodinium_sp.                                        0.0692880 0.0632608 0.0379224 0.0356833 0.0341287 0.0158503 0.0136323 0.0000000 0.0121619 0.0092751 0.0100177 0.0078463 0.0107278 0.0099994 0.0085567 0.0078310 0.0078310 0.0085836 0.0092664 0.0085677 0.0071130 0.0085591 0.0078418 0.0064010 0.0064033 0.0071097 0.0056869 0.0056905 0.0049712 0.0063921 0.0049637 0.0049637 0.0050250 0.0056806 0.0056763 0.0056763 0.0057685 0.0397038 0.0358020 0.0357053 0.0349303 0.0349303 0.0339617 0.0334433 0.0341829 0.0341660 0.0333735 0.0333621 0.0333621 0.0337916 0.0249329 0.0256551 0.0316721 0.0248523 0.0301699 0.0282292 0.0404475 0.0428098 0.0403961 0.0371492 0.0417799 0.0419657 0.0404752 0.0427407 0.0420597 0.0411563 0.0404246 0.0411027 0.0412474 0.0428304 0.0403724 0.0402689 0.0395940 0.0349215 0.0348862 0.0364978 0.0364978 0.0372635 0.0380441 0.0371845 0.0348496 0.0349967 0.0364376 0.0356725 0.0357587 0.0333118 0.0349016 0.0348503 0.0319200 0.0341065 0.0348450 0.0333560 0.0332602 0.0341130 0.0302068 0.0309709 0.0309709 0.0324923 0.0332914 0.0325537 0.0341995 0.0318238 0.0325430 0.0317581 0.0333031 0.0333071 0.0332762 0.0317950 0.0325941 0.0310191 0.0325452 0.0279453 0.0317535 0.0302068 0.0318330 0.0301973 0.0317562 0.0317821 0.0302437 0.0309841 0.0309626 0.0313911 0.0309589 0.0295974 0.0302252 0.0286713 0.0286713 0.0280896 0.0279189 0.0279189 
AJ271756.1_Symbiodinium_sp.                                        0.0735617 0.0632742 0.0371147 0.0372058 0.0356469 0.0121717 0.0099831 0.0121619 0.0000000 0.0114415 0.0121922 0.0100090 0.0071086 0.0063893 0.0049612 0.0042456 0.0042456 0.0107541 0.0114308 0.0107342 0.0092681 0.0107233 0.0100033 0.0085542 0.0085573 0.0078270 0.0078374 0.0078424 0.0071179 0.0071080 0.0071073 0.0071073 0.0071952 0.0063957 0.0063910 0.0063910 0.0064948 0.0428053 0.0388815 0.0387759 0.0379965 0.0379965 0.0370732 0.0365757 0.0372471 0.0372286 0.0364296 0.0364172 0.0364172 0.0368869 0.0287088 0.0294322 0.0339395 0.0286157 0.0324329 0.0305106 0.0427672 0.0451392 0.0427127 0.0394449 0.0440920 0.0442887 0.0427966 0.0450663 0.0443884 0.0434746 0.0435255 0.0441993 0.0443558 0.0451612 0.0442789 0.0425779 0.0419060 0.0372142 0.0371764 0.0372503 0.0372503 0.0395669 0.0403507 0.0394827 0.0355770 0.0365213 0.0387346 0.0379667 0.0380587 0.0355933 0.0371929 0.0371380 0.0342061 0.0363930 0.0371324 0.0364202 0.0355380 0.0364000 0.0324726 0.0332399 0.0332399 0.0347670 0.0355715 0.0340708 0.0364924 0.0341026 0.0348214 0.0340320 0.0355841 0.0355883 0.0355552 0.0340717 0.0348763 0.0332919 0.0348238 0.0332893 0.0340270 0.0324727 0.0341125 0.0309406 0.0340299 0.0340579 0.0325124 0.0332541 0.0332311 0.0336916 0.0332269 0.0318722 0.0324925 0.0309298 0.0309298 0.0303597 0.0301749 0.0301749 
AJ271764.1_Symbiodinium_sp.                                        0.0648314 0.0614162 0.0354228 0.0332470 0.0317068 0.0151231 0.0129092 0.0092751 0.0114415 0.0000000 0.0092981 0.0071299 0.0100082 0.0092811 0.0078403 0.0071160 0.0071160 0.0078649 0.0085499 0.0078504 0.0063990 0.0078424 0.0071258 0.0056873 0.0056894 0.0063960 0.0049739 0.0049770 0.0042592 0.0056794 0.0042528 0.0042528 0.0043053 0.0049684 0.0049646 0.0049646 0.0050452 0.0372238 0.0333570 0.0332676 0.0324996 0.0324996 0.0314997 0.0309673 0.0309766 0.0317415 0.0301797 0.0309470 0.0309470 0.0313431 0.0240893 0.0233037 0.0307931 0.0240118 0.0292988 0.0273591 0.0364027 0.0387347 0.0363567 0.0331639 0.0377407 0.0379065 0.0364273 0.0386727 0.0379903 0.0371098 0.0371524 0.0378315 0.0379632 0.0387530 0.0378985 0.0362435 0.0355670 0.0309536 0.0309226 0.0325073 0.0325073 0.0332644 0.0340351 0.0331948 0.0308906 0.0310193 0.0324540 0.0316979 0.0317736 0.0293718 0.0309363 0.0308913 0.0279798 0.0301536 0.0308866 0.0309310 0.0301003 0.0301593 0.0270578 0.0278135 0.0278135 0.0285685 0.0293540 0.0278711 0.0302351 0.0278965 0.0286125 0.0278394 0.0293640 0.0293676 0.0293406 0.0278715 0.0286570 0.0271064 0.0286143 0.0255861 0.0278356 0.0263102 0.0279044 0.0263021 0.0278378 0.0278602 0.0263422 0.0270762 0.0270576 0.0274292 0.0270545 0.0256891 0.0263262 0.0247954 0.0247954 0.0241972 0.0240514 0.0240514 
L13718.1_Symbiodinium_meandrinae                                   0.0678486 0.0618375 0.0348022 0.0342347 0.0326811 0.0158904 0.0136666 0.0100177 0.0121922 0.0092981 0.0000000 0.0078657 0.0107544 0.0100242 0.0085779 0.0078504 0.0078504 0.0014193 0.0035450 0.0028406 0.0028342 0.0028378 0.0078612 0.0064168 0.0064192 0.0071273 0.0057009 0.0057046 0.0049834 0.0064079 0.0049760 0.0049760 0.0050376 0.0056946 0.0056903 0.0056903 0.0057829 0.0398096 0.0358968 0.0357996 0.0350225 0.0350225 0.0340526 0.0327138 0.0342730 0.0342560 0.0334612 0.0334498 0.0334498 0.0338816 0.0265078 0.0272323 0.0332816 0.0264218 0.0317718 0.0298383 0.0421210 0.0444976 0.0420672 0.0387953 0.0434520 0.0436462 0.0421500 0.0444255 0.0437447 0.0428310 0.0428812 0.0435580 0.0437125 0.0445192 0.0428371 0.0419341 0.0412593 0.0365588 0.0365216 0.0381456 0.0381456 0.0389155 0.0397008 0.0388325 0.0364831 0.0366380 0.0380825 0.0373131 0.0374037 0.0349362 0.0365378 0.0364838 0.0335435 0.0341755 0.0364782 0.0342218 0.0348818 0.0357437 0.0302856 0.0295287 0.0295287 0.0341094 0.0349148 0.0334106 0.0358347 0.0334418 0.0341629 0.0333725 0.0349271 0.0349313 0.0348987 0.0334115 0.0342168 0.0326305 0.0341652 0.0310793 0.0333676 0.0318108 0.0334515 0.0318007 0.0333704 0.0333978 0.0318498 0.0325934 0.0325707 0.0330233 0.0325666 0.0312059 0.0318303 0.0302655 0.0302655 0.0296903 0.0295091 0.0295091 
KU188508.1_Symbiodinium_sp.                                        0.0685493 0.0625824 0.0356218 0.0334297 0.0318807 0.0136795 0.0114711 0.0078463 0.0100090 0.0071299 0.0078657 0.0000000 0.0085765 0.0078514 0.0064132 0.0056915 0.0056915 0.0064334 0.0071232 0.0064215 0.0049758 0.0064150 0.0056908 0.0042581 0.0042596 0.0049735 0.0035466 0.0035488 0.0028345 0.0042585 0.0028345 0.0028345 0.0028695 0.0035480 0.0035453 0.0035453 0.0036028 0.0389865 0.0350848 0.0349900 0.0342151 0.0342151 0.0332346 0.0327106 0.0334671 0.0334506 0.0326585 0.0326474 0.0326474 0.0330681 0.0242194 0.0249424 0.0309608 0.0241411 0.0294581 0.0275091 0.0389466 0.0413046 0.0388971 0.0364359 0.0410674 0.0412500 0.0397582 0.0420251 0.0413424 0.0404410 0.0404881 0.0411671 0.0413122 0.0421133 0.0412410 0.0395554 0.0388787 0.0342064 0.0341718 0.0357821 0.0357821 0.0365480 0.0373286 0.0364705 0.0341360 0.0342800 0.0357230 0.0349579 0.0350423 0.0325981 0.0341869 0.0341366 0.0312032 0.0333923 0.0341315 0.0334173 0.0325477 0.0333986 0.0294942 0.0302583 0.0302583 0.0317798 0.0325782 0.0310803 0.0334834 0.0311091 0.0318293 0.0310448 0.0325896 0.0325935 0.0325632 0.0310809 0.0318794 0.0303053 0.0318315 0.0287644 0.0310404 0.0294941 0.0311181 0.0294848 0.0310430 0.0310683 0.0295302 0.0302710 0.0302501 0.0306691 0.0302464 0.0288812 0.0295121 0.0279589 0.0279589 0.0273729 0.0272064 0.0272064 
AB055917.1_Symbiodinium_sp.                                        0.0719557 0.0617112 0.0355601 0.0357060 0.0341505 0.0107364 0.0085543 0.0107278 0.0071086 0.0100082 0.0107544 0.0085765 0.0000000 0.0049679 0.0035427 0.0028296 0.0028296 0.0093174 0.0099989 0.0093001 0.0078398 0.0092907 0.0085716 0.0071263 0.0071289 0.0064019 0.0064104 0.0064145 0.0056926 0.0056846 0.0056841 0.0056841 0.0057544 0.0049729 0.0049692 0.0049692 0.0043258 0.0412902 0.0373740 0.0372726 0.0364948 0.0364948 0.0347704 0.0342570 0.0357457 0.0357280 0.0349315 0.0349196 0.0349196 0.0353700 0.0272280 0.0279517 0.0324538 0.0271397 0.0309489 0.0290131 0.0412534 0.0436207 0.0412009 0.0379445 0.0425841 0.0403735 0.0388862 0.0411457 0.0404636 0.0395684 0.0411709 0.0418474 0.0419948 0.0436418 0.0419224 0.0410710 0.0403966 0.0357142 0.0356780 0.0357488 0.0357488 0.0372340 0.0364683 0.0379807 0.0356406 0.0357913 0.0372328 0.0364663 0.0365545 0.0340994 0.0356938 0.0356412 0.0327083 0.0348964 0.0356358 0.0349226 0.0340466 0.0349031 0.0309868 0.0317526 0.0317526 0.0332771 0.0340786 0.0325791 0.0349917 0.0326095 0.0333290 0.0325420 0.0340906 0.0340947 0.0340630 0.0325800 0.0333815 0.0318022 0.0333313 0.0317997 0.0325373 0.0309869 0.0326189 0.0309771 0.0325401 0.0325667 0.0310247 0.0317661 0.0317441 0.0321840 0.0317402 0.0303801 0.0310058 0.0294477 0.0294477 0.0288695 0.0286939 0.0286939 
AJ271757.1_Symbiodinium_sp.                                        0.0710734 0.0608620 0.0347845 0.0349164 0.0333644 0.0100074 0.0078311 0.0099994 0.0063893 0.0092811 0.0100242 0.0078514 0.0049679 0.0000000 0.0028304 0.0021194 0.0021194 0.0085892 0.0092724 0.0085733 0.0071177 0.0085647 0.0078469 0.0064052 0.0064075 0.0056830 0.0056906 0.0056942 0.0049744 0.0049675 0.0049670 0.0049670 0.0050283 0.0042569 0.0042537 0.0042537 0.0043227 0.0404867 0.0365786 0.0364796 0.0357034 0.0357034 0.0347460 0.0342327 0.0349553 0.0349380 0.0341436 0.0341320 0.0341320 0.0345717 0.0264573 0.0271804 0.0316750 0.0263716 0.0301727 0.0282319 0.0404507 0.0428131 0.0403993 0.0371523 0.0417832 0.0419690 0.0404785 0.0427440 0.0420630 0.0411596 0.0412075 0.0418847 0.0412506 0.0428337 0.0419598 0.0402721 0.0395972 0.0349245 0.0348892 0.0349583 0.0349583 0.0372666 0.0380473 0.0371876 0.0348526 0.0349997 0.0364407 0.0356756 0.0357617 0.0333147 0.0349046 0.0348533 0.0319229 0.0341094 0.0348480 0.0341350 0.0332632 0.0341160 0.0302096 0.0309738 0.0309738 0.0324952 0.0332944 0.0317971 0.0342025 0.0318267 0.0325459 0.0317609 0.0333060 0.0333100 0.0332791 0.0317979 0.0325970 0.0310219 0.0325481 0.0310196 0.0317564 0.0302096 0.0318359 0.0302001 0.0317590 0.0317849 0.0302465 0.0309869 0.0309655 0.0313940 0.0309617 0.0296002 0.0302280 0.0286740 0.0286740 0.0280923 0.0279215 0.0279215 
AB863030.1_Symbiodinium_sp.                                        0.0693710 0.0592187 0.0332142 0.0333734 0.0318270 0.0085635 0.0063967 0.0085567 0.0049612 0.0078403 0.0085779 0.0064132 0.0035427 0.0028304 0.0000000 0.0007046 0.0007046 0.0071458 0.0078329 0.0071326 0.0056847 0.0071254 0.0064096 0.0049736 0.0049754 0.0042552 0.0042609 0.0042636 0.0035473 0.0035423 0.0035420 0.0035420 0.0035857 0.0028332 0.0028311 0.0028311 0.0028769 0.0389205 0.0350255 0.0349310 0.0341574 0.0341574 0.0331777 0.0326542 0.0334107 0.0333942 0.0326035 0.0325924 0.0325924 0.0330117 0.0249452 0.0256677 0.0301507 0.0248645 0.0286523 0.0267004 0.0388860 0.0412402 0.0388366 0.0356057 0.0402227 0.0404010 0.0389126 0.0411738 0.0404912 0.0395952 0.0396412 0.0403201 0.0404618 0.0412599 0.0403922 0.0387147 0.0380381 0.0333813 0.0333477 0.0334135 0.0334135 0.0357148 0.0364928 0.0356394 0.0333128 0.0334529 0.0348937 0.0341310 0.0342131 0.0317800 0.0333624 0.0333135 0.0303860 0.0325709 0.0333085 0.0325953 0.0317310 0.0325771 0.0286873 0.0294489 0.0294489 0.0309656 0.0317607 0.0302667 0.0326596 0.0302947 0.0310138 0.0302323 0.0317717 0.0317755 0.0317461 0.0302674 0.0310624 0.0294945 0.0310158 0.0294923 0.0302280 0.0286873 0.0303034 0.0286783 0.0302305 0.0302551 0.0287223 0.0294613 0.0294410 0.0298478 0.0294374 0.0280723 0.0287047 0.0271575 0.0271575 0.0265684 0.0264072 0.0264072 
AB016579.1_Symbiodinium_sp.                                        0.0684567 0.0583455 0.0324028 0.0325760 0.0310338 0.0078372 0.0056768 0.0078310 0.0042456 0.0071160 0.0078504 0.0056915 0.0028296 0.0021194 0.0007046 0.0000000 0.0000010 0.0064208 0.0071094 0.0064090 0.0049661 0.0064025 0.0056882 0.0042562 0.0042577 0.0035403 0.0035450 0.0035473 0.0028332 0.0028293 0.0028290 0.0028290 0.0028639 0.0021215 0.0021199 0.0021199 0.0021542 0.0381061 0.0342214 0.0341293 0.0333577 0.0333577 0.0323674 0.0318391 0.0326123 0.0325963 0.0318082 0.0317974 0.0317974 0.0322058 0.0241707 0.0248923 0.0293656 0.0240927 0.0278705 0.0259145 0.0380724 0.0404204 0.0380242 0.0348045 0.0394102 0.0395844 0.0380984 0.0403554 0.0396726 0.0387813 0.0388262 0.0395054 0.0396439 0.0404396 0.0395759 0.0379051 0.0372282 0.0325838 0.0325510 0.0326151 0.0326151 0.0349107 0.0356867 0.0348372 0.0325170 0.0326534 0.0340928 0.0333320 0.0334120 0.0309882 0.0325654 0.0325177 0.0295943 0.0317765 0.0325128 0.0318002 0.0309405 0.0317825 0.0279046 0.0286642 0.0286642 0.0301771 0.0309694 0.0294784 0.0318628 0.0295056 0.0302239 0.0294449 0.0309801 0.0309838 0.0309552 0.0294790 0.0302712 0.0287084 0.0302259 0.0287062 0.0294408 0.0279044 0.0295140 0.0278957 0.0294432 0.0294670 0.0279384 0.0286761 0.0286564 0.0290517 0.0286530 0.0272872 0.0279214 0.0263789 0.0263789 0.0257866 0.0256304 0.0256304 
AB016572.1_Symbiodinium_sp.                                        0.0684567 0.0583455 0.0324028 0.0325760 0.0310338 0.0078372 0.0056768 0.0078310 0.0042456 0.0071160 0.0078504 0.0056915 0.0028296 0.0021194 0.0007046 0.0000010 0.0000000 0.0064208 0.0071094 0.0064090 0.0049661 0.0064025 0.0056882 0.0042562 0.0042577 0.0035403 0.0035450 0.0035473 0.0028332 0.0028293 0.0028290 0.0028290 0.0028639 0.0021215 0.0021199 0.0021199 0.0021542 0.0381061 0.0342214 0.0341293 0.0333577 0.0333577 0.0323674 0.0318391 0.0326123 0.0325963 0.0318082 0.0317974 0.0317974 0.0322058 0.0241707 0.0248923 0.0293656 0.0240927 0.0278705 0.0259145 0.0380724 0.0404204 0.0380242 0.0348045 0.0394102 0.0395844 0.0380984 0.0403554 0.0396726 0.0387813 0.0388262 0.0395054 0.0396439 0.0404396 0.0395759 0.0379051 0.0372282 0.0325838 0.0325510 0.0326151 0.0326151 0.0349107 0.0356867 0.0348372 0.0325170 0.0326534 0.0340928 0.0333320 0.0334120 0.0309882 0.0325654 0.0325177 0.0295943 0.0317765 0.0325128 0.0318002 0.0309405 0.0317825 0.0279046 0.0286642 0.0286642 0.0301771 0.0309694 0.0294784 0.0318628 0.0295056 0.0302239 0.0294449 0.0309801 0.0309838 0.0309552 0.0294790 0.0302712 0.0287084 0.0302259 0.0287062 0.0294408 0.0279044 0.0295140 0.0278957 0.0294432 0.0294670 0.0279384 0.0286761 0.0286564 0.0290517 0.0286530 0.0272872 0.0279214 0.0263789 0.0263789 0.0257866 0.0256304 0.0256304 
L13717.1_Symbiodinium_corculorum                                   0.0662377 0.0602635 0.0332747 0.0327324 0.0311825 0.0144403 0.0122235 0.0085836 0.0107541 0.0078649 0.0014193 0.0064334 0.0093174 0.0085892 0.0071458 0.0064208 0.0064208 0.0000000 0.0021262 0.0014198 0.0014166 0.0014184 0.0064297 0.0049892 0.0049910 0.0056999 0.0042742 0.0042770 0.0035584 0.0049822 0.0035530 0.0035530 0.0035970 0.0042695 0.0042663 0.0042663 0.0043357 0.0375168 0.0343865 0.0342935 0.0335181 0.0335181 0.0325254 0.0311790 0.0327691 0.0327529 0.0319607 0.0319498 0.0319498 0.0323621 0.0250252 0.0257499 0.0317894 0.0249440 0.0302816 0.0283348 0.0405991 0.0429705 0.0405474 0.0372876 0.0419358 0.0421230 0.0406271 0.0429009 0.0422178 0.0413104 0.0413587 0.0420380 0.0421868 0.0429913 0.0413163 0.0404192 0.0397421 0.0350518 0.0350162 0.0366341 0.0366341 0.0374027 0.0381864 0.0373232 0.0349793 0.0351275 0.0365735 0.0358056 0.0358923 0.0334356 0.0350317 0.0349800 0.0320392 0.0326760 0.0349747 0.0327203 0.0333837 0.0342400 0.0287965 0.0280409 0.0280409 0.0326129 0.0334152 0.0319125 0.0343272 0.0319423 0.0326640 0.0318760 0.0334269 0.0334310 0.0333998 0.0319132 0.0327155 0.0311344 0.0326662 0.0295872 0.0318714 0.0303188 0.0319515 0.0303092 0.0318741 0.0319002 0.0303560 0.0310990 0.0310775 0.0315091 0.0310736 0.0297077 0.0303374 0.0287774 0.0287774 0.0281942 0.0280223 0.0280223 
AB055918.1_Symbiodinium_sp.                                        0.0667628 0.0608012 0.0339039 0.0333534 0.0318080 0.0151085 0.0128968 0.0092664 0.0114308 0.0085499 0.0035450 0.0071232 0.0099989 0.0092724 0.0078329 0.0071094 0.0071094 0.0021262 0.0000000 0.0021223 0.0021176 0.0021202 0.0071192 0.0056820 0.0056841 0.0063900 0.0049692 0.0049724 0.0042552 0.0056741 0.0042488 0.0042488 0.0043012 0.0049637 0.0049600 0.0049600 0.0050404 0.0388966 0.0350043 0.0349099 0.0341368 0.0341368 0.0331574 0.0318195 0.0333906 0.0333741 0.0325839 0.0325729 0.0325729 0.0329916 0.0256678 0.0263896 0.0324099 0.0255848 0.0309071 0.0289735 0.0411970 0.0435610 0.0411446 0.0378929 0.0425262 0.0427154 0.0412253 0.0434907 0.0428112 0.0419049 0.0419538 0.0426295 0.0427799 0.0435820 0.0427060 0.0410151 0.0403415 0.0356656 0.0356295 0.0372436 0.0372436 0.0380096 0.0387908 0.0379290 0.0355921 0.0357424 0.0371822 0.0364167 0.0365046 0.0340531 0.0356452 0.0355928 0.0326637 0.0348490 0.0355874 0.0333410 0.0340004 0.0348557 0.0294273 0.0286740 0.0286740 0.0332320 0.0340324 0.0325349 0.0349441 0.0325652 0.0332838 0.0324979 0.0340443 0.0340484 0.0340168 0.0325357 0.0333361 0.0317590 0.0332861 0.0302162 0.0324932 0.0309449 0.0325746 0.0309352 0.0324959 0.0325225 0.0309827 0.0317231 0.0317011 0.0321398 0.0316972 0.0295805 0.0309638 0.0294078 0.0294078 0.0288303 0.0286551 0.0286551 
X62650.1_S.pilosum                                                 0.0661072 0.0601468 0.0332109 0.0326706 0.0311236 0.0144136 0.0122009 0.0085677 0.0107342 0.0078504 0.0028406 0.0064215 0.0093001 0.0085733 0.0071326 0.0064090 0.0064090 0.0014198 0.0021223 0.0000000 0.0014140 0.0014158 0.0064178 0.0049800 0.0049818 0.0056894 0.0042664 0.0042691 0.0035518 0.0049730 0.0035465 0.0035465 0.0035903 0.0042616 0.0042584 0.0042584 0.0043276 0.0382181 0.0343213 0.0342287 0.0334547 0.0334547 0.0324629 0.0311188 0.0327071 0.0326910 0.0319004 0.0318896 0.0318896 0.0323003 0.0249783 0.0257017 0.0317297 0.0248974 0.0302248 0.0282811 0.0405220 0.0428887 0.0404704 0.0372172 0.0418565 0.0420429 0.0405498 0.0428194 0.0421373 0.0412320 0.0412801 0.0419583 0.0421065 0.0429094 0.0420337 0.0403427 0.0396667 0.0349855 0.0349500 0.0365648 0.0365648 0.0373319 0.0381140 0.0372526 0.0349133 0.0350609 0.0365044 0.0357379 0.0358243 0.0333726 0.0349655 0.0349140 0.0319785 0.0341689 0.0349087 0.0326585 0.0333209 0.0341754 0.0287425 0.0279882 0.0279882 0.0325516 0.0333522 0.0318524 0.0342622 0.0318820 0.0326024 0.0318160 0.0333639 0.0333679 0.0333369 0.0318531 0.0326537 0.0310758 0.0326046 0.0295316 0.0318114 0.0302619 0.0318912 0.0302523 0.0318141 0.0318401 0.0302989 0.0310406 0.0310191 0.0314491 0.0310153 0.0296516 0.0302803 0.0287235 0.0287235 0.0281410 0.0279697 0.0279697 
AB016723.1_Symbiodinium_sp.                                        0.0659363 0.0599949 0.0331297 0.0310635 0.0295258 0.0129228 0.0107240 0.0071130 0.0092681 0.0063990 0.0028342 0.0049758 0.0078398 0.0071177 0.0056847 0.0049661 0.0049661 0.0014166 0.0021176 0.0014140 0.0000000 0.0014126 0.0049730 0.0035438 0.0035451 0.0042511 0.0028336 0.0028354 0.0021231 0.0035389 0.0021200 0.0021200 0.0021461 0.0028305 0.0028283 0.0028283 0.0028741 0.0381251 0.0342383 0.0341461 0.0333741 0.0333741 0.0323835 0.0310424 0.0326284 0.0326124 0.0318238 0.0318130 0.0318130 0.0322218 0.0234180 0.0241393 0.0301367 0.0233425 0.0286390 0.0266878 0.0388675 0.0412206 0.0388182 0.0355890 0.0402037 0.0403818 0.0388941 0.0411542 0.0404719 0.0395765 0.0396224 0.0403010 0.0404426 0.0412403 0.0403730 0.0386964 0.0380201 0.0333656 0.0333320 0.0349348 0.0349348 0.0356979 0.0364756 0.0356226 0.0332972 0.0334371 0.0348773 0.0341149 0.0341970 0.0317651 0.0333468 0.0332979 0.0303718 0.0325557 0.0332928 0.0310524 0.0317161 0.0325618 0.0271628 0.0279216 0.0279216 0.0309512 0.0317458 0.0302526 0.0326442 0.0302806 0.0309992 0.0302182 0.0317568 0.0317607 0.0317312 0.0302532 0.0310478 0.0294807 0.0310013 0.0279460 0.0302139 0.0286739 0.0302892 0.0286649 0.0302164 0.0302409 0.0287089 0.0294475 0.0294272 0.0298337 0.0294237 0.0280592 0.0286914 0.0271449 0.0271449 0.0265560 0.0263950 0.0263950 
AB016724.1_Symbiodinium_sp.                                        0.0660350 0.0600824 0.0331756 0.0326364 0.0310912 0.0143989 0.0121885 0.0085591 0.0107233 0.0078424 0.0028378 0.0064150 0.0092907 0.0085647 0.0071254 0.0064025 0.0064025 0.0014184 0.0021202 0.0014158 0.0014126 0.0000000 0.0064114 0.0049750 0.0049768 0.0056837 0.0042621 0.0042648 0.0035482 0.0049680 0.0035429 0.0035429 0.0035867 0.0042573 0.0042542 0.0042542 0.0043232 0.0381779 0.0342853 0.0341929 0.0334198 0.0334198 0.0324284 0.0310856 0.0326729 0.0326569 0.0318671 0.0318563 0.0318563 0.0322662 0.0249524 0.0256751 0.0316968 0.0248717 0.0301935 0.0282515 0.0404794 0.0428435 0.0404279 0.0371783 0.0418127 0.0419987 0.0405071 0.0427743 0.0420929 0.0411887 0.0412367 0.0419143 0.0420622 0.0428642 0.0419895 0.0403005 0.0396251 0.0349489 0.0349135 0.0365265 0.0365265 0.0372927 0.0380740 0.0372137 0.0348769 0.0350242 0.0364662 0.0357005 0.0357868 0.0333378 0.0349290 0.0348776 0.0319451 0.0341332 0.0348723 0.0326244 0.0332862 0.0341397 0.0287126 0.0279592 0.0279592 0.0325177 0.0333175 0.0318192 0.0342263 0.0318488 0.0325685 0.0317829 0.0333292 0.0333332 0.0333022 0.0318199 0.0326197 0.0310434 0.0325707 0.0295009 0.0317784 0.0302304 0.0318579 0.0302209 0.0317810 0.0318070 0.0302674 0.0310083 0.0309868 0.0314160 0.0309830 0.0296207 0.0302489 0.0286937 0.0286937 0.0281117 0.0279407 0.0279407 
KU188515.1_Symbiodinium_sp.                                        0.0685020 0.0625404 0.0355990 0.0334089 0.0318609 0.0136714 0.0114645 0.0078418 0.0100033 0.0071258 0.0078612 0.0056908 0.0085716 0.0078469 0.0064096 0.0056882 0.0056882 0.0064297 0.0071192 0.0064178 0.0049730 0.0064114 0.0000000 0.0042557 0.0042572 0.0049706 0.0035446 0.0035468 0.0028329 0.0042561 0.0028329 0.0028329 0.0028679 0.0035459 0.0035433 0.0035433 0.0028780 0.0389618 0.0350628 0.0349681 0.0341937 0.0341937 0.0324294 0.0319005 0.0334462 0.0334297 0.0326382 0.0326271 0.0326271 0.0330472 0.0242047 0.0249272 0.0309417 0.0241264 0.0294399 0.0274920 0.0397057 0.0420663 0.0396553 0.0364131 0.0410414 0.0412237 0.0397330 0.0419984 0.0413161 0.0404154 0.0404624 0.0411410 0.0412860 0.0420865 0.0412148 0.0395305 0.0388541 0.0341850 0.0341504 0.0357597 0.0357597 0.0365250 0.0373051 0.0364477 0.0341147 0.0342585 0.0357007 0.0349361 0.0350203 0.0325779 0.0341656 0.0341154 0.0311838 0.0333715 0.0341102 0.0333965 0.0325275 0.0333778 0.0294760 0.0302396 0.0302396 0.0317601 0.0325580 0.0310610 0.0334625 0.0310898 0.0318096 0.0310256 0.0325694 0.0325733 0.0325430 0.0310617 0.0318596 0.0302866 0.0318117 0.0287467 0.0310212 0.0294760 0.0310988 0.0294667 0.0310238 0.0310491 0.0295120 0.0302524 0.0302314 0.0306499 0.0302278 0.0288633 0.0294939 0.0279418 0.0279418 0.0273560 0.0271897 0.0271897 
KU188511.1_Symbiodinium_sp.                                        0.0667549 0.0608429 0.0339991 0.0318459 0.0303047 0.0122032 0.0100080 0.0064010 0.0085542 0.0056873 0.0064168 0.0042581 0.0071263 0.0064052 0.0049736 0.0042562 0.0042562 0.0049892 0.0056820 0.0049800 0.0035438 0.0049750 0.0042557 0.0000000 0.0028315 0.0035422 0.0021218 0.0021231 0.0014131 0.0028308 0.0014131 0.0014131 0.0014305 0.0021226 0.0021210 0.0021210 0.0021552 0.0373711 0.0334883 0.0333982 0.0326271 0.0326271 0.0316251 0.0310914 0.0318815 0.0318659 0.0310786 0.0310680 0.0310680 0.0314672 0.0226828 0.0234043 0.0293970 0.0226096 0.0279002 0.0259425 0.0381134 0.0404639 0.0380651 0.0348417 0.0394524 0.0396270 0.0381395 0.0403988 0.0397153 0.0388230 0.0388680 0.0395479 0.0396866 0.0404832 0.0396185 0.0379457 0.0372682 0.0326187 0.0325859 0.0341857 0.0341857 0.0349482 0.0357251 0.0348745 0.0325519 0.0326885 0.0341294 0.0333677 0.0326844 0.0310214 0.0326003 0.0325526 0.0296261 0.0318105 0.0325476 0.0318343 0.0309736 0.0318165 0.0279344 0.0286948 0.0286948 0.0302094 0.0310025 0.0295100 0.0318970 0.0295372 0.0302563 0.0294764 0.0310132 0.0310170 0.0309883 0.0295105 0.0303036 0.0287391 0.0302583 0.0272063 0.0294722 0.0279342 0.0295457 0.0279255 0.0294746 0.0294985 0.0279683 0.0287068 0.0286870 0.0290832 0.0286836 0.0273164 0.0279513 0.0264071 0.0264071 0.0258143 0.0256578 0.0256578 
KU188514.1_Symbiodinium_sp.                                        0.0667849 0.0608695 0.0340131 0.0318587 0.0303168 0.0122078 0.0100116 0.0064033 0.0085573 0.0056894 0.0064192 0.0042596 0.0071289 0.0064075 0.0049754 0.0042577 0.0042577 0.0049910 0.0056841 0.0049818 0.0035451 0.0049768 0.0042572 0.0028315 0.0000000 0.0035434 0.0021225 0.0021239 0.0014136 0.0028318 0.0014136 0.0014136 0.0014311 0.0021234 0.0021218 0.0021218 0.0021552 0.0373864 0.0335018 0.0334117 0.0326402 0.0326402 0.0316380 0.0311042 0.0318943 0.0318787 0.0310910 0.0310805 0.0310805 0.0314800 0.0226917 0.0234134 0.0294086 0.0226184 0.0279112 0.0259528 0.0381290 0.0404806 0.0380806 0.0348558 0.0394685 0.0396433 0.0381551 0.0404154 0.0397317 0.0388389 0.0388839 0.0395641 0.0397029 0.0404999 0.0396347 0.0379612 0.0372834 0.0326318 0.0325989 0.0341995 0.0341995 0.0349624 0.0357396 0.0348886 0.0325649 0.0327017 0.0341432 0.0333812 0.0334614 0.0310338 0.0326134 0.0325656 0.0296379 0.0318233 0.0325607 0.0318471 0.0309859 0.0318293 0.0279454 0.0287062 0.0287062 0.0302214 0.0310149 0.0295217 0.0319098 0.0295490 0.0302683 0.0294881 0.0310256 0.0310294 0.0310006 0.0295223 0.0303157 0.0287505 0.0302703 0.0272171 0.0294839 0.0279453 0.0295574 0.0279365 0.0294864 0.0295103 0.0279794 0.0287182 0.0286983 0.0290949 0.0286949 0.0273273 0.0279623 0.0264175 0.0264175 0.0258245 0.0256678 0.0256678 
AF238256.1_Symbiodinium_sp._Type_A                                 0.0675743 0.0599643 0.0331817 0.0325760 0.0310338 0.0114643 0.0092761 0.0071097 0.0078270 0.0063960 0.0071273 0.0049735 0.0064019 0.0056830 0.0042552 0.0035403 0.0035403 0.0056999 0.0063900 0.0056894 0.0042511 0.0056837 0.0049706 0.0035422 0.0035434 0.0000000 0.0028323 0.0028341 0.0021221 0.0021192 0.0021190 0.0021190 0.0021451 0.0014125 0.0014114 0.0014114 0.0014340 0.0381062 0.0342214 0.0341293 0.0333577 0.0333577 0.0323674 0.0318391 0.0326123 0.0325963 0.0318082 0.0317974 0.0317974 0.0322057 0.0234067 0.0241276 0.0301220 0.0233312 0.0286250 0.0266747 0.0388482 0.0412001 0.0387990 0.0355715 0.0401838 0.0403617 0.0388748 0.0411338 0.0404518 0.0395569 0.0396027 0.0402811 0.0404225 0.0412198 0.0403530 0.0386773 0.0380013 0.0333492 0.0333156 0.0349175 0.0349175 0.0356803 0.0364576 0.0356050 0.0332809 0.0334207 0.0348601 0.0340981 0.0341801 0.0317496 0.0333304 0.0332815 0.0303568 0.0325397 0.0332765 0.0325640 0.0317006 0.0325459 0.0286600 0.0294209 0.0294209 0.0309361 0.0317303 0.0302378 0.0326281 0.0302657 0.0309841 0.0302034 0.0317413 0.0317451 0.0317157 0.0302384 0.0310326 0.0294663 0.0309861 0.0279324 0.0301991 0.0286599 0.0302744 0.0286510 0.0302016 0.0302261 0.0286949 0.0294332 0.0294129 0.0298189 0.0294094 0.0280454 0.0286774 0.0271317 0.0271317 0.0265430 0.0263821 0.0263821 
KU188513.1_Symbiodinium_sp.                                        0.0659393 0.0600455 0.0332271 0.0310900 0.0295510 0.0114796 0.0092884 0.0056869 0.0078374 0.0049739 0.0057009 0.0035466 0.0064104 0.0056906 0.0042609 0.0035450 0.0035450 0.0042742 0.0049692 0.0042664 0.0028336 0.0042621 0.0035446 0.0021218 0.0021225 0.0028323 0.0000000 0.0014147 0.0007056 0.0021220 0.0007056 0.0007056 0.0007149 0.0014143 0.0014133 0.0014133 0.0014361 0.0366060 0.0327281 0.0326402 0.0318700 0.0318700 0.0308568 0.0303179 0.0311249 0.0311096 0.0303238 0.0303135 0.0303135 0.0307029 0.0219402 0.0226616 0.0286481 0.0218695 0.0271527 0.0251888 0.0373482 0.0396956 0.0373008 0.0340841 0.0386897 0.0388608 0.0373736 0.0396318 0.0389473 0.0380582 0.0381023 0.0387833 0.0389192 0.0397145 0.0388524 0.0371839 0.0365054 0.0318619 0.0318298 0.0334263 0.0334263 0.0341881 0.0349639 0.0341161 0.0317966 0.0319300 0.0333712 0.0326104 0.0326887 0.0302680 0.0318439 0.0317973 0.0288712 0.0310556 0.0317925 0.0310789 0.0302214 0.0310615 0.0271860 0.0279454 0.0279454 0.0294582 0.0302496 0.0287582 0.0311400 0.0287847 0.0295039 0.0287254 0.0302601 0.0302638 0.0302357 0.0287587 0.0295501 0.0279884 0.0295058 0.0264580 0.0287214 0.0271858 0.0287929 0.0271773 0.0287237 0.0287470 0.0272190 0.0279570 0.0279378 0.0283235 0.0279345 0.0265651 0.0272024 0.0256609 0.0256609 0.0250643 0.0249124 0.0249124 
KU188510.1_Symbiodinium_sp.                                        0.0659893 0.0600899 0.0332505 0.0311115 0.0295713 0.0114871 0.0092943 0.0056905 0.0078424 0.0049770 0.0057046 0.0035488 0.0064145 0.0056942 0.0042636 0.0035473 0.0035473 0.0042770 0.0049724 0.0042691 0.0028354 0.0042648 0.0035468 0.0021231 0.0021239 0.0028341 0.0014147 0.0000000 0.0007067 0.0021233 0.0007067 0.0007067 0.0007154 0.0014152 0.0014142 0.0014142 0.0014361 0.0366316 0.0327508 0.0326628 0.0318920 0.0318920 0.0308784 0.0303393 0.0311463 0.0311311 0.0303446 0.0303344 0.0303344 0.0307242 0.0219550 0.0226769 0.0286676 0.0218842 0.0271712 0.0252060 0.0373743 0.0397236 0.0373269 0.0341076 0.0387167 0.0388880 0.0373998 0.0396596 0.0389746 0.0380849 0.0381290 0.0388104 0.0389465 0.0397425 0.0388797 0.0372098 0.0365308 0.0318838 0.0318517 0.0334494 0.0334494 0.0342118 0.0349882 0.0341397 0.0318185 0.0319520 0.0333943 0.0326329 0.0327113 0.0302888 0.0318659 0.0318192 0.0288910 0.0310770 0.0318144 0.0311003 0.0302421 0.0310829 0.0272045 0.0279645 0.0279645 0.0294784 0.0302704 0.0287779 0.0311615 0.0288044 0.0295241 0.0287450 0.0302808 0.0302845 0.0302565 0.0287784 0.0295703 0.0280076 0.0295260 0.0264760 0.0287410 0.0272043 0.0288126 0.0271958 0.0287434 0.0287667 0.0272375 0.0279761 0.0279568 0.0283430 0.0279535 0.0265832 0.0272209 0.0256783 0.0256783 0.0250814 0.0249293 0.0249293 
KU188509.1_Symbiodinium_sp.                                        0.0650835 0.0592137 0.0324382 0.0303189 0.0287829 0.0107505 0.0085655 0.0049712 0.0071179 0.0042592 0.0049834 0.0028345 0.0056926 0.0049744 0.0035473 0.0028332 0.0028332 0.0035584 0.0042552 0.0035518 0.0021231 0.0035482 0.0028329 0.0014131 0.0014136 0.0021221 0.0007056 0.0007067 0.0000000 0.0014133 0.0000010 0.0000010 0.0000010 0.0007060 0.0007056 0.0007056 0.0007177 0.0358222 0.0319516 0.0318659 0.0310972 0.0310972 0.0300731 0.0295292 0.0303529 0.0303380 0.0295541 0.0295441 0.0295441 0.0299232 0.0211876 0.0219086 0.0278854 0.0211193 0.0263922 0.0244231 0.0365637 0.0389067 0.0365174 0.0333093 0.0379071 0.0380744 0.0365886 0.0388442 0.0381590 0.0372739 0.0373169 0.0379987 0.0381316 0.0389252 0.0380663 0.0364032 0.0357239 0.0310892 0.0310580 0.0326501 0.0326501 0.0334107 0.0341850 0.0333405 0.0310256 0.0311555 0.0325964 0.0318369 0.0319132 0.0294999 0.0310717 0.0310263 0.0281022 0.0302854 0.0310217 0.0303081 0.0294545 0.0302911 0.0264245 0.0271826 0.0271826 0.0286928 0.0294820 0.0279924 0.0303676 0.0280181 0.0287371 0.0279605 0.0294921 0.0294957 0.0294684 0.0279929 0.0287821 0.0272243 0.0287390 0.0256971 0.0279567 0.0264243 0.0280261 0.0264161 0.0279589 0.0279815 0.0264566 0.0271938 0.0271751 0.0275499 0.0271719 0.0258009 0.0264404 0.0249027 0.0249027 0.0243024 0.0241553 0.0241553 
