130
GU362426_Gymnodinium_catenatum                                     0.0000000 0.0454426 0.0658825 0.0705860 0.0688740 0.0773714 0.0755087 0.0693995 0.0736822 0.0649277 0.0679587 0.0686579 0.0720702 0.0711866 0.0694794 0.0685636 0.0685636 0.0663410 0.0668660 0.0662130 0.0660377 0.0661403 0.0686119 0.0668590 0.0668892 0.0676808 0.0660414 0.0660910 0.0651847 0.0668159 0.0651322 0.0651322 0.0660160 0.0660117 0.0659585 0.0659585 0.0653935 0.0735684 0.0674664 0.0672693 0.0664265 0.0664265 0.0659158 0.0665841 0.0665797 0.0656040 0.0656528 0.0665058 0.0665058 0.0674064 0.0630398 0.0628766 0.0678470 0.0636361 0.0662266 0.0645292 0.0743081 0.0768911 0.0742010 0.0695910 0.0695238 0.0750747 0.0732878 0.0767616 0.0761110 0.0750130 0.0742595 0.0731631 0.0734470 0.0769461 0.0742092 0.0739515 0.0715672 0.0697847 0.0697074 0.0698127 0.0698127 0.0724691 0.0707840 0.0705581 0.0697083 0.0708823 0.0681180 0.0706618 0.0708559 0.0636237 0.0698290 0.0697061 0.0666173 0.0689275 0.0680264 0.0657453 0.0670761 0.0680537 0.0604390 0.0596268 0.0596268 0.0670676 0.0679774 0.0663774 0.0691259 0.0664512 0.0680225 0.0663049 0.0680110 0.0680136 0.0679454 0.0672398 0.0664706 0.0655258 0.0671930 0.0612877 0.0662929 0.0662331 0.0664714 0.0645499 0.0637997 0.0663597 0.0620189 0.0654404 0.0653944 0.0663487 0.0653815 0.0640901 0.0646183 0.0628748 0.0628748 0.0633082 0.0637089 0.0637089 
EF492511                                                           0.0454426 0.0000000 0.0450742 0.0638579 0.0621928 0.0677241 0.0650965 0.0633369 0.0633485 0.0614892 0.0619127 0.0626563 0.0617809 0.0609308 0.0592839 0.0584098 0.0584098 0.0603330 0.0608706 0.0602187 0.0600630 0.0601538 0.0626155 0.0609133 0.0609400 0.0600334 0.0601144 0.0601583 0.0592812 0.0591964 0.0591874 0.0591874 0.0599743 0.0584123 0.0583661 0.0583661 0.0576601 0.0665725 0.0606579 0.0604865 0.0580499 0.0580499 0.0573806 0.0579488 0.0614679 0.0588664 0.0605710 0.0597366 0.0597366 0.0605278 0.0531827 0.0521200 0.0537686 0.0513627 0.0522060 0.0504232 0.0681294 0.0706416 0.0680334 0.0620069 0.0628051 0.0655887 0.0655077 0.0688717 0.0682196 0.0671796 0.0655688 0.0654002 0.0656464 0.0690328 0.0663947 0.0661700 0.0654780 0.0638609 0.0637926 0.0647395 0.0647395 0.0647095 0.0647093 0.0628786 0.0636821 0.0631941 0.0621463 0.0629683 0.0623103 0.0586629 0.0621585 0.0612320 0.0590656 0.0612904 0.0620448 0.0581829 0.0578610 0.0604455 0.0530667 0.0522765 0.0522765 0.0595044 0.0603800 0.0588191 0.0614615 0.0588823 0.0604188 0.0587556 0.0604085 0.0604112 0.0595348 0.0588263 0.0588992 0.0579933 0.0587954 0.0553936 0.0587459 0.0586940 0.0588996 0.0570617 0.0579334 0.0588028 0.0546323 0.0579200 0.0562723 0.0570751 0.0578697 0.0565753 0.0571208 0.0554369 0.0554369 0.0558102 0.0562465 0.0562465 
JF791031                                                           0.0658825 0.0450742 0.0000000 0.0417822 0.0401806 0.0403987 0.0387728 0.0379473 0.0371373 0.0354450 0.0348252 0.0356434 0.0355801 0.0348041 0.0332320 0.0324203 0.0324203 0.0332948 0.0339240 0.0332322 0.0331491 0.0331968 0.0356214 0.0340191 0.0340331 0.0332009 0.0332462 0.0332693 0.0324566 0.0324098 0.0324056 0.0324056 0.0328300 0.0316478 0.0316229 0.0316229 0.0313667 0.0442342 0.0402382 0.0401279 0.0393350 0.0393350 0.0392280 0.0379117 0.0393632 0.0385542 0.0385259 0.0377280 0.0377280 0.0382223 0.0322098 0.0336872 0.0375294 0.0336370 0.0359938 0.0340710 0.0449273 0.0473390 0.0448648 0.0407604 0.0431164 0.0440625 0.0449375 0.0472371 0.0465537 0.0456168 0.0456681 0.0455363 0.0457022 0.0473610 0.0464378 0.0455596 0.0448829 0.0408988 0.0408565 0.0417375 0.0417375 0.0392364 0.0424382 0.0408273 0.0400085 0.0402131 0.0416400 0.0408593 0.0393868 0.0384362 0.0400746 0.0376515 0.0362418 0.0392137 0.0384157 0.0377714 0.0375922 0.0392603 0.0329175 0.0321492 0.0321492 0.0375868 0.0384094 0.0361067 0.0393615 0.0369196 0.0368694 0.0368416 0.0384261 0.0384284 0.0360550 0.0368848 0.0369302 0.0376506 0.0360905 0.0368600 0.0352716 0.0336898 0.0369299 0.0352356 0.0368375 0.0368701 0.0337176 0.0360455 0.0360210 0.0356870 0.0360158 0.0346509 0.0352716 0.0336734 0.0336734 0.0338961 0.0329045 0.0329045 
AY160124.1_Symbiodinium_sp._G15                                    0.0705860 0.0638579 0.0417822 0.0000000 0.0014078 0.0396906 0.0388341 0.0357068 0.0372274 0.0332679 0.0342573 0.0334502 0.0357251 0.0349351 0.0333905 0.0325927 0.0325927 0.0327521 0.0333732 0.0326915 0.0310812 0.0326572 0.0334300 0.0318647 0.0318775 0.0325956 0.0311081 0.0311293 0.0303363 0.0318196 0.0302895 0.0302895 0.0306784 0.0310717 0.0310477 0.0310477 0.0300025 0.0402551 0.0363660 0.0362689 0.0354970 0.0354970 0.0345389 0.0348709 0.0355217 0.0347360 0.0347111 0.0339352 0.0339352 0.0343700 0.0309070 0.0338902 0.0361330 0.0315580 0.0346255 0.0327238 0.0434243 0.0457917 0.0433649 0.0408691 0.0439603 0.0457218 0.0450146 0.0465007 0.0458265 0.0449070 0.0433652 0.0456267 0.0457905 0.0457128 0.0457144 0.0440052 0.0433377 0.0402102 0.0401693 0.0401694 0.0401694 0.0417792 0.0410051 0.0409097 0.0377928 0.0403058 0.0401590 0.0393930 0.0394927 0.0331728 0.0386231 0.0385601 0.0356333 0.0386006 0.0385555 0.0355976 0.0354294 0.0378252 0.0308520 0.0316147 0.0316147 0.0361872 0.0369929 0.0354931 0.0379210 0.0370649 0.0370153 0.0354548 0.0370086 0.0370108 0.0362111 0.0354956 0.0363041 0.0347155 0.0362489 0.0354793 0.0354502 0.0338931 0.0355382 0.0338809 0.0354510 0.0354817 0.0331601 0.0346743 0.0346512 0.0351320 0.0346464 0.0333001 0.0339149 0.0323485 0.0323485 0.0317836 0.0315938 0.0315938 
HE653239_Symbiodinium_voratum                                      0.0688740 0.0621928 0.0401806 0.0014078 0.0000000 0.0381155 0.0372654 0.0341502 0.0356665 0.0317259 0.0327017 0.0318992 0.0341678 0.0333813 0.0318423 0.0310488 0.0310488 0.0312003 0.0318259 0.0311427 0.0295417 0.0311101 0.0318801 0.0303217 0.0303339 0.0310516 0.0295673 0.0295873 0.0287986 0.0302788 0.0287542 0.0287542 0.0291227 0.0295328 0.0295100 0.0295100 0.0284443 0.0386867 0.0348119 0.0347193 0.0339503 0.0339503 0.0329704 0.0332867 0.0339738 0.0331917 0.0331679 0.0323953 0.0323953 0.0328096 0.0293768 0.0323525 0.0345896 0.0300307 0.0330863 0.0311738 0.0418429 0.0442016 0.0417858 0.0393047 0.0423856 0.0441342 0.0434268 0.0449106 0.0442349 0.0433233 0.0417861 0.0440428 0.0442004 0.0441255 0.0441271 0.0424288 0.0417598 0.0386434 0.0386043 0.0386044 0.0386044 0.0402064 0.0394350 0.0393435 0.0362385 0.0387350 0.0385943 0.0378309 0.0379264 0.0316356 0.0370635 0.0370032 0.0340802 0.0370420 0.0369988 0.0340462 0.0338859 0.0362694 0.0293246 0.0300845 0.0300845 0.0346414 0.0354426 0.0339466 0.0363611 0.0355114 0.0354640 0.0339099 0.0354576 0.0354597 0.0346641 0.0339488 0.0347529 0.0331721 0.0347001 0.0339334 0.0339056 0.0323551 0.0339895 0.0323435 0.0339064 0.0339356 0.0316234 0.0331329 0.0331109 0.0335695 0.0331063 0.0317567 0.0323759 0.0308169 0.0308169 0.0302448 0.0300646 0.0300646 
AJ271758.1_Symbiodinium_sp.                                        0.0773714 0.0677241 0.0403987 0.0396906 0.0381155 0.0000000 0.0136462 0.0158529 0.0121731 0.0151258 0.0158933 0.0136812 0.0107372 0.0100081 0.0085639 0.0078376 0.0078376 0.0144421 0.0151104 0.0144160 0.0129241 0.0144012 0.0136734 0.0122045 0.0122091 0.0114654 0.0114807 0.0114880 0.0107515 0.0107364 0.0107353 0.0107353 0.0108701 0.0100183 0.0100107 0.0100107 0.0101746 0.0453576 0.0413912 0.0412786 0.0404915 0.0404915 0.0396006 0.0391157 0.0397419 0.0397167 0.0389116 0.0388956 0.0388956 0.0394006 0.0311127 0.0318402 0.0363823 0.0310095 0.0348639 0.0329510 0.0453231 0.0477172 0.0452606 0.0419513 0.0466441 0.0468542 0.0453574 0.0476405 0.0469627 0.0460309 0.0460824 0.0467559 0.0469254 0.0477392 0.0468465 0.0451176 0.0444465 0.0397021 0.0396616 0.0397430 0.0397430 0.0420833 0.0428741 0.0419934 0.0396215 0.0397971 0.0412363 0.0404633 0.0405667 0.0380646 0.0396863 0.0396210 0.0366714 0.0388744 0.0388415 0.0396814 0.0380007 0.0388803 0.0356827 0.0364588 0.0364588 0.0372242 0.0380384 0.0365257 0.0389796 0.0381131 0.0372817 0.0364860 0.0380548 0.0380570 0.0380205 0.0365283 0.0373456 0.0357407 0.0372883 0.0357367 0.0364812 0.0349089 0.0365726 0.0348962 0.0364820 0.0365140 0.0349516 0.0356979 0.0356739 0.0361729 0.0356688 0.0343155 0.0349315 0.0333494 0.0333494 0.0327880 0.0325880 0.0325880 
AJ271759.1_Symbiodinium_sp.                                        0.0755087 0.0650965 0.0387728 0.0388341 0.0372654 0.0136462 0.0000000 0.0136354 0.0099848 0.0129122 0.0136699 0.0114732 0.0085554 0.0078321 0.0063973 0.0056774 0.0056774 0.0122258 0.0128992 0.0122037 0.0107257 0.0121912 0.0114668 0.0100096 0.0100132 0.0092775 0.0092898 0.0092957 0.0085668 0.0085548 0.0085539 0.0085539 0.0086600 0.0078400 0.0078342 0.0078342 0.0079618 0.0444765 0.0405256 0.0404158 0.0396317 0.0396317 0.0387301 0.0382405 0.0388843 0.0388598 0.0380582 0.0380425 0.0380425 0.0385351 0.0302900 0.0310158 0.0355428 0.0301898 0.0340295 0.0321141 0.0444429 0.0468275 0.0443817 0.0410882 0.0457637 0.0459691 0.0444764 0.0467524 0.0460751 0.0451496 0.0451999 0.0458730 0.0460386 0.0468489 0.0459616 0.0442420 0.0435714 0.0388455 0.0388060 0.0388853 0.0388853 0.0412170 0.0420048 0.0411293 0.0371963 0.0389381 0.0403745 0.0396043 0.0397051 0.0372159 0.0388301 0.0387664 0.0358242 0.0380219 0.0387617 0.0380446 0.0371536 0.0380276 0.0340724 0.0348442 0.0348442 0.0363801 0.0371904 0.0356825 0.0381245 0.0357183 0.0364361 0.0356437 0.0372063 0.0372085 0.0371729 0.0356850 0.0364982 0.0349006 0.0364424 0.0348967 0.0356391 0.0340732 0.0357281 0.0340609 0.0356399 0.0356710 0.0341148 0.0348589 0.0348356 0.0353215 0.0348306 0.0334779 0.0340953 0.0325201 0.0325201 0.0319556 0.0317612 0.0317612 
AJ271754.1_Symbiodinium_sp.                                        0.0693995 0.0633369 0.0379473 0.0357068 0.0341502 0.0158529 0.0136354 0.0000000 0.0121637 0.0092765 0.0100193 0.0078471 0.0107289 0.0100005 0.0085574 0.0078317 0.0078317 0.0085846 0.0092674 0.0085690 0.0071136 0.0085604 0.0078428 0.0064016 0.0064039 0.0071104 0.0056873 0.0056909 0.0049715 0.0063926 0.0049641 0.0049641 0.0050254 0.0056810 0.0056767 0.0056767 0.0057689 0.0397364 0.0358269 0.0357307 0.0349548 0.0349548 0.0339855 0.0334652 0.0342111 0.0341897 0.0333991 0.0333854 0.0333854 0.0338156 0.0249476 0.0256705 0.0316914 0.0248656 0.0301883 0.0282455 0.0404843 0.0428476 0.0404288 0.0371776 0.0418158 0.0420020 0.0405145 0.0427792 0.0420978 0.0411921 0.0404593 0.0411379 0.0412849 0.0428668 0.0404087 0.0403024 0.0396278 0.0349445 0.0349093 0.0365244 0.0365244 0.0372928 0.0380736 0.0372142 0.0348744 0.0350270 0.0364632 0.0356991 0.0357892 0.0333368 0.0349310 0.0348741 0.0319404 0.0341327 0.0348699 0.0333763 0.0332814 0.0341377 0.0302264 0.0309914 0.0309914 0.0325145 0.0333141 0.0325753 0.0342242 0.0318467 0.0325641 0.0317806 0.0333280 0.0333301 0.0332984 0.0318171 0.0326193 0.0310408 0.0325696 0.0279625 0.0317766 0.0302269 0.0318553 0.0302161 0.0317773 0.0318047 0.0302637 0.0310041 0.0309834 0.0314139 0.0309792 0.0296176 0.0302464 0.0286893 0.0286893 0.0281063 0.0279362 0.0279362 
AJ271756.1_Symbiodinium_sp.                                        0.0736822 0.0633485 0.0371373 0.0372274 0.0356665 0.0121731 0.0099848 0.0121637 0.0000000 0.0114433 0.0121952 0.0100101 0.0071090 0.0063897 0.0049614 0.0042458 0.0042458 0.0107553 0.0114320 0.0107358 0.0092689 0.0107249 0.0100045 0.0085549 0.0085581 0.0078276 0.0078380 0.0078429 0.0071184 0.0071085 0.0071077 0.0071077 0.0071957 0.0063961 0.0063913 0.0063913 0.0064952 0.0428378 0.0389060 0.0388010 0.0380208 0.0380208 0.0370968 0.0365972 0.0372755 0.0372521 0.0364552 0.0364403 0.0364403 0.0369108 0.0287262 0.0294504 0.0339598 0.0286314 0.0324524 0.0305279 0.0428056 0.0451786 0.0427469 0.0394746 0.0441293 0.0443265 0.0428377 0.0451064 0.0444282 0.0435119 0.0435602 0.0442344 0.0443933 0.0451991 0.0443194 0.0426129 0.0419413 0.0372384 0.0372007 0.0372764 0.0372764 0.0395976 0.0403816 0.0395138 0.0356010 0.0365545 0.0387614 0.0379946 0.0380909 0.0356197 0.0372238 0.0371630 0.0342276 0.0364206 0.0371585 0.0364423 0.0355603 0.0364260 0.0324933 0.0332615 0.0332615 0.0347903 0.0355953 0.0340928 0.0365185 0.0341268 0.0348436 0.0340558 0.0356104 0.0356125 0.0355786 0.0340951 0.0349029 0.0333149 0.0348496 0.0333112 0.0340515 0.0324940 0.0341361 0.0309590 0.0340522 0.0340817 0.0325336 0.0332753 0.0332531 0.0337157 0.0332485 0.0318936 0.0325150 0.0309489 0.0309489 0.0303775 0.0301933 0.0301933 
AJ271764.1_Symbiodinium_sp.                                        0.0649277 0.0614892 0.0354450 0.0332679 0.0317259 0.0151258 0.0129122 0.0092765 0.0114433 0.0000000 0.0092997 0.0071307 0.0100094 0.0092822 0.0078410 0.0071167 0.0071167 0.0078659 0.0085509 0.0078516 0.0063996 0.0078437 0.0071268 0.0056879 0.0056899 0.0063967 0.0049743 0.0049774 0.0042595 0.0056799 0.0042531 0.0042531 0.0043057 0.0049688 0.0049651 0.0049651 0.0050456 0.0372533 0.0333791 0.0332903 0.0325215 0.0325215 0.0315208 0.0309866 0.0309988 0.0317626 0.0301996 0.0309677 0.0309677 0.0313644 0.0241032 0.0233155 0.0308115 0.0240243 0.0293163 0.0273746 0.0364315 0.0387644 0.0363819 0.0331854 0.0377686 0.0379349 0.0364584 0.0387030 0.0380202 0.0371377 0.0371781 0.0378575 0.0379913 0.0387814 0.0379291 0.0362695 0.0355932 0.0309704 0.0309396 0.0325272 0.0325272 0.0332867 0.0340576 0.0332174 0.0309090 0.0310426 0.0324731 0.0317179 0.0317970 0.0293905 0.0309587 0.0309088 0.0279945 0.0301734 0.0309051 0.0309469 0.0301184 0.0301777 0.0270725 0.0278289 0.0278289 0.0285847 0.0293706 0.0278862 0.0302535 0.0279134 0.0286278 0.0278560 0.0293826 0.0293845 0.0293568 0.0278876 0.0286758 0.0271222 0.0286325 0.0255996 0.0278527 0.0263247 0.0279208 0.0263155 0.0278532 0.0278768 0.0263566 0.0270906 0.0270727 0.0274459 0.0270692 0.0257037 0.0263417 0.0248082 0.0248082 0.0242089 0.0240636 0.0240636 
L13718.1_Symbiodinium_meandrinae                                   0.0679587 0.0619127 0.0348252 0.0342573 0.0327017 0.0158933 0.0136699 0.0100193 0.0121952 0.0092997 0.0000000 0.0078667 0.0107558 0.0100254 0.0085788 0.0078512 0.0078512 0.0014194 0.0035452 0.0028410 0.0028344 0.0028381 0.0078623 0.0064175 0.0064198 0.0071281 0.0057015 0.0057050 0.0049839 0.0064085 0.0049764 0.0049764 0.0050380 0.0056951 0.0056908 0.0056908 0.0057835 0.0398431 0.0359224 0.0358257 0.0350477 0.0350477 0.0340771 0.0327358 0.0343019 0.0342805 0.0334875 0.0334737 0.0334737 0.0339063 0.0265244 0.0272497 0.0333030 0.0264368 0.0317923 0.0298566 0.0421609 0.0445386 0.0421029 0.0388265 0.0434909 0.0436857 0.0421926 0.0444672 0.0437860 0.0428698 0.0429174 0.0435946 0.0437516 0.0445588 0.0428776 0.0419706 0.0412961 0.0365843 0.0365471 0.0381749 0.0381749 0.0389476 0.0397331 0.0388650 0.0365104 0.0366711 0.0381107 0.0373423 0.0374371 0.0349638 0.0365699 0.0365100 0.0335662 0.0342021 0.0365056 0.0342436 0.0349053 0.0357710 0.0303058 0.0295482 0.0295482 0.0341339 0.0349398 0.0334337 0.0358620 0.0334671 0.0341863 0.0333974 0.0349546 0.0349567 0.0349233 0.0334359 0.0342446 0.0326545 0.0341922 0.0311003 0.0333931 0.0318331 0.0334763 0.0318217 0.0333938 0.0334228 0.0318720 0.0326156 0.0325938 0.0330484 0.0325893 0.0312283 0.0318538 0.0302856 0.0302856 0.0297091 0.0295285 0.0295285 
KU188508.1_Symbiodinium_sp.                                        0.0686579 0.0626563 0.0356434 0.0334502 0.0318992 0.0136812 0.0114732 0.0078471 0.0100101 0.0071307 0.0078667 0.0000000 0.0085771 0.0078519 0.0064135 0.0056917 0.0056917 0.0064339 0.0071237 0.0064222 0.0049760 0.0064157 0.0056912 0.0042583 0.0042598 0.0049738 0.0035467 0.0035489 0.0028346 0.0042587 0.0028346 0.0028346 0.0028696 0.0035481 0.0035454 0.0035454 0.0036029 0.0390174 0.0351081 0.0350139 0.0342381 0.0342381 0.0332569 0.0327310 0.0334938 0.0334728 0.0326826 0.0326692 0.0326692 0.0330906 0.0242330 0.0249567 0.0309787 0.0241532 0.0294752 0.0275242 0.0389804 0.0413394 0.0389270 0.0364627 0.0411013 0.0412844 0.0397956 0.0420617 0.0413786 0.0404749 0.0405196 0.0411990 0.0413464 0.0421479 0.0412779 0.0395872 0.0389107 0.0342279 0.0341934 0.0358071 0.0358071 0.0365757 0.0373564 0.0364986 0.0341592 0.0343087 0.0357471 0.0349829 0.0350712 0.0326217 0.0342147 0.0341589 0.0312222 0.0334170 0.0341548 0.0334370 0.0325674 0.0334219 0.0295125 0.0302774 0.0302774 0.0318005 0.0325994 0.0310997 0.0335066 0.0311306 0.0318490 0.0310659 0.0326130 0.0326151 0.0325840 0.0311016 0.0319031 0.0303256 0.0318545 0.0287820 0.0310621 0.0295128 0.0311390 0.0295023 0.0310627 0.0310894 0.0295488 0.0302897 0.0302695 0.0306904 0.0302655 0.0289000 0.0295320 0.0279756 0.0279756 0.0273884 0.0272225 0.0272225 
AB055917.1_Symbiodinium_sp.                                        0.0720702 0.0617809 0.0355801 0.0357251 0.0341678 0.0107372 0.0085554 0.0107289 0.0071090 0.0100094 0.0107558 0.0085771 0.0000000 0.0049680 0.0035426 0.0028296 0.0028296 0.0093180 0.0099995 0.0093011 0.0078401 0.0092917 0.0085723 0.0071266 0.0071292 0.0064022 0.0064107 0.0064147 0.0056928 0.0056848 0.0056842 0.0056842 0.0057546 0.0049730 0.0049693 0.0049693 0.0043258 0.0413197 0.0373959 0.0372952 0.0365165 0.0365165 0.0347907 0.0342754 0.0357715 0.0357490 0.0349546 0.0349403 0.0349403 0.0353913 0.0272433 0.0279678 0.0324718 0.0271534 0.0309662 0.0290284 0.0412887 0.0436569 0.0412320 0.0379715 0.0426183 0.0404027 0.0389184 0.0411770 0.0404945 0.0395972 0.0411990 0.0418759 0.0420256 0.0436766 0.0419560 0.0411030 0.0404289 0.0357359 0.0356997 0.0357723 0.0357723 0.0372588 0.0364915 0.0380090 0.0356640 0.0358204 0.0372570 0.0364915 0.0365838 0.0341233 0.0357219 0.0356637 0.0327274 0.0349215 0.0356593 0.0349423 0.0340665 0.0349266 0.0310053 0.0317719 0.0317719 0.0332980 0.0341000 0.0325988 0.0350152 0.0326312 0.0333489 0.0325634 0.0341143 0.0341164 0.0340839 0.0326009 0.0334055 0.0318227 0.0333546 0.0318193 0.0325593 0.0310058 0.0326401 0.0309948 0.0325600 0.0325881 0.0310436 0.0317850 0.0317638 0.0322056 0.0317594 0.0303992 0.0310259 0.0294646 0.0294646 0.0288852 0.0287102 0.0287102 
AJ271757.1_Symbiodinium_sp.                                        0.0711866 0.0609308 0.0348041 0.0349351 0.0333813 0.0100081 0.0078321 0.0100005 0.0063897 0.0092822 0.0100254 0.0078519 0.0049680 0.0000000 0.0028303 0.0021193 0.0021193 0.0085898 0.0092730 0.0085743 0.0071180 0.0085656 0.0078476 0.0064055 0.0064078 0.0056833 0.0056908 0.0056944 0.0049745 0.0049676 0.0049671 0.0049671 0.0050285 0.0042569 0.0042537 0.0042537 0.0043227 0.0405157 0.0366001 0.0365017 0.0357247 0.0357247 0.0347666 0.0342514 0.0349805 0.0349586 0.0341662 0.0341522 0.0341522 0.0345926 0.0264722 0.0271961 0.0316925 0.0263850 0.0301895 0.0282467 0.0404853 0.0428486 0.0404298 0.0371787 0.0418168 0.0420030 0.0405156 0.0427802 0.0420988 0.0411931 0.0412385 0.0419161 0.0412859 0.0428678 0.0419964 0.0403035 0.0396288 0.0349457 0.0349104 0.0349813 0.0349813 0.0372939 0.0380747 0.0372153 0.0348755 0.0350282 0.0364643 0.0357003 0.0357904 0.0333380 0.0349321 0.0348752 0.0319416 0.0341339 0.0348710 0.0341543 0.0332826 0.0341389 0.0302276 0.0309926 0.0309926 0.0325157 0.0333152 0.0318163 0.0342254 0.0318479 0.0325653 0.0317818 0.0333292 0.0333313 0.0332996 0.0318183 0.0326205 0.0310420 0.0325708 0.0310386 0.0317778 0.0302281 0.0318565 0.0302173 0.0317785 0.0318058 0.0302649 0.0310053 0.0309846 0.0314151 0.0309804 0.0296188 0.0302476 0.0286904 0.0286904 0.0281075 0.0279374 0.0279374 
AB863030.1_Symbiodinium_sp.                                        0.0694794 0.0592839 0.0332320 0.0333905 0.0318423 0.0085639 0.0063973 0.0085574 0.0049614 0.0078410 0.0085788 0.0064135 0.0035426 0.0028303 0.0000000 0.0007046 0.0007046 0.0071461 0.0078332 0.0071332 0.0056848 0.0071260 0.0064100 0.0049737 0.0049755 0.0042553 0.0042609 0.0042636 0.0035473 0.0035423 0.0035420 0.0035420 0.0035857 0.0028332 0.0028311 0.0028311 0.0028769 0.0389473 0.0350451 0.0349513 0.0341769 0.0341769 0.0331965 0.0326711 0.0334339 0.0334130 0.0326242 0.0326109 0.0326109 0.0330308 0.0249585 0.0256818 0.0301667 0.0248764 0.0286676 0.0267137 0.0389182 0.0412733 0.0388649 0.0356301 0.0402539 0.0404327 0.0389472 0.0412076 0.0405246 0.0396265 0.0396700 0.0403493 0.0404933 0.0412917 0.0404264 0.0387438 0.0380675 0.0334007 0.0333671 0.0334346 0.0334346 0.0357400 0.0365182 0.0356650 0.0333339 0.0334792 0.0349154 0.0341537 0.0342396 0.0318014 0.0333878 0.0333336 0.0304030 0.0325934 0.0333296 0.0326129 0.0317487 0.0325982 0.0287037 0.0294661 0.0294661 0.0309843 0.0317797 0.0302842 0.0326806 0.0303141 0.0310314 0.0302513 0.0317930 0.0317950 0.0317648 0.0302860 0.0310839 0.0295128 0.0310367 0.0295096 0.0302476 0.0287041 0.0303223 0.0286939 0.0302482 0.0302741 0.0287390 0.0294780 0.0294584 0.0298670 0.0294545 0.0280892 0.0287226 0.0271724 0.0271724 0.0265821 0.0264215 0.0264215 
AB016579.1_Symbiodinium_sp.                                        0.0685636 0.0584098 0.0324203 0.0325927 0.0310488 0.0078376 0.0056774 0.0078317 0.0042458 0.0071167 0.0078512 0.0056917 0.0028296 0.0021193 0.0007046 0.0000000 0.0000010 0.0064212 0.0071097 0.0064096 0.0049662 0.0064031 0.0056886 0.0042563 0.0042578 0.0035404 0.0035451 0.0035473 0.0028333 0.0028293 0.0028290 0.0028290 0.0028639 0.0021215 0.0021199 0.0021199 0.0021541 0.0381324 0.0342406 0.0341491 0.0333768 0.0333768 0.0323857 0.0318557 0.0326350 0.0326147 0.0318284 0.0318154 0.0318154 0.0322244 0.0241837 0.0249060 0.0293812 0.0241043 0.0278854 0.0259275 0.0381040 0.0404528 0.0380520 0.0348283 0.0394408 0.0396155 0.0381323 0.0403885 0.0397053 0.0388119 0.0388544 0.0395341 0.0396747 0.0404708 0.0396094 0.0379336 0.0372571 0.0326027 0.0325700 0.0326357 0.0326357 0.0349355 0.0357116 0.0348623 0.0325376 0.0326792 0.0341141 0.0333542 0.0334379 0.0310091 0.0325902 0.0325374 0.0296109 0.0317984 0.0325335 0.0318174 0.0309578 0.0318031 0.0279206 0.0286809 0.0286809 0.0301954 0.0309880 0.0294955 0.0318833 0.0295245 0.0302412 0.0294635 0.0310009 0.0310028 0.0309734 0.0294972 0.0302922 0.0287262 0.0302463 0.0287232 0.0294599 0.0279208 0.0295324 0.0279109 0.0294605 0.0294857 0.0279548 0.0286925 0.0286734 0.0290705 0.0286696 0.0273037 0.0279389 0.0263935 0.0263935 0.0258000 0.0256443 0.0256443 
AB016572.1_Symbiodinium_sp.                                        0.0685636 0.0584098 0.0324203 0.0325927 0.0310488 0.0078376 0.0056774 0.0078317 0.0042458 0.0071167 0.0078512 0.0056917 0.0028296 0.0021193 0.0007046 0.0000010 0.0000000 0.0064212 0.0071097 0.0064096 0.0049662 0.0064031 0.0056886 0.0042563 0.0042578 0.0035404 0.0035451 0.0035473 0.0028333 0.0028293 0.0028290 0.0028290 0.0028639 0.0021215 0.0021199 0.0021199 0.0021541 0.0381324 0.0342406 0.0341491 0.0333768 0.0333768 0.0323857 0.0318557 0.0326350 0.0326147 0.0318284 0.0318154 0.0318154 0.0322244 0.0241837 0.0249060 0.0293812 0.0241043 0.0278854 0.0259275 0.0381040 0.0404528 0.0380520 0.0348283 0.0394408 0.0396155 0.0381323 0.0403885 0.0397053 0.0388119 0.0388544 0.0395341 0.0396747 0.0404708 0.0396094 0.0379336 0.0372571 0.0326027 0.0325700 0.0326357 0.0326357 0.0349355 0.0357116 0.0348623 0.0325376 0.0326792 0.0341141 0.0333542 0.0334379 0.0310091 0.0325902 0.0325374 0.0296109 0.0317984 0.0325335 0.0318174 0.0309578 0.0318031 0.0279206 0.0286809 0.0286809 0.0301954 0.0309880 0.0294955 0.0318833 0.0295245 0.0302412 0.0294635 0.0310009 0.0310028 0.0309734 0.0294972 0.0302922 0.0287262 0.0302463 0.0287232 0.0294599 0.0279208 0.0295324 0.0279109 0.0294605 0.0294857 0.0279548 0.0286925 0.0286734 0.0290705 0.0286696 0.0273037 0.0279389 0.0263935 0.0263935 0.0258000 0.0256443 0.0256443 
L13717.1_Symbiodinium_corculorum                                   0.0663410 0.0603330 0.0332948 0.0327521 0.0312003 0.0144421 0.0122258 0.0085846 0.0107553 0.0078659 0.0014194 0.0064339 0.0093180 0.0085898 0.0071461 0.0064212 0.0064212 0.0000000 0.0021263 0.0014199 0.0014166 0.0014185 0.0064303 0.0049894 0.0049912 0.0057002 0.0042744 0.0042771 0.0035585 0.0049824 0.0035531 0.0035531 0.0035972 0.0042696 0.0042664 0.0042664 0.0043358 0.0375459 0.0344090 0.0343166 0.0335403 0.0335403 0.0325468 0.0311982 0.0327949 0.0327744 0.0319840 0.0319708 0.0319708 0.0323839 0.0250394 0.0257649 0.0318081 0.0249568 0.0302995 0.0283507 0.0406352 0.0430076 0.0405793 0.0373153 0.0419709 0.0421585 0.0406657 0.0429387 0.0422551 0.0413454 0.0413912 0.0420710 0.0422221 0.0430270 0.0413530 0.0404520 0.0397752 0.0350742 0.0350386 0.0366601 0.0366601 0.0374314 0.0382152 0.0373522 0.0350035 0.0351572 0.0365984 0.0358315 0.0359223 0.0334601 0.0350605 0.0350032 0.0320590 0.0326996 0.0349989 0.0327392 0.0334043 0.0342642 0.0288141 0.0280578 0.0280578 0.0326345 0.0334372 0.0319328 0.0343513 0.0319645 0.0326845 0.0318980 0.0334513 0.0334533 0.0334214 0.0319348 0.0327401 0.0311555 0.0326901 0.0296055 0.0318940 0.0303383 0.0319732 0.0303275 0.0318946 0.0319222 0.0303754 0.0311185 0.0310977 0.0315313 0.0310935 0.0297273 0.0303580 0.0287949 0.0287949 0.0282104 0.0280390 0.0280390 
AB055918.1_Symbiodinium_sp.                                        0.0668660 0.0608706 0.0339240 0.0333732 0.0318259 0.0151104 0.0128992 0.0092674 0.0114320 0.0085509 0.0035452 0.0071237 0.0099995 0.0092730 0.0078332 0.0071097 0.0071097 0.0021263 0.0000000 0.0021225 0.0021176 0.0021203 0.0071197 0.0056823 0.0056843 0.0063904 0.0049694 0.0049725 0.0042553 0.0056743 0.0042489 0.0042489 0.0043014 0.0049639 0.0049602 0.0049602 0.0050406 0.0389268 0.0350269 0.0349331 0.0341591 0.0341591 0.0331790 0.0318388 0.0334165 0.0333957 0.0326074 0.0325940 0.0325940 0.0330135 0.0256821 0.0264047 0.0324286 0.0255977 0.0309251 0.0289894 0.0412332 0.0435981 0.0411767 0.0379208 0.0425614 0.0427510 0.0412640 0.0435286 0.0428486 0.0419401 0.0419864 0.0426624 0.0428153 0.0436178 0.0427442 0.0410480 0.0403747 0.0356881 0.0356520 0.0372696 0.0372696 0.0380384 0.0388198 0.0379582 0.0356164 0.0357724 0.0372072 0.0364427 0.0365347 0.0340778 0.0356742 0.0356160 0.0326836 0.0348748 0.0356117 0.0333600 0.0340211 0.0348800 0.0294450 0.0286911 0.0286911 0.0332537 0.0340545 0.0325553 0.0349683 0.0325876 0.0333044 0.0325200 0.0340688 0.0340709 0.0340385 0.0325574 0.0333609 0.0317803 0.0333101 0.0302346 0.0325159 0.0309646 0.0325965 0.0309535 0.0325166 0.0325446 0.0310023 0.0317427 0.0317215 0.0321621 0.0317172 0.0295996 0.0309846 0.0294254 0.0294254 0.0288466 0.0286720 0.0286720 
X62650.1_S.pilosum                                                 0.0662130 0.0602187 0.0332322 0.0326915 0.0311427 0.0144160 0.0122037 0.0085690 0.0107358 0.0078516 0.0028410 0.0064222 0.0093011 0.0085743 0.0071332 0.0064096 0.0064096 0.0014199 0.0021225 0.0000000 0.0014141 0.0014159 0.0064187 0.0049804 0.0049822 0.0056900 0.0042667 0.0042694 0.0035521 0.0049734 0.0035468 0.0035468 0.0035906 0.0042620 0.0042588 0.0042588 0.0043279 0.0382496 0.0343451 0.0342531 0.0334782 0.0334782 0.0324856 0.0311392 0.0327342 0.0327137 0.0319249 0.0319118 0.0319118 0.0323233 0.0249934 0.0257177 0.0317496 0.0249111 0.0302438 0.0282980 0.0405596 0.0429274 0.0405039 0.0372463 0.0418932 0.0420801 0.0405900 0.0428588 0.0421763 0.0412686 0.0413142 0.0419928 0.0421434 0.0429467 0.0420735 0.0403771 0.0397013 0.0350092 0.0349738 0.0365921 0.0365921 0.0373620 0.0381443 0.0372831 0.0349388 0.0350920 0.0365307 0.0357652 0.0358556 0.0333984 0.0349956 0.0349385 0.0319996 0.0341958 0.0349343 0.0326787 0.0333427 0.0342009 0.0287612 0.0280062 0.0280062 0.0325744 0.0333755 0.0318739 0.0342877 0.0319055 0.0326242 0.0318392 0.0333896 0.0333916 0.0333598 0.0318758 0.0326796 0.0310980 0.0326298 0.0295511 0.0318352 0.0302825 0.0319142 0.0302717 0.0318359 0.0318633 0.0303195 0.0310612 0.0310405 0.0314725 0.0310363 0.0296724 0.0303022 0.0287420 0.0287420 0.0281583 0.0279876 0.0279876 
AB016723.1_Symbiodinium_sp.                                        0.0660377 0.0600630 0.0331491 0.0310812 0.0295417 0.0129241 0.0107257 0.0071136 0.0092689 0.0063996 0.0028344 0.0049760 0.0078401 0.0071180 0.0056848 0.0049662 0.0049662 0.0014166 0.0021176 0.0014141 0.0000000 0.0014127 0.0049733 0.0035439 0.0035452 0.0042512 0.0028336 0.0028354 0.0021231 0.0035389 0.0021200 0.0021200 0.0021461 0.0028305 0.0028284 0.0028284 0.0028741 0.0381543 0.0342601 0.0341685 0.0333957 0.0333957 0.0324044 0.0310610 0.0326535 0.0326332 0.0318464 0.0318334 0.0318334 0.0322428 0.0234306 0.0241526 0.0301533 0.0233537 0.0286549 0.0267018 0.0389007 0.0412546 0.0388475 0.0356142 0.0402359 0.0404144 0.0389296 0.0411890 0.0405063 0.0396086 0.0396521 0.0403312 0.0404750 0.0412730 0.0404082 0.0387264 0.0380504 0.0333858 0.0333522 0.0349583 0.0349583 0.0357240 0.0365018 0.0356490 0.0333190 0.0334643 0.0348998 0.0341384 0.0342243 0.0317873 0.0333730 0.0333188 0.0303895 0.0325789 0.0333148 0.0310693 0.0317346 0.0325837 0.0271785 0.0279380 0.0279380 0.0309706 0.0317656 0.0302708 0.0326660 0.0303006 0.0310177 0.0302379 0.0317789 0.0317809 0.0317507 0.0302726 0.0310701 0.0294997 0.0310229 0.0279624 0.0302342 0.0286914 0.0303088 0.0286812 0.0302348 0.0302607 0.0287263 0.0294650 0.0294454 0.0298536 0.0294415 0.0280768 0.0287099 0.0271604 0.0271604 0.0265704 0.0264099 0.0264099 
AB016724.1_Symbiodinium_sp.                                        0.0661403 0.0601538 0.0331968 0.0326572 0.0311101 0.0144012 0.0121912 0.0085604 0.0107249 0.0078437 0.0028381 0.0064157 0.0092917 0.0085656 0.0071260 0.0064031 0.0064031 0.0014185 0.0021203 0.0014159 0.0014127 0.0000000 0.0064122 0.0049754 0.0049772 0.0056842 0.0042624 0.0042651 0.0035485 0.0049684 0.0035432 0.0035432 0.0035869 0.0042577 0.0042545 0.0042545 0.0043235 0.0382092 0.0343089 0.0342171 0.0334431 0.0334431 0.0324510 0.0311058 0.0326998 0.0326794 0.0318914 0.0318783 0.0318783 0.0322890 0.0249674 0.0256909 0.0317165 0.0248853 0.0302123 0.0282682 0.0405167 0.0428820 0.0404612 0.0372072 0.0418491 0.0420356 0.0405470 0.0428135 0.0421316 0.0412250 0.0412705 0.0419486 0.0420988 0.0429013 0.0420290 0.0403346 0.0396595 0.0349725 0.0349371 0.0365536 0.0365536 0.0373226 0.0381041 0.0372439 0.0349022 0.0350551 0.0364923 0.0357276 0.0358179 0.0333634 0.0349589 0.0349019 0.0319660 0.0341600 0.0348977 0.0326445 0.0333079 0.0341650 0.0287312 0.0279770 0.0279770 0.0325404 0.0333406 0.0318405 0.0342516 0.0318721 0.0325901 0.0318059 0.0333546 0.0333567 0.0333249 0.0318425 0.0326453 0.0310655 0.0325956 0.0295202 0.0318019 0.0302509 0.0318807 0.0302401 0.0318026 0.0318300 0.0302878 0.0310288 0.0310081 0.0314392 0.0310039 0.0296413 0.0302705 0.0287121 0.0287121 0.0281288 0.0279584 0.0279584 
KU188515.1_Symbiodinium_sp.                                        0.0686119 0.0626155 0.0356214 0.0334300 0.0318801 0.0136734 0.0114668 0.0078428 0.0100045 0.0071268 0.0078623 0.0056912 0.0085723 0.0078476 0.0064100 0.0056886 0.0056886 0.0064303 0.0071197 0.0064187 0.0049733 0.0064122 0.0000000 0.0042559 0.0042575 0.0049710 0.0035448 0.0035470 0.0028330 0.0042564 0.0028330 0.0028330 0.0028680 0.0035461 0.0035435 0.0035435 0.0028781 0.0389935 0.0350868 0.0349927 0.0342174 0.0342174 0.0324514 0.0319207 0.0334735 0.0334526 0.0326629 0.0326495 0.0326495 0.0330704 0.0242187 0.0249420 0.0309602 0.0241390 0.0294577 0.0275077 0.0397414 0.0421030 0.0396870 0.0364406 0.0410761 0.0412590 0.0397711 0.0420358 0.0413530 0.0404501 0.0404947 0.0411737 0.0413210 0.0421219 0.0412525 0.0395630 0.0388869 0.0342072 0.0341727 0.0357854 0.0357854 0.0365534 0.0373337 0.0364764 0.0341386 0.0342879 0.0357254 0.0349617 0.0350499 0.0326021 0.0341940 0.0341383 0.0312034 0.0333968 0.0341342 0.0334168 0.0325479 0.0334017 0.0294949 0.0302593 0.0302593 0.0317815 0.0325798 0.0310811 0.0334863 0.0311119 0.0318299 0.0310473 0.0325934 0.0325955 0.0325645 0.0310830 0.0318839 0.0303074 0.0318353 0.0287648 0.0310435 0.0294953 0.0311203 0.0294847 0.0310441 0.0310708 0.0295312 0.0302716 0.0302515 0.0306718 0.0302474 0.0288827 0.0295144 0.0279590 0.0279590 0.0273720 0.0272063 0.0272063 
KU188511.1_Symbiodinium_sp.                                        0.0668590 0.0609133 0.0340191 0.0318647 0.0303217 0.0122045 0.0100096 0.0064016 0.0085549 0.0056879 0.0064175 0.0042583 0.0071266 0.0064055 0.0049737 0.0042563 0.0042563 0.0049894 0.0056823 0.0049804 0.0035439 0.0049754 0.0042559 0.0000000 0.0028316 0.0035423 0.0021218 0.0021231 0.0014132 0.0028308 0.0014132 0.0014132 0.0014306 0.0021226 0.0021210 0.0021210 0.0021552 0.0373999 0.0335098 0.0334203 0.0326483 0.0326483 0.0316456 0.0311101 0.0319063 0.0318864 0.0311009 0.0310881 0.0310881 0.0314880 0.0226951 0.0234172 0.0294134 0.0226206 0.0279159 0.0259562 0.0381461 0.0404976 0.0380940 0.0348666 0.0394842 0.0396593 0.0381745 0.0404331 0.0397493 0.0388548 0.0388974 0.0395777 0.0397186 0.0405156 0.0396531 0.0379754 0.0372982 0.0326386 0.0326058 0.0342089 0.0342089 0.0349740 0.0357510 0.0349007 0.0325734 0.0327152 0.0341517 0.0333909 0.0327105 0.0310432 0.0326261 0.0325732 0.0296435 0.0318334 0.0325692 0.0318524 0.0309917 0.0318381 0.0279512 0.0287123 0.0287123 0.0302285 0.0310220 0.0295279 0.0319185 0.0295570 0.0302744 0.0294958 0.0310349 0.0310369 0.0310074 0.0295296 0.0303256 0.0287577 0.0302795 0.0272224 0.0294922 0.0279514 0.0295649 0.0279415 0.0294928 0.0295180 0.0279854 0.0287239 0.0287048 0.0291028 0.0287011 0.0273337 0.0279695 0.0264224 0.0264224 0.0258284 0.0256724 0.0256724 
KU188514.1_Symbiodinium_sp.                                        0.0668892 0.0609400 0.0340331 0.0318775 0.0303339 0.0122091 0.0100132 0.0064039 0.0085581 0.0056899 0.0064198 0.0042598 0.0071292 0.0064078 0.0049755 0.0042578 0.0042578 0.0049912 0.0056843 0.0049822 0.0035452 0.0049772 0.0042575 0.0028316 0.0000000 0.0035436 0.0021226 0.0021239 0.0014137 0.0028319 0.0014137 0.0014137 0.0014311 0.0021234 0.0021218 0.0021218 0.0021552 0.0374152 0.0335234 0.0334338 0.0326615 0.0326615 0.0316586 0.0311229 0.0319191 0.0318992 0.0311133 0.0311006 0.0311006 0.0315008 0.0227039 0.0234264 0.0294251 0.0226294 0.0279269 0.0259665 0.0381618 0.0405143 0.0381096 0.0348807 0.0395004 0.0396756 0.0381902 0.0404498 0.0397656 0.0388707 0.0389133 0.0395939 0.0397350 0.0405323 0.0396694 0.0379909 0.0373134 0.0326518 0.0326189 0.0342227 0.0342227 0.0349882 0.0357655 0.0349148 0.0325865 0.0327284 0.0341655 0.0334044 0.0334884 0.0310556 0.0326392 0.0325862 0.0296554 0.0318462 0.0325823 0.0318652 0.0310041 0.0318508 0.0279622 0.0287237 0.0287237 0.0302406 0.0310344 0.0295397 0.0319313 0.0295688 0.0302865 0.0295076 0.0310473 0.0310493 0.0310198 0.0295413 0.0303377 0.0287692 0.0302916 0.0272332 0.0295040 0.0279625 0.0295767 0.0279526 0.0295045 0.0295298 0.0279965 0.0287353 0.0287162 0.0291145 0.0287124 0.0273446 0.0279806 0.0264328 0.0264328 0.0258386 0.0256825 0.0256825 
AF238256.1_Symbiodinium_sp._Type_A                                 0.0676808 0.0600334 0.0332009 0.0325956 0.0310516 0.0114654 0.0092775 0.0071104 0.0078276 0.0063967 0.0071281 0.0049738 0.0064022 0.0056833 0.0042553 0.0035404 0.0035404 0.0057002 0.0063904 0.0056900 0.0042512 0.0056842 0.0049710 0.0035423 0.0035436 0.0000000 0.0028324 0.0028341 0.0021222 0.0021192 0.0021190 0.0021190 0.0021451 0.0014125 0.0014114 0.0014114 0.0014340 0.0381361 0.0342438 0.0341523 0.0333799 0.0333799 0.0323888 0.0318586 0.0326380 0.0326177 0.0318313 0.0318183 0.0318183 0.0322274 0.0234196 0.0241413 0.0301392 0.0233428 0.0286415 0.0266892 0.0388821 0.0412349 0.0388289 0.0355973 0.0402167 0.0403951 0.0389110 0.0411693 0.0404868 0.0395897 0.0396332 0.0403119 0.0404556 0.0412532 0.0403888 0.0387080 0.0380323 0.0333700 0.0333364 0.0349417 0.0349417 0.0357071 0.0364845 0.0356321 0.0333033 0.0334484 0.0348833 0.0341222 0.0342080 0.0317723 0.0333571 0.0333030 0.0303751 0.0325635 0.0332990 0.0325829 0.0317196 0.0325683 0.0286776 0.0294392 0.0294392 0.0309560 0.0317506 0.0302565 0.0326505 0.0302863 0.0310030 0.0302237 0.0317639 0.0317658 0.0317357 0.0302583 0.0310554 0.0294858 0.0310083 0.0279493 0.0302200 0.0286779 0.0302945 0.0286677 0.0302206 0.0302465 0.0287128 0.0294511 0.0294315 0.0298394 0.0294276 0.0280635 0.0286964 0.0271477 0.0271477 0.0265578 0.0263975 0.0263975 
KU188513.1_Symbiodinium_sp.                                        0.0660414 0.0601144 0.0332462 0.0311081 0.0295673 0.0114807 0.0092898 0.0056873 0.0078380 0.0049743 0.0057015 0.0035467 0.0064107 0.0056908 0.0042609 0.0035451 0.0035451 0.0042744 0.0049694 0.0042667 0.0028336 0.0042624 0.0035448 0.0021218 0.0021226 0.0028324 0.0000000 0.0014147 0.0007056 0.0021220 0.0007056 0.0007056 0.0007149 0.0014143 0.0014133 0.0014133 0.0014361 0.0366339 0.0327488 0.0326615 0.0318905 0.0318905 0.0308765 0.0303359 0.0311487 0.0311294 0.0303452 0.0303328 0.0303328 0.0307228 0.0219519 0.0226740 0.0286638 0.0218799 0.0271677 0.0252019 0.0373798 0.0397283 0.0373287 0.0341081 0.0387205 0.0388920 0.0374076 0.0396651 0.0389801 0.0380890 0.0381307 0.0388121 0.0389502 0.0397459 0.0388860 0.0372126 0.0365343 0.0318810 0.0318490 0.0334486 0.0334486 0.0342129 0.0349889 0.0341413 0.0318173 0.0319557 0.0333927 0.0326328 0.0327147 0.0302890 0.0318688 0.0318171 0.0288879 0.0310777 0.0318133 0.0310963 0.0302389 0.0310822 0.0272020 0.0279622 0.0279622 0.0294766 0.0302684 0.0287753 0.0311606 0.0288036 0.0295213 0.0287441 0.0302809 0.0302828 0.0302541 0.0287769 0.0295711 0.0280063 0.0295262 0.0264734 0.0287406 0.0272022 0.0288114 0.0271926 0.0287411 0.0287657 0.0272354 0.0279735 0.0279549 0.0283423 0.0279512 0.0265816 0.0272198 0.0256755 0.0256755 0.0250777 0.0249264 0.0249264 
KU188510.1_Symbiodinium_sp.                                        0.0660910 0.0601583 0.0332693 0.0311293 0.0295873 0.0114880 0.0092957 0.0056909 0.0078429 0.0049774 0.0057050 0.0035489 0.0064147 0.0056944 0.0042636 0.0035473 0.0035473 0.0042771 0.0049725 0.0042694 0.0028354 0.0042651 0.0035470 0.0021231 0.0021239 0.0028341 0.0014147 0.0000000 0.0007066 0.0021233 0.0007066 0.0007066 0.0007154 0.0014152 0.0014142 0.0014142 0.0014361 0.0366592 0.0327712 0.0326837 0.0319122 0.0319122 0.0308978 0.0303570 0.0311699 0.0311505 0.0303658 0.0303534 0.0303534 0.0307439 0.0219664 0.0226890 0.0286831 0.0218943 0.0271859 0.0252189 0.0374056 0.0397558 0.0373545 0.0341313 0.0387472 0.0389189 0.0374335 0.0396926 0.0390072 0.0381153 0.0381570 0.0388389 0.0389772 0.0397735 0.0389129 0.0372382 0.0365595 0.0319027 0.0318706 0.0334715 0.0334715 0.0342363 0.0350129 0.0341646 0.0318389 0.0319775 0.0334155 0.0326550 0.0327370 0.0303095 0.0318905 0.0318387 0.0289075 0.0310987 0.0318349 0.0311174 0.0302593 0.0311033 0.0272203 0.0279810 0.0279810 0.0294965 0.0302889 0.0287948 0.0311818 0.0288231 0.0295412 0.0287634 0.0303014 0.0303033 0.0302746 0.0287964 0.0295911 0.0280252 0.0295462 0.0264911 0.0287600 0.0272205 0.0288308 0.0272109 0.0287605 0.0287851 0.0272536 0.0279923 0.0279737 0.0283616 0.0279700 0.0265995 0.0272381 0.0256927 0.0256927 0.0250946 0.0249430 0.0249430 
KU188509.1_Symbiodinium_sp.                                        0.0651847 0.0592812 0.0324566 0.0303363 0.0287986 0.0107515 0.0085668 0.0049715 0.0071184 0.0042595 0.0049839 0.0028346 0.0056928 0.0049745 0.0035473 0.0028333 0.0028333 0.0035585 0.0042553 0.0035521 0.0021231 0.0035485 0.0028330 0.0014132 0.0014137 0.0021222 0.0007056 0.0007066 0.0000000 0.0014133 0.0000010 0.0000010 0.0000010 0.0007060 0.0007056 0.0007056 0.0007177 0.0358492 0.0319716 0.0318864 0.0311169 0.0311169 0.0300921 0.0295465 0.0303758 0.0303570 0.0295748 0.0295627 0.0295627 0.0299425 0.0211986 0.0219203 0.0279005 0.0211292 0.0264066 0.0244356 0.0365944 0.0389384 0.0365445 0.0333325 0.0379370 0.0381047 0.0366216 0.0388765 0.0381909 0.0373037 0.0373444 0.0380266 0.0381616 0.0389556 0.0380989 0.0364310 0.0357520 0.0311076 0.0310764 0.0326717 0.0326717 0.0334347 0.0342092 0.0333648 0.0310456 0.0311804 0.0326171 0.0318584 0.0319383 0.0295201 0.0310957 0.0310454 0.0281182 0.0303067 0.0310417 0.0303248 0.0294713 0.0303111 0.0264400 0.0271987 0.0271987 0.0287104 0.0295000 0.0280089 0.0303875 0.0280364 0.0287539 0.0279785 0.0295122 0.0295141 0.0294861 0.0280104 0.0288023 0.0272415 0.0287587 0.0257118 0.0279751 0.0264401 0.0280439 0.0264308 0.0279756 0.0279995 0.0264723 0.0272096 0.0271915 0.0275680 0.0271880 0.0258168 0.0264572 0.0249166 0.0249166 0.0243153 0.0241687 0.0241687 
